system:Weave
schedule_strategy:BN-SRSF
node_kind:4*3090
model_kind:all_model
MPS:False
Sync:False
overshared_factor:3
gpu_mem_percent:0.9
job_come_time_factor:1\job_duration_time_factor:1
job_ddl_factor:10
job_num:100
schedule_interval:10
makespan_real:3513.1413140296936
job_come_num:100
succeed_job_num:100
failed_job_num:0
queue:[100, 76, 76, 76, 76, 76, 76, 76, 76, 76, 74, 73, 73, 73, 68, 68, 68, 68, 68, 68, 68, 68, 67, 67, 67, 67, 67, 67, 67, 67, 62, 62, 62, 62, 62, 62, 62, 62, 62, 58, 58, 58, 58, 58, 56, 56, 56, 56, 54, 54, 54, 54, 54, 54, 54, 54, 51, 51, 51, 51, 51, 51, 51, 51, 46, 46, 46, 46, 46, 46, 46, 46, 46, 46, 46, 46, 46, 46, 46, 46, 46, 46, 46, 46, 43, 43, 43, 43, 43, 43, 43, 43, 41, 41, 41, 41, 41, 41, 41, 41, 38, 38, 38, 38, 38, 38, 38, 38, 38, 37, 36, 36, 36, 36, 36, 36, 36, 36, 36, 36, 36, 36, 36, 36, 36, 36, 36, 36, 35, 35, 35, 33, 32, 31, 31, 31, 31, 31, 31, 31, 31, 31, 30, 30, 30, 30, 30, 30, 30, 30, 30, 30, 30, 30, 30, 30, 28, 28, 28, 28, 28, 28, 26, 26, 25, 25, 25, 25, 25, 25, 25, 22, 22, 22, 22, 21, 20, 20, 20, 20, 20, 17, 17, 17, 16, 16, 16, 14, 14, 14, 13, 13, 13, 13, 13, 13, 13, 13, 13, 13, 13, 13, 13, 12, 12, 12, 12, 12, 12, 12, 11, 11, 11, 11, 10, 10, 10, 10, 10, 10, 10, 10, 8, 8, 8, 8, 8, 8, 8, 8, 7, 7, 7, 7, 7, 7, 7, 7, 7, 7, 7, 5, 5, 5, 5, 2, 2, 1, 1, 1, 1, 1]
job_wait_time_list:[10.108773231506348, 10.096780061721802, 10.082901239395142, 10.090183973312378, 10.100357055664062, 10.108626365661621, 10.114561796188354, 10.115426301956177, 10.123417377471924, 140.32314276695251, 140.33823680877686, 10.110166072845459, 140.32352256774902, 110.29249262809753, 10.116323232650757, 10.101017475128174, 10.101799726486206, 220.39579010009766, 10.10001277923584, 300.56530356407166, 10.116844654083252, 10.114717483520508, 390.64546275138855, 10.119861841201782, 10.10615611076355, 10.099374771118164, 100.25122117996216, 440.68491888046265, 480.7315034866333, 140.33175683021545, 560.8170890808105, 10.104413509368896, 440.69491934776306, 300.5501220226288, 560.7944715023041, 841.0843710899353, 10.118448972702026, 560.7997784614563, 640.8805620670319, 10.102881669998169, 10.097525835037231, 390.6482050418854, 480.73461294174194, 921.1662726402283, 300.5553479194641, 921.1579468250275, 390.6333293914795, 1001.2245440483093, 1001.2357797622681, 300.5434339046478, 10.119409084320068, 390.6316816806793, 1001.217357635498, 1311.5040972232819, 1311.512773513794, 640.8821702003479, 1321.526351928711, 1331.525179862976, 640.872918844223, 1421.6078834533691, 841.069456577301, 1091.3071789741516, 1101.3145444393158, 1561.730617761612, 1281.4810392856598, 140.34637928009033, 300.5513255596161, 841.0608320236206, 1621.8009994029999, 1621.7885932922363, 640.880740404129, 1561.725525856018, 1641.8151082992554, 1811.9907975196838, 1842.021968126297, 100.26652693748474, 1902.094787120819, 1761.9251201152802, 1711.8803415298462, 1751.921915769577, 640.8696908950806, 1711.8804862499237, 1711.8821766376495, 2032.2131934165955, 1872.054613828659, 1872.0492742061615, 2102.2824563980103, 2142.3151450157166, 2452.626357793808, 2452.62229347229, 1811.9843862056732, 1811.9789307117462, 2472.656620979309, 2522.6984333992004, 2302.488641023636, 2412.5850994586945, 2222.3992507457733, 2452.6230521202087, 2222.4019322395325, 2412.577287197113]
job_complete_time_list:[92.81230354309082, 97.6524109840393, 109.38073325157166, 111.97712469100952, 114.57072329521179, 131.1067361831665, 136.25172662734985, 136.33111262321472, 199.6938397884369, 214.8273572921753, 223.67966961860657, 256.22103691101074, 293.72723841667175, 295.3120086193085, 345.33306789398193, 364.36380648612976, 375.85459327697754, 381.4687502384186, 399.4250283241272, 403.8848283290863, 437.7809009552002, 475.7358617782593, 479.5082995891571, 532.9121913909912, 538.4533886909485, 550.4599385261536, 550.9275238513947, 559.527526140213, 576.438924074173, 623.3011960983276, 627.8798415660858, 634.5891404151917, 691.6731898784637, 837.994115114212, 867.9816043376923, 920.5136086940765, 923.5479550361633, 929.5294733047485, 992.5539252758026, 1025.188794374466, 1052.4289648532867, 1083.3997764587402, 1094.4238476753235, 1186.6907579898834, 1220.6415538787842, 1281.0488667488098, 1303.6736989021301, 1310.2978081703186, 1315.917091369629, 1328.0477979183197, 1356.99653673172, 1416.812664270401, 1434.0732262134552, 1537.713392496109, 1557.454380273819, 1595.0685880184174, 1615.530155658722, 1640.396942615509, 1695.8078696727753, 1706.9694364070892, 1727.3754703998566, 1741.973803281784, 1757.7533147335052, 1802.8243651390076, 1809.9461162090302, 1814.7103266716003, 1823.1619699001312, 1835.6158649921417, 1851.1583666801453, 1865.5801906585693, 1898.5997784137726, 1994.3723855018616, 2031.1783440113068, 2101.35427069664, 2139.913595199585, 2214.5007739067078, 2301.3733608722687, 2327.6635477542877, 2382.055276632309, 2407.7312304973602, 2408.2128365039825, 2443.9573616981506, 2451.465576648712, 2470.7271659374237, 2485.2946603298187, 2516.1863803863525, 2606.184765815735, 2638.2049622535706, 2725.5633869171143, 2751.5626895427704, 2826.1276473999023, 2838.755263566971, 3030.063393831253, 3060.040303707123, 3223.455168247223, 3375.7593364715576, 3423.645775079727, 3424.663527727127, 3465.031991958618, 3509.1499371528625]
ali_trace_job_info_file_name:ali_trace_job_info_long.csv
model_info_file_name:Full_model_info_12_27_21_27_41.txt
analyze_file_name:Analyzer-NVIDIA_GeForce_RTX_2080-tim_12_19_16_38_14.csv
model_time_file_name:Muri_Analyzer-NVIDIA_GeForce_RTX_2080_Ti-tim_12_26_15_24_41.csv
job wait time: size-100, 	mean-885.96, 	min-10.08, 	max-2522.7, 	percentile50-640.87, 	percentile90-2150.32, 	percentile95-2414.59
job complete time(JCT): size-100, 	mean-1436.97, 	min-92.81, 	max-3509.15, 	percentile50-1342.52, 	percentile90-2759.02, 	percentile95-3231.07


