system:Muri
schedule_strategy:FIFO
node_kind:4*3090
model_kind:all_model
MPS:False
Sync:False
overshared_factor:1
gpu_mem_percent:0.9
job_come_time_factor:1\job_duration_time_factor:1
job_ddl_factor:10
job_num:100
schedule_interval:10
makespan_real:3403.246116399765
job_come_num:100
succeed_job_num:100
failed_job_num:0
queue:[100, 84, 84, 84, 84, 84, 84, 84, 84, 84, 84, 84, 84, 84, 84, 84, 84, 84, 84, 84, 84, 84, 84, 80, 80, 80, 80, 80, 80, 80, 80, 80, 80, 80, 80, 76, 76, 76, 76, 76, 76, 76, 72, 72, 72, 72, 72, 72, 72, 72, 68, 68, 68, 68, 68, 68, 68, 68, 68, 68, 68, 68, 68, 68, 64, 64, 64, 64, 64, 64, 64, 64, 64, 64, 64, 64, 60, 60, 60, 60, 60, 60, 60, 60, 60, 60, 60, 60, 60, 60, 60, 60, 60, 60, 60, 56, 56, 56, 56, 56, 52, 52, 48, 48, 48, 48, 48, 48, 48, 48, 48, 48, 48, 48, 48, 48, 48, 48, 48, 48, 48, 48, 48, 48, 48, 44, 44, 44, 44, 44, 44, 44, 44, 44, 44, 44, 44, 44, 44, 44, 44, 44, 44, 44, 44, 44, 44, 44, 44, 44, 44, 44, 44, 40, 40, 36, 36, 36, 36, 36, 32, 32, 32, 32, 32, 32, 32, 32, 32, 32, 32, 32, 32, 32, 28, 28, 28, 28, 28, 28, 28, 28, 28, 28, 28, 28, 28, 28, 28, 28, 28, 28, 28, 28, 28, 28, 28, 28, 28, 28, 28, 28, 28, 28, 28, 28, 28, 28, 28, 28, 28, 28, 28, 28, 28, 28, 28, 24, 24, 24, 24, 20, 20, 20, 20, 20, 20, 20, 20, 20, 20, 20, 20, 20, 20, 16, 16, 16, 16, 16, 16, 16, 16, 16, 16, 16, 16, 16, 16, 16, 16, 16, 16, 16, 16, 16, 16, 16, 16, 12, 12, 12, 12, 12, 12, 12, 12, 12, 12, 8, 8, 8, 8, 8, 8, 8, 8, 8, 8, 8, 8, 8, 8, 8, 8, 8, 8, 4, 4, 4, 4]
job_wait_time_list:[12.109999895095825, 12.125266551971436, 12.130950450897217, 12.119229793548584, 12.133158445358276, 12.124289512634277, 12.103679656982422, 12.115257263183594, 12.127620935440063, 12.13200068473816, 12.11008334159851, 12.113093376159668, 352.4757409095764, 12.104576349258423, 352.47618436813354, 12.1265389919281, 12.124433517456055, 12.112733602523804, 352.48324513435364, 502.6672623157501, 352.4974775314331, 422.59122014045715, 422.5911786556244, 422.59330773353577, 642.8242812156677, 642.8262808322906, 422.591557264328, 232.36178493499756, 232.3718228340149, 642.8058381080627, 642.8231551647186, 502.67223143577576, 232.35065269470215, 232.34998846054077, 502.68947863578796, 502.6780107021332, 762.9305064678192, 762.9361999034882, 953.1100580692291, 1003.1461045742035, 762.9242951869965, 762.9242417812347, 1023.1919209957123, 1003.1624612808228, 1003.1601998806, 1023.1900796890259, 1023.1898784637451, 953.1147222518921, 953.1115038394928, 1003.1503655910492, 1253.4043989181519, 953.1086809635162, 1023.1874477863312, 1253.4036552906036, 1253.4147782325745, 1253.4017210006714, 1533.6648426055908, 1533.6648118495941, 1553.668060541153, 1553.6855142116547, 1553.6670534610748, 1533.6639428138733, 1533.6639726161957, 1553.6827266216278, 1603.730929851532, 1603.7278649806976, 2174.2590482234955, 2174.249137401581, 1603.7397377490997, 1603.732204914093, 2174.251957178116, 2354.42827296257, 2354.4289355278015, 2174.256514072418, 1743.8543224334717, 1743.865075826645, 1743.8535706996918, 1743.8626823425293, 2354.4392817020416, 2214.2992203235626, 2354.4343247413635, 2214.3072576522827, 2214.3100163936615, 2214.3000824451447, 2594.6430716514587, 2874.894427537918, 2694.7443373203278, 2594.64484333992, 2914.9308309555054, 2874.8981573581696, 2694.7323875427246, 2874.8985617160797, 2914.9359397888184, 2594.6522924900055, 2594.649162530899, 2914.9311640262604, 2874.8966200351715, 2694.7344024181366, 2694.740218639374, 2914.9316840171814]
job_complete_time_list:[123.6039514541626, 132.06733322143555, 138.97827863693237, 139.09565901756287, 188.84607028961182, 199.6433300971985, 207.55209398269653, 215.8999228477478, 222.98397588729858, 227.93748116493225, 245.81549382209778, 349.24773955345154, 413.53819370269775, 416.8043451309204, 421.39731645584106, 438.5077323913574, 442.6609745025635, 496.748703956604, 537.5359048843384, 631.3128430843353, 641.3323776721954, 645.3709719181061, 712.1194400787354, 730.9992265701294, 748.2150382995605, 760.1250929832458, 761.5891234874725, 772.828450679779, 773.084992647171, 887.2569589614868, 944.1470124721527, 944.4621822834015, 1000.002822637558, 1000.1254935264587, 1007.2718441486359, 1016.8636238574982, 1073.9496264457703, 1087.1343522071838, 1118.9700667858124, 1194.3777379989624, 1210.945496559143, 1251.075500011444, 1314.1432316303253, 1341.8601772785187, 1364.4583580493927, 1453.3156480789185, 1498.8869488239288, 1518.9619507789612, 1519.0978467464447, 1526.078840970993, 1551.6591877937317, 1553.4333138465881, 1600.6288523674011, 1727.0734221935272, 1742.1431126594543, 1742.2834458351135, 1882.4400548934937, 2059.070871591568, 2062.4354474544525, 2062.709214448929, 2126.6872119903564, 2138.2016594409943, 2172.6439270973206, 2212.551837682724, 2265.1233835220337, 2265.237916469574, 2339.1181769371033, 2339.8768525123596, 2345.404867172241, 2345.6403114795685, 2473.910634994507, 2499.101284265518, 2574.9624919891357, 2584.8748931884766, 2691.9024238586426, 2692.634423971176, 2692.66192650795, 2692.9091625213623, 2832.466028690338, 2856.016552209854, 2873.2979917526245, 2904.104562997818, 2904.3187413215637, 2911.9375858306885, 2918.6527371406555, 2970.3215358257294, 2979.2156558036804, 3111.591901779175, 3118.8682222366333, 3164.4431443214417, 3174.291486263275, 3189.436492919922, 3226.99524474144, 3259.01078915596, 3286.6855261325836, 3299.975553035736, 3334.4917945861816, 3394.1094415187836, 3394.135201215744, 3399.4835789203644]
ali_trace_job_info_file_name:ali_trace_job_info_long.csv
model_info_file_name:Full_model_info_12_27_21_27_41.txt
analyze_file_name:Analyzer-NVIDIA_GeForce_RTX_2080-tim_12_19_16_38_14.csv
model_time_file_name:Muri_Analyzer-NVIDIA_GeForce_RTX_2080_Ti-tim_12_26_15_24_41.csv
job wait time: size-100, 	mean-1258.17, 	min-12.1, 	max-2914.94, 	percentile50-1023.19, 	percentile90-2694.73, 	percentile95-2874.9
job complete time(JCT): size-100, 	mean-1679.5, 	min-123.6, 	max-3399.48, 	percentile50-1538.87, 	percentile90-3165.43, 	percentile95-3287.35


