system:Normal
schedule_strategy:FIFO
node_kind:4*3090
model_kind:all_model
MPS:False
Sync:False
overshared_factor:1
gpu_mem_percent:0.9
job_come_time_factor:1\job_duration_time_factor:1
job_ddl_factor:10
job_num:100
schedule_interval:10
makespan_real:3653.51336312294
job_come_num:100
succeed_job_num:100
failed_job_num:0
queue:[100, 96, 96, 96, 96, 96, 96, 96, 95, 95, 93, 93, 92, 92, 92, 92, 91, 90, 90, 90, 90, 90, 89, 89, 87, 87, 87, 87, 87, 85, 85, 85, 84, 84, 83, 83, 83, 83, 81, 81, 81, 81, 81, 80, 80, 80, 80, 78, 77, 77, 77, 77, 77, 77, 76, 75, 75, 75, 74, 74, 74, 74, 74, 74, 74, 73, 73, 73, 73, 73, 73, 73, 72, 71, 71, 71, 71, 71, 71, 69, 69, 69, 69, 69, 69, 69, 69, 69, 68, 68, 68, 68, 67, 67, 67, 65, 65, 65, 65, 65, 65, 64, 64, 63, 63, 63, 63, 63, 63, 63, 63, 63, 63, 63, 62, 62, 62, 62, 62, 61, 60, 60, 59, 59, 59, 59, 59, 59, 59, 58, 57, 57, 57, 57, 55, 55, 55, 55, 55, 54, 54, 54, 54, 54, 54, 54, 54, 54, 54, 54, 54, 53, 53, 52, 51, 51, 50, 50, 50, 50, 50, 50, 50, 50, 50, 50, 50, 50, 49, 48, 48, 47, 47, 47, 46, 46, 46, 46, 46, 46, 46, 46, 46, 46, 45, 45, 44, 43, 43, 43, 43, 43, 42, 42, 41, 41, 41, 41, 40, 39, 39, 39, 39, 38, 38, 38, 37, 37, 37, 37, 37, 37, 36, 36, 35, 35, 35, 35, 35, 35, 35, 35, 35, 35, 35, 33, 32, 32, 31, 31, 31, 31, 31, 31, 31, 30, 30, 30, 30, 30, 30, 30, 29, 29, 29, 29, 29, 29, 28, 28, 28, 27, 27, 26, 25, 25, 25, 25, 25, 25, 25, 25, 25, 25, 25, 24, 24, 24, 23, 23, 22, 22, 22, 22, 22, 22, 22, 22, 21, 21, 21, 21, 21, 21, 21, 21, 21, 21, 20, 20, 20, 20, 18, 18, 17, 16, 16, 15, 14, 14, 13, 13, 13, 13, 12, 12, 12, 12, 12, 10, 9, 9, 9, 8, 8, 8, 8, 8, 8, 6, 6, 5, 5, 5, 5, 5, 5, 5, 5, 5, 3, 3, 3, 3, 3, 3, 2, 2, 2, 2, 2, 2, 1, 1, 1, 1, 1, 1]
job_wait_time_list:[10.012762784957886, 10.012992858886719, 10.013075828552246, 80.08128929138184, 10.01284909248352, 120.13241696357727, 170.17985367774963, 100.11002922058105, 100.11061000823975, 240.24900245666504, 160.16877150535583, 220.22738575935364, 290.2930324077606, 290.29416728019714, 240.24889278411865, 380.37944626808167, 340.34290194511414, 320.3215591907501, 430.43932819366455, 380.37995982170105, 470.4784219264984, 470.47940254211426, 480.49080300331116, 540.5617628097534, 550.57701420784, 580.6156039237976, 730.7551693916321, 650.6806762218475, 790.8078663349152, 790.8071990013123, 720.7440042495728, 950.9661552906036, 880.8949165344238, 1011.0186426639557, 920.9291605949402, 1031.0374717712402, 950.9647006988525, 1221.2104804515839, 1141.1328434944153, 1291.2751684188843, 1201.1913871765137, 1191.180212020874, 1301.3058512210846, 1341.33797621727, 1391.3915421962738, 1341.3386905193329, 1511.5037977695465, 1531.5250935554504, 1561.5624206066132, 1541.5373756885529, 1741.7540912628174, 1711.7218096256256, 1681.6807925701141, 1861.8809869289398, 1691.6917042732239, 1841.8628129959106, 1871.893298149109, 1941.9650571346283, 1982.0010960102081, 1992.0089128017426, 1921.9424982070923, 2032.0494422912598, 2142.1514670848846, 2122.131631374359, 2062.08132648468, 2252.2543201446533, 2252.2547760009766, 2282.297292470932, 2262.274387359619, 2352.359938144684, 2482.481395959854, 2422.429190158844, 2512.5072247982025, 2532.526475429535, 2542.5368027687073, 2702.675395011902, 2682.6555502414703, 2882.846582889557, 2652.631137609482, 2922.8837883472443, 2922.8841729164124, 2782.745727777481, 2972.9340114593506, 2982.945251941681, 2952.9145424365997, 3002.9639854431152, 2942.9052426815033, 3043.0065190792084, 3093.0559225082397, 3133.109164237976, 3093.055661201477, 3103.0755121707916, 3213.1909465789795, 3193.1687486171722, 3193.169515609741, 3303.2869408130646, 3303.2911841869354, 3363.348457098007, 3483.458522796631, 3423.4016213417053]
job_complete_time_list:[71.52888226509094, 95.32544732093811, 96.25100231170654, 119.29312086105347, 155.9350621700287, 167.68030977249146, 219.40291142463684, 234.89189219474792, 240.07093334197998, 284.75041580200195, 290.0636761188507, 311.40980434417725, 336.9203848838806, 376.88524985313416, 376.9926645755768, 426.90628480911255, 463.19405698776245, 464.8533453941345, 479.99804639816284, 537.5115296840668, 545.2779517173767, 576.6330370903015, 641.9704759120941, 715.2916371822357, 721.3056607246399, 781.0222542285919, 785.1411380767822, 876.5259263515472, 916.648255109787, 943.979202747345, 947.0426993370056, 1004.3257184028625, 1030.7326159477234, 1133.9881319999695, 1189.6063466072083, 1195.8739604949951, 1215.2318751811981, 1289.6093301773071, 1293.5054442882538, 1335.6663551330566, 1336.7119703292847, 1384.199317932129, 1504.182254076004, 1531.3064908981323, 1536.0882782936096, 1552.0193939208984, 1673.773653268814, 1687.1585972309113, 1706.4067068099976, 1736.376004934311, 1834.2795822620392, 1860.9684460163116, 1868.1698470115662, 1915.0109841823578, 1933.7307324409485, 1974.1579768657684, 1984.9801256656647, 2029.9579257965088, 2061.4466605186462, 2112.643629550934, 2138.750709295273, 2244.804029941559, 2245.638836145401, 2252.927940607071, 2279.6967692375183, 2345.0763251781464, 2418.703011751175, 2473.1463510990143, 2509.7166464328766, 2530.4894421100616, 2537.2416541576385, 2645.0093553066254, 2677.0669252872467, 2693.601529121399, 2780.266047000885, 2875.7455945014954, 2914.043881893158, 2916.171621322632, 2937.1304972171783, 2946.8986139297485, 2967.605672597885, 2974.2277431488037, 3001.4520404338837, 3033.4087858200073, 3085.901189804077, 3090.829653739929, 3101.6621878147125, 3127.8523218631744, 3188.788051843643, 3189.6946308612823, 3211.171635866165, 3301.1731684207916, 3303.0297973155975, 3358.2067387104034, 3418.902715921402, 3475.5864791870117, 3480.774186849594, 3480.8753187656403, 3620.8876254558563, 3650.0676209926605]
ali_trace_job_info_file_name:ali_trace_job_info_long.csv
model_info_file_name:Full_model_info_12_27_21_27_41.txt
analyze_file_name:Analyzer-NVIDIA_GeForce_RTX_2080-tim_12_19_16_38_14.csv
model_time_file_name:Muri_Analyzer-NVIDIA_GeForce_RTX_2080_Ti-tim_12_26_15_24_41.csv
job wait time: size-100, 	mean-1628.33, 	min-10.01, 	max-3483.46, 	percentile50-1621.62, 	percentile90-3094.06, 	percentile95-3217.7
job complete time(JCT): size-100, 	mean-1765.37, 	min-71.53, 	max-3650.07, 	percentile50-1785.33, 	percentile90-3191.84, 	percentile95-3421.74


