0.4,3.0,0,1.29,0,1.29
0.0,3.0,0,1.29,0,1.29
9.9,3.1,0,1.29,0,1.29
70.4,3.3,0,1.29,0,1.29
9.0,3.4,0,1.29,1,1.29
9.4,3.6,0,1.29,0,1.29
9.0,3.6,0,1.29,0,1.29
9.0,3.7,0,1.29,0,1.29
0.9,3.7,0,1.29,0,1.29
2.7,3.7,0,1.29,0,1.29
9.9,3.9,0,1.29,0,2.32
9.0,4.7,1,2.98,3,3.33
8.6,6.2,4,3.84,3,4.42
5.5,7.0,5,4.69,3,5.77
16.4,7.5,9,5.77,100,5.77
30.9,7.7,0,5.77,0,5.77
9.0,7.9,0,5.77,0,5.77
54.6,8.0,0,5.77,0,5.77
10.7,8.1,0,5.77,0,5.77
9.9,8.2,0,5.77,0,5.77
10.4,8.3,0,5.77,0,5.77
88.1,8.6,0,5.77,0,5.77
9.8,8.7,0,5.77,0,5.77
9.0,8.9,0,5.77,0,5.77
9.9,9.0,0,5.77,0,5.77
9.9,9.0,0,5.77,0,5.77
8.6,9.3,0,5.77,0,5.77
9.5,9.4,0,5.77,0,5.77
55.4,9.6,0,5.77,0,5.77
9.5,9.7,0,5.77,0,5.77
9.5,9.8,0,5.77,0,5.77
38.9,9.9,0,5.77,0,5.77
8.6,10.1,0,5.77,0,5.77
9.5,10.3,0,5.77,0,5.77
34.7,10.4,0,5.77,0,5.77
9.0,10.5,0,5.77,0,5.77
9.4,10.6,0,5.77,0,5.82
9.5,11.0,0,6.3,3,6.72
9.0,12.8,3,7.22,3,7.54
9.0,14.2,4,7.97,3,8.39
9.4,15.6,2,8.85,4,9.4
9.0,17.2,4,9.84,3,10.59
14.0,18.0,3,10.59,35,10.59
14.1,18.0,36,10.59,35,10.59
14.9,18.0,34,10.59,36,10.59
15.4,18.0,37,10.59,35,10.59
15.4,18.0,36,10.59,34,10.59
16.1,18.0,37,10.59,34,10.59
14.1,18.0,34,10.59,34,10.59
15.9,18.0,36,10.59,35,10.59
15.1,18.0,34,10.59,35,10.59
13.6,18.0,33,10.59,35,10.59
15.1,18.0,48,10.59,35,10.59
15.2,18.0,28,10.59,34,10.59
13.4,18.0,30,10.59,32,10.59
13.8,18.0,30,10.59,35,10.59
13.4,18.0,34,10.59,37,10.59
14.3,18.0,34,10.59,34,10.59
15.7,18.0,35,10.59,34,10.59
14.5,18.0,35,10.59,35,10.59
14.2,18.0,34,10.59,35,10.59
13.4,18.0,35,10.59,34,10.59
13.0,18.0,35,10.59,36,10.59
14.0,18.0,35,10.59,34,10.59
15.8,18.0,36,10.59,35,10.59
13.7,18.0,36,10.59,36,10.59
17.5,18.0,35,10.59,36,10.59
13.6,18.0,31,10.59,33,10.59
16.8,18.0,35,10.59,35,10.59
13.8,18.0,34,10.59,33,10.59
14.6,18.0,33,10.59,36,10.59
14.2,18.0,34,10.59,35,10.59
13.8,18.0,36,10.59,33,10.59
14.5,18.0,36,10.59,35,10.59
13.6,18.0,31,10.59,32,10.59
13.4,18.0,34,10.59,35,10.59
14.1,18.0,35,10.59,33,10.59
13.8,18.0,32,10.59,29,10.59
15.2,18.0,35,10.59,40,10.59
13.3,18.0,31,10.59,33,10.59
13.7,18.0,34,10.59,33,10.59
14.5,18.0,34,10.59,32,10.59
14.7,18.0,34,10.59,35,10.59
15.3,18.0,32,10.59,36,10.59
15.0,18.0,34,10.59,35,10.59
19.1,18.0,35,10.59,36,10.59
13.7,18.0,33,10.59,33,10.59
16.7,18.0,36,10.59,34,10.59
14.1,18.0,33,10.59,35,10.59
13.7,18.0,34,10.59,36,10.59
14.5,18.0,34,10.59,36,10.59
15.4,18.0,35,10.59,37,10.59
14.5,18.0,31,10.59,33,10.59
12.8,18.0,32,10.59,34,10.59
15.4,18.0,34,10.59,35,10.59
15.2,18.0,36,10.59,39,10.59
14.2,18.0,30,10.59,37,10.59
12.9,18.0,33,10.59,36,10.59
14.9,18.0,33,10.59,37,10.59
14.6,18.0,34,10.59,35,10.59
14.6,18.0,33,10.59,37,10.59
13.7,18.0,35,10.59,35,10.59
12.8,18.0,33,10.59,36,10.59
14.4,18.0,34,10.59,33,10.59
16.3,18.0,33,10.59,33,10.59
15.8,18.0,35,10.59,36,10.59
17.1,18.0,33,10.59,35,10.59
14.5,18.0,35,10.59,35,10.59
13.6,18.0,33,10.59,30,10.59
12.9,18.0,34,10.59,35,10.59
12.8,18.0,31,10.59,36,10.59
13.3,18.0,36,10.59,35,10.59
13.6,18.0,34,10.59,34,10.59
13.8,18.0,34,10.59,37,10.59
14.0,18.0,35,10.59,36,10.59
14.1,18.0,38,10.59,37,10.59
13.0,18.0,33,10.59,35,10.59
14.5,18.0,35,10.59,37,10.59
13.8,18.0,34,10.59,35,10.59
12.8,18.0,35,10.59,36,10.59
14.9,18.0,36,10.59,34,10.59
15.1,18.0,42,10.59,34,10.59
14.2,18.0,29,10.59,35,10.59
14.4,18.0,31,10.59,35,10.59
14.2,18.0,33,10.59,35,10.59
14.5,18.0,35,10.59,33,10.59
12.9,18.0,35,10.59,37,10.59
12.2,18.0,35,10.59,61,10.62
12.2,18.0,34,10.59,100,10.62
14.9,18.0,26,10.62,100,10.62
14.2,18.0,100,10.62,100,10.62
31.4,18.0,100,10.62,0,10.62
37.3,18.0,0,10.62,0,10.62
11.3,14.9,0,10.62,0,10.62
9.0,15.1,0,10.62,0,10.62
9.4,15.2,0,10.62,0,10.62
90.8,15.4,0,10.62,0,10.62
9.0,15.5,0,10.62,0,10.62
9.0,15.6,0,10.62,0,10.62
21.5,15.7,0,10.62,0,10.62
8.6,15.9,0,10.62,0,10.62
9.0,16.1,0,10.62,0,10.62
80.8,16.2,0,10.62,0,10.62
9.0,16.3,0,10.62,0,10.62
9.6,16.4,0,10.62,0,10.62
9.5,16.5,0,10.62,0,10.62
85.9,16.7,0,10.62,0,10.62
9.4,16.9,0,10.62,0,10.62
74.3,17.0,0,10.62,0,10.62
10.2,17.1,0,10.62,0,10.62
10.3,17.2,0,10.62,0,10.62
8.6,17.3,0,10.62,0,10.62
60.5,17.5,0,10.62,0,10.62
9.5,17.7,0,10.62,0,10.62
88.6,17.8,0,10.62,0,10.62
9.5,17.9,0,10.62,0,10.62
10.3,18.0,0,10.62,0,11.01
15.8,18.1,33,11.01,34,11.01
14.5,18.1,35,11.01,35,11.01
14.2,18.1,32,11.01,35,11.01
13.2,18.1,34,11.01,34,11.01
17.6,18.1,39,11.01,37,11.01
13.4,18.1,35,11.01,36,11.01
13.7,18.1,33,11.01,35,11.01
14.0,18.1,34,11.01,34,11.01
14.9,18.1,33,11.01,35,11.01
14.5,18.1,34,11.01,34,11.01
14.6,18.1,34,11.01,33,11.01
14.6,18.1,36,11.01,35,11.01
13.7,18.1,34,11.01,34,11.01
14.2,18.1,38,11.01,34,11.01
13.6,18.1,34,11.01,33,11.01
15.1,18.1,36,11.01,33,11.01
14.2,18.1,34,11.01,31,11.01
14.9,18.1,35,11.01,35,11.01
14.9,18.1,33,11.01,36,11.01
15.5,18.1,33,11.01,39,11.01
13.6,18.1,33,11.01,35,11.01
13.8,18.1,31,11.01,35,11.01
14.5,18.1,34,11.01,34,11.01
15.7,18.1,35,11.01,34,11.01
13.8,18.1,32,11.01,35,11.01
15.2,18.1,30,11.01,35,11.01
14.1,18.1,33,11.01,37,11.01
14.6,18.1,32,11.01,34,11.01
13.2,18.1,34,11.01,33,11.01
14.3,18.1,35,11.01,31,11.01
14.2,18.1,38,11.01,30,11.01
14.6,18.1,33,11.01,36,11.01
14.5,18.1,38,11.01,39,11.01
14.9,18.1,33,11.01,29,11.01
13.4,18.1,33,11.01,33,11.01
15.1,18.1,33,11.01,33,11.01
14.2,18.1,32,11.01,34,11.01
14.1,18.1,31,11.01,32,11.01
13.8,18.1,35,11.01,30,11.01
12.9,18.1,32,11.01,36,11.01
13.8,18.1,32,11.01,36,11.01
15.1,18.1,34,11.01,37,11.01
15.5,18.1,36,11.01,35,11.01
13.8,18.1,33,11.01,36,11.01
14.6,18.1,35,11.01,33,11.01
15.4,18.1,33,11.01,33,11.01
14.5,18.1,35,11.01,35,11.01
13.7,18.1,32,11.01,34,11.01
16.1,18.1,33,11.01,35,11.01
14.5,18.1,35,11.01,35,11.01
14.5,18.1,34,11.01,51,11.01
16.4,18.1,34,11.01,33,11.01
14.2,18.1,35,11.01,28,11.01
14.9,18.1,30,11.01,30,11.01
13.4,18.1,35,11.01,32,11.01
13.2,18.1,37,11.01,36,11.01
14.5,18.1,33,11.01,35,11.01
13.8,18.1,32,11.01,30,11.01
16.2,18.1,34,11.01,34,11.01
14.5,18.1,31,11.01,32,11.01
14.6,18.1,34,11.01,34,11.01
14.7,18.1,33,11.01,34,11.01
13.8,18.1,34,11.01,31,11.01
14.2,18.1,32,11.01,37,11.01
15.0,18.1,37,11.01,34,11.01
14.2,18.1,35,11.01,33,11.01
14.5,18.1,36,11.01,34,11.01
15.0,18.1,37,11.01,34,11.01
15.0,18.1,35,11.01,34,11.01
14.2,18.1,33,11.01,35,11.01
13.9,18.1,35,11.01,31,11.01
14.2,18.1,28,11.01,32,11.01
15.3,18.1,34,11.01,32,11.01
13.8,18.1,33,11.01,38,11.01
14.5,18.1,35,11.01,35,11.01
13.2,18.1,38,11.01,35,11.01
13.8,18.1,34,11.01,33,11.01
14.2,18.1,31,11.01,33,11.01
14.2,18.1,34,11.01,36,11.01
13.3,18.1,33,11.01,35,11.01
14.6,18.1,36,11.01,34,11.01
14.2,18.1,32,11.01,34,11.01
14.2,18.1,34,11.01,35,11.01
13.6,18.1,35,11.01,32,11.01
14.4,18.1,33,11.01,35,11.01
13.7,18.1,35,11.01,33,11.01
16.4,18.1,34,11.01,100,11.01
18.7,18.1,38,11.01,100,11.01
19.5,18.1,100,11.01,100,11.01
19.0,18.1,100,11.01,100,11.01
14.1,18.1,100,11.01,100,11.01
36.2,18.1,0,11.01,0,11.01
36.9,17.6,0,11.01,0,11.01
9.0,15.0,0,11.01,0,11.01
9.4,15.2,0,11.01,0,11.01
9.8,15.3,0,11.01,0,11.01
9.5,15.5,0,11.01,0,11.01
8.6,15.5,0,11.01,0,11.01
9.0,15.6,0,11.01,0,11.01
9.4,15.8,0,11.01,0,11.01
9.4,16.0,0,11.01,0,11.01
81.3,16.2,0,11.01,0,11.01
9.0,16.3,0,11.01,0,11.01
9.4,16.4,0,11.01,0,11.01
9.0,16.5,0,11.01,0,11.01
75.3,16.7,0,11.01,0,11.01
9.8,16.9,0,11.01,0,11.01
9.8,17.0,0,11.01,0,11.01
9.4,17.1,0,11.01,0,11.01
9.9,17.2,0,11.01,0,11.01
27.0,17.4,0,11.01,0,11.01
9.0,17.6,0,11.01,0,11.01
9.4,17.7,0,11.01,0,11.01
12.8,17.9,0,11.01,0,11.01
10.3,17.9,0,11.01,0,11.01
38.7,18.1,0,11.01,100,11.01
31.1,18.1,0,11.01,32,11.01
12.9,18.1,35,11.01,32,11.01
14.1,18.1,33,11.01,31,11.01
14.6,18.1,33,11.01,32,11.01
14.2,18.1,33,11.01,35,11.01
13.4,18.1,36,11.01,33,11.01
14.5,18.1,34,11.01,34,11.01
13.4,18.1,32,11.01,32,11.01
15.3,18.1,31,11.01,32,11.01
15.0,18.1,44,11.01,32,11.01
13.7,18.1,32,11.01,34,11.01
14.7,18.1,34,11.01,29,11.01
13.7,18.1,31,11.01,31,11.01
14.7,18.1,32,11.01,29,11.01
13.7,18.1,34,11.01,35,11.01
13.6,18.1,33,11.01,33,11.01
15.4,18.1,35,11.01,31,11.01
14.9,18.1,35,11.01,33,11.01
14.6,18.1,34,11.01,32,11.01
13.6,18.1,33,11.01,32,11.01
14.9,18.1,41,11.01,30,11.01
15.3,18.1,30,11.01,34,11.01
13.3,18.1,31,11.01,30,11.01
13.3,18.1,31,11.01,32,11.01
14.0,18.1,38,11.01,32,11.01
13.7,18.1,36,11.01,33,11.01
13.2,18.1,34,11.01,35,11.01
13.7,18.1,33,11.01,34,11.01
15.1,18.1,32,11.01,36,11.01
13.7,18.1,34,11.01,31,11.01
16.8,18.1,34,11.01,30,11.01
13.0,18.1,34,11.01,33,11.01
16.6,18.1,34,11.01,34,11.01
15.3,18.1,32,11.01,33,11.01
14.6,18.1,32,11.01,39,11.01
14.6,18.1,33,11.01,35,11.01
12.8,18.1,31,11.01,37,11.01
15.3,18.1,35,11.01,33,11.01
13.8,18.1,37,11.01,33,11.01
14.3,18.1,32,11.01,42,11.01
14.2,18.1,33,11.01,33,11.01
15.2,18.1,36,11.01,32,11.01
14.5,18.1,35,11.01,32,11.01
13.6,18.1,34,11.01,35,11.01
14.5,18.1,35,11.01,35,11.01
13.8,18.1,35,11.01,35,11.01
14.9,18.1,35,11.01,37,11.01
15.5,18.1,37,11.01,37,11.01
14.5,18.1,31,11.01,35,11.01
16.5,18.1,29,11.01,33,11.01
15.7,18.1,31,11.01,34,11.01
15.3,18.1,31,11.01,32,11.01
13.2,18.1,34,11.01,33,11.01
15.3,18.1,35,11.01,34,11.01
13.7,18.1,38,11.01,35,11.01
14.0,18.1,33,11.01,36,11.01
14.1,18.1,32,11.01,34,11.01
13.3,18.1,33,11.01,34,11.01
16.2,18.1,33,11.01,38,11.01
15.5,18.1,40,11.01,47,11.01
14.2,18.1,34,11.01,30,11.01
14.5,18.1,28,11.01,33,11.01
13.8,18.1,33,11.01,30,11.01
13.8,18.1,30,11.01,36,11.01
15.8,18.1,28,11.01,38,11.01
15.4,18.1,34,11.01,35,11.01
15.8,18.1,34,11.01,37,11.01
13.0,18.1,34,11.01,31,11.01
14.3,18.1,34,11.01,36,11.01
14.9,18.1,40,11.01,35,11.01
16.0,18.1,42,11.01,34,11.01
15.5,18.1,33,11.01,33,11.01
13.7,18.1,33,11.01,34,11.01
14.6,18.1,35,11.01,30,11.01
14.2,18.1,33,11.01,32,11.01
14.2,18.1,36,11.01,34,11.01
15.2,18.1,34,11.01,35,11.01
15.1,18.1,39,11.01,34,11.01
15.8,18.1,36,11.01,33,11.01
13.8,18.1,34,11.01,32,11.01
14.5,18.1,42,11.01,33,11.01
13.3,18.1,33,11.01,30,11.01
14.5,18.1,33,11.01,32,11.01
14.5,18.1,33,11.01,33,11.01
14.7,18.1,44,11.01,30,11.01
13.2,18.1,46,11.01,31,11.01
16.7,18.1,100,11.01,29,11.01
18.7,18.1,100,11.01,100,11.01
18.3,18.1,100,11.01,100,11.01
20.4,18.1,100,11.01,100,11.01
36.4,18.1,47,11.01,0,11.01
37.2,18.1,0,11.01,0,11.01
9.0,15.0,0,11.01,0,11.01
15.0,15.2,0,11.01,0,11.01
9.0,15.3,0,11.01,0,11.01
9.4,15.5,0,11.01,0,11.01
9.4,15.5,0,11.01,0,11.01
9.5,15.6,0,11.01,0,11.01
9.0,15.8,0,11.01,0,11.01
95.9,16.0,0,11.01,0,11.01
77.2,16.1,0,11.01,0,11.01
9.9,16.3,0,11.01,0,11.01
9.0,16.4,0,11.01,0,11.01
9.9,16.5,0,11.01,0,11.01
95.5,16.7,0,11.01,0,11.01
9.4,16.9,0,11.01,0,11.01
9.4,17.0,0,11.01,0,11.01
9.4,17.1,0,11.01,0,11.01
10.3,17.2,0,11.01,0,11.01
9.8,17.3,0,11.01,0,11.01
9.4,17.5,0,11.01,0,11.01
26.4,17.7,0,11.01,0,11.01
75.4,17.9,0,11.01,0,11.01
9.9,17.9,0,11.01,0,11.01
29.2,18.1,0,11.01,100,11.01
14.3,18.1,0,11.01,32,11.01
13.7,18.1,34,11.01,37,11.01
13.2,18.1,34,11.01,30,11.01
15.2,18.1,35,11.01,32,11.01
14.6,18.1,31,11.01,35,11.01
14.0,18.1,30,11.01,36,11.01
13.4,18.1,32,11.01,33,11.01
14.6,18.1,35,11.01,36,11.01
14.1,18.1,35,11.01,34,11.01
14.2,18.1,35,11.01,36,11.01
14.4,18.1,30,11.01,35,11.01
14.2,18.1,34,11.01,33,11.01
15.1,18.1,29,11.01,33,11.01
14.2,18.1,34,11.01,33,11.01
14.5,18.1,35,11.01,36,11.01
14.2,18.1,34,11.01,35,11.01
14.2,18.1,36,11.01,35,11.01
14.5,18.1,35,11.01,32,11.01
12.8,18.1,36,11.01,32,11.01
15.0,18.1,38,11.01,34,11.01
14.6,18.1,37,11.01,35,11.01
14.2,18.1,38,11.01,31,11.01
13.7,18.1,34,11.01,33,11.01
14.7,18.1,33,11.01,35,11.01
13.8,18.1,35,11.01,34,11.01
15.4,18.1,35,11.01,34,11.01
14.2,18.1,33,11.01,35,11.01
14.7,18.1,33,11.01,35,11.01
14.2,18.1,35,11.01,33,11.01
16.1,18.1,37,11.01,34,11.01
15.8,18.1,37,11.01,38,11.01
16.4,18.1,38,11.01,33,11.01
15.6,18.1,34,11.01,34,11.01
15.0,18.1,36,11.01,36,11.01
14.7,18.1,37,11.01,36,11.01
15.1,18.1,36,11.01,33,11.01
13.8,18.1,37,11.01,32,11.01
13.3,18.1,35,11.01,33,11.01
14.6,18.1,36,11.01,33,11.01
15.0,18.1,36,11.01,34,11.01
14.2,18.1,31,11.01,32,11.01
14.5,18.1,33,11.01,33,11.01
14.5,18.1,33,11.01,34,11.01
15.3,18.1,32,11.01,36,11.01
13.4,18.1,37,11.01,32,11.01
13.0,18.1,34,11.01,33,11.01
15.0,18.1,37,11.01,32,11.01
14.5,18.1,34,11.01,35,11.01
16.0,18.1,33,11.01,35,11.01
15.4,18.1,33,11.01,34,11.01
15.1,18.1,35,11.01,33,11.01
14.2,18.1,31,11.01,36,11.01
14.4,18.1,35,11.01,33,11.01
14.2,18.1,35,11.01,35,11.01
13.8,18.1,35,11.01,33,11.01
13.7,18.1,37,11.01,36,11.01
14.2,18.1,34,11.01,44,11.01
15.0,18.1,35,11.01,27,11.01
15.2,18.1,32,11.01,28,11.01
14.5,18.1,34,11.01,32,11.01
14.0,18.1,37,11.01,35,11.01
14.5,18.1,34,11.01,36,11.01
13.7,18.1,33,11.01,34,11.01
15.3,18.1,34,11.01,34,11.01
14.6,18.1,35,11.01,35,11.01
15.3,18.1,35,11.01,35,11.01
14.9,18.1,33,11.01,35,11.01
15.1,18.1,32,11.01,34,11.01
14.3,18.1,34,11.01,34,11.01
14.7,18.1,33,11.01,37,11.01
14.5,18.1,35,11.01,36,11.01
14.6,18.1,38,11.01,37,11.01
13.7,18.1,35,11.01,36,11.01
16.1,18.1,36,11.01,38,11.01
14.2,18.1,40,11.01,33,11.01
13.8,18.1,36,11.01,33,11.01
13.7,18.1,36,11.01,33,11.01
12.4,18.1,36,11.01,33,11.01
13.8,18.1,34,11.01,33,11.01
15.8,18.1,34,11.01,31,11.01
14.6,18.1,36,11.01,34,11.01
15.0,18.1,34,11.01,32,11.01
14.5,18.1,35,11.01,31,11.01
15.8,18.1,35,11.01,35,11.01
14.7,18.1,34,11.01,36,11.01
14.1,18.1,37,11.01,34,11.01
15.2,18.1,36,11.01,100,11.01
18.8,18.1,100,11.01,100,11.01
19.3,18.1,100,11.01,100,11.01
36.4,18.1,16,11.01,0,11.01
37.1,18.1,0,11.01,0,11.01
9.4,15.0,0,11.01,0,11.01
26.7,15.2,0,11.01,0,11.01
9.8,15.3,0,11.01,0,11.01
9.0,15.5,0,11.01,0,11.01
9.4,15.5,0,11.01,0,11.01
9.0,15.6,0,11.01,0,11.01
9.0,15.8,0,11.01,0,11.01
9.0,16.0,0,11.01,0,11.01
9.0,16.2,0,11.01,0,11.01
9.4,16.3,0,11.01,0,11.01
9.0,16.3,0,11.01,0,11.01
9.0,16.4,0,11.01,0,11.01
9.5,16.6,0,11.01,0,11.01
51.4,16.8,0,11.01,0,11.01
23.7,17.0,0,11.01,0,11.01
9.0,17.1,0,11.01,0,11.01
9.9,17.2,0,11.01,0,11.01
24.9,17.3,0,11.01,0,11.01
9.4,17.5,0,11.01,0,11.01
9.0,17.7,0,11.01,0,11.01
44.7,17.8,0,11.01,0,11.01
9.4,17.9,0,11.01,0,11.01
9.0,18.0,0,11.01,0,11.01
31.8,18.1,36,11.01,33,11.01
14.6,18.1,34,11.01,33,11.01
14.2,18.1,35,11.01,32,11.01
13.8,18.1,36,11.01,32,11.01
14.2,18.1,32,11.01,33,11.01
15.0,18.1,35,11.01,34,11.01
13.0,18.1,35,11.01,34,11.01
14.2,18.1,33,11.01,32,11.01
14.5,18.1,33,11.01,33,11.01
14.2,18.1,40,11.01,35,11.01
15.9,18.1,38,11.01,39,11.01
15.4,18.1,34,11.01,38,11.01
14.5,18.1,34,11.01,37,11.01
13.3,18.1,35,11.01,35,11.01
14.5,18.1,32,11.01,36,11.01
13.3,18.1,33,11.01,38,11.01
14.5,18.1,35,11.01,38,11.01
14.9,18.1,34,11.01,32,11.01
17.9,18.1,32,11.01,35,11.01
15.6,18.1,34,11.01,38,11.01
13.3,18.1,36,11.01,39,11.01
14.7,18.1,34,11.01,36,11.01
16.2,18.1,32,11.01,42,11.01
13.4,18.1,33,11.01,31,11.01
13.7,18.1,38,11.01,33,11.01
13.3,18.1,36,11.01,29,11.01
13.8,18.1,36,11.01,31,11.01
14.0,18.1,31,11.01,33,11.01
12.8,18.1,33,11.01,38,11.01
12.8,18.1,36,11.01,34,11.01
14.0,18.1,35,11.01,36,11.01
13.8,18.1,33,11.01,36,11.01
15.0,18.1,34,11.01,33,11.01
14.5,18.1,37,11.01,35,11.01
14.1,18.1,38,11.01,36,11.01
12.9,18.1,32,11.01,34,11.01
13.7,18.1,35,11.01,34,11.01
14.5,18.1,31,11.01,35,11.01
16.1,18.1,32,11.01,34,11.01
13.7,18.1,32,11.01,35,11.01
16.9,18.1,34,11.01,31,11.01
15.2,18.1,35,11.01,32,11.01
13.8,18.1,30,11.01,33,11.01
15.4,18.1,35,11.01,32,11.01
15.5,18.1,33,11.01,29,11.01
15.0,18.1,33,11.01,35,11.01
14.6,18.1,31,11.01,31,11.01
16.1,18.1,33,11.01,34,11.01
13.7,18.1,32,11.01,35,11.01
14.2,18.1,33,11.01,36,11.01
14.5,18.1,32,11.01,34,11.01
14.5,18.1,33,11.01,34,11.01
14.5,18.1,34,11.01,38,11.01
14.1,18.1,34,11.01,33,11.01
15.0,18.1,34,11.01,35,11.01
15.0,18.1,37,11.01,34,11.01
13.8,18.1,33,11.01,35,11.01
17.4,18.1,35,11.01,36,11.01
14.2,18.1,37,11.01,30,11.01
16.4,18.1,31,11.01,32,11.01
12.8,18.1,34,11.01,33,11.01
14.4,18.1,32,11.01,34,11.01
12.4,18.1,34,11.01,32,11.01
14.0,18.1,33,11.01,34,11.01
13.2,18.1,34,11.01,37,11.01
13.2,18.1,35,11.01,34,11.01
15.1,18.1,31,11.01,33,11.01
14.9,18.1,35,11.01,34,11.01
13.4,18.1,33,11.01,32,11.01
13.7,18.1,37,11.01,32,11.01
14.5,18.1,36,11.01,32,11.01
13.2,18.1,34,11.01,36,11.01
13.6,18.1,36,11.01,34,11.01
13.4,18.1,35,11.01,35,11.01
13.8,18.1,36,11.01,35,11.01
13.7,18.1,35,11.01,32,11.01
15.7,18.1,37,11.01,39,11.01
14.6,18.1,31,11.01,39,11.01
14.7,18.1,34,11.01,35,11.01
13.8,18.1,31,11.01,33,11.01
13.2,18.1,32,11.01,37,11.01
13.7,18.1,36,11.01,36,11.01
13.8,18.1,34,11.01,42,11.01
15.1,18.1,35,11.01,37,11.01
13.4,18.1,33,11.01,34,11.01
12.7,18.1,35,11.01,63,11.01
14.0,18.1,38,11.01,100,11.01
18.8,18.1,100,11.01,100,11.01
19.1,18.1,100,11.01,100,11.01
23.5,18.1,100,11.01,6,11.01
36.5,18.1,0,11.01,0,11.01
10.9,14.9,0,11.01,0,11.01
51.6,15.1,0,11.01,0,11.01
9.8,15.3,0,11.01,0,11.01
9.9,15.4,0,11.01,0,11.01
9.0,15.5,0,11.01,0,11.01
9.0,15.6,0,11.01,0,11.01
10.0,15.8,0,11.01,0,11.01
94.6,15.9,0,11.01,0,11.01
9.0,16.1,0,11.01,0,11.01
9.0,16.2,0,11.01,0,11.01
9.0,16.3,0,11.01,0,11.01
9.8,16.4,0,11.01,0,11.01
9.5,16.6,0,11.01,0,11.01
31.2,16.8,0,11.01,0,11.01
10.2,17.0,0,11.01,0,11.01
9.0,17.1,0,11.01,0,11.01
9.0,17.2,0,11.01,0,11.01
10.2,17.2,0,11.01,0,11.01
9.8,17.5,0,11.01,0,11.01
9.4,17.7,0,11.01,0,11.01
90.8,17.8,0,11.01,0,11.01
9.0,17.9,0,11.01,0,11.01
9.0,18.0,0,11.01,0,11.01
16.0,18.1,0,11.01,74,11.01
14.2,18.1,32,11.01,31,11.01
15.8,18.1,35,11.01,29,11.01
14.2,18.1,34,11.01,31,11.01
15.1,18.1,36,11.01,34,11.01
13.8,18.1,39,11.01,39,11.01
14.8,18.1,35,11.01,35,11.01
14.9,18.1,34,11.01,35,11.01
14.2,18.1,33,11.01,35,11.01
15.1,18.1,34,11.01,35,11.01
15.4,18.1,37,11.01,37,11.01
14.9,18.1,35,11.01,34,11.01
14.5,18.1,35,11.01,33,11.01
14.3,18.1,36,11.01,31,11.01
15.2,18.1,34,11.01,33,11.01
15.0,18.1,36,11.01,31,11.01
14.5,18.1,35,11.01,30,11.01
14.1,18.1,35,11.01,32,11.01
13.8,18.1,35,11.01,35,11.01
15.3,18.1,34,11.01,45,11.01
15.8,18.1,35,11.01,30,11.01
16.9,18.1,36,11.01,29,11.01
13.6,18.1,35,11.01,32,11.01
15.1,18.1,34,11.01,32,11.01
14.2,18.1,35,11.01,33,11.01
14.6,18.1,34,11.01,36,11.01
13.8,18.1,32,11.01,36,11.01
15.5,18.1,41,11.01,36,11.01
15.0,18.1,35,11.01,33,11.01
12.8,18.1,33,11.01,35,11.01
13.8,18.1,35,11.01,34,11.01
14.9,18.1,34,11.01,35,11.01
13.7,18.1,31,11.01,34,11.01
14.1,18.1,35,11.01,33,11.01
13.3,18.1,34,11.01,37,11.01
14.6,18.1,32,11.01,34,11.01
14.2,18.1,33,11.01,35,11.01
14.2,18.1,33,11.01,32,11.01
15.1,18.1,34,11.01,38,11.01
14.5,18.1,37,11.01,32,11.01
15.4,18.1,34,11.01,34,11.01
15.0,18.1,36,11.01,34,11.01
14.2,18.1,37,11.01,34,11.01
13.7,18.1,34,11.01,34,11.01
14.2,18.1,37,11.01,33,11.01
15.0,18.1,38,11.01,34,11.01
14.2,18.1,35,11.01,34,11.01
14.5,18.1,35,11.01,34,11.01
13.9,18.1,32,11.01,35,11.01
13.3,18.1,32,11.01,34,11.01
14.6,18.1,34,11.01,37,11.01
12.8,18.1,32,11.01,33,11.01
14.6,18.1,33,11.01,37,11.01
13.8,18.1,39,11.01,34,11.01
14.3,18.1,36,11.01,36,11.01
14.2,18.1,33,11.01,35,11.01
14.9,18.1,37,11.01,37,11.01
14.7,18.1,34,11.01,39,11.01
14.2,18.1,38,11.01,34,11.01
16.3,18.1,33,11.01,28,11.01
14.2,18.1,34,11.01,39,11.01
13.4,18.1,39,11.01,32,11.01
14.5,18.1,41,11.01,34,11.01
14.2,18.1,34,11.01,33,11.01
13.7,18.1,34,11.01,35,11.01
14.0,18.1,34,11.01,35,11.01
12.9,18.1,35,11.01,35,11.01
13.4,18.1,35,11.01,34,11.01
14.0,18.1,33,11.01,35,11.01
15.2,18.1,33,11.01,32,11.01
14.6,18.1,34,11.01,42,11.01
14.2,18.1,36,11.01,33,11.01
14.2,18.1,34,11.01,40,11.01
14.5,18.1,39,11.01,35,11.01
13.2,18.1,33,11.01,36,11.01
14.2,18.1,31,11.01,34,11.01
14.4,18.1,35,11.01,31,11.01
14.5,18.1,35,11.01,34,11.01
13.8,18.1,36,11.01,31,11.01
13.8,18.1,36,11.01,35,11.01
14.3,18.1,38,11.01,35,11.01
14.5,18.1,33,11.01,35,11.01
13.7,18.1,32,11.01,34,11.01
13.8,18.1,34,11.01,34,11.01
14.2,18.1,34,11.01,37,11.01
11.9,18.1,37,11.01,34,11.01
18.2,18.1,100,11.01,97,11.01
18.3,18.1,100,11.01,100,11.01
18.6,18.1,100,11.01,100,11.01
19.0,18.1,100,11.01,100,11.01
36.8,18.1,73,11.01,0,11.01
36.0,18.1,0,11.01,0,11.01
9.5,14.9,0,11.01,0,11.01
50.2,15.2,0,11.01,0,11.01
9.4,15.3,0,11.01,0,11.01
28.1,15.4,0,11.01,0,11.01
9.0,15.5,0,11.01,0,11.01
9.6,15.6,0,11.01,0,11.01
25.8,15.8,0,11.01,0,11.01
9.5,16.0,0,11.01,0,11.01
9.5,16.1,0,11.01,0,11.01
44.2,16.2,0,11.01,0,11.01
9.0,16.3,0,11.01,0,11.01
9.4,16.4,0,11.01,0,11.01
9.5,16.6,0,11.01,0,11.01
74.0,16.8,0,11.01,0,11.01
56.1,17.0,0,11.01,0,11.01
9.4,17.1,0,11.01,0,11.01
9.9,17.2,0,11.01,0,11.01
8.6,17.2,0,11.01,0,11.01
9.8,17.5,0,11.01,0,11.01
9.9,17.6,0,11.01,0,11.01
48.4,17.8,0,11.01,0,11.01
9.4,17.9,0,11.01,0,11.01
12.2,18.0,0,11.01,0,11.01
9.5,18.1,0,11.01,64,11.01
14.8,18.1,35,11.01,33,11.01
15.0,18.1,31,11.01,31,11.01
14.5,18.1,34,11.01,28,11.01
12.4,18.1,30,11.01,38,11.01
13.4,18.1,33,11.01,35,11.01
13.2,18.1,33,11.01,35,11.01
13.6,18.1,31,11.01,33,11.01
14.6,18.1,32,11.01,35,11.01
14.5,18.1,34,11.01,36,11.01
14.2,18.1,32,11.01,32,11.01
13.8,18.1,34,11.01,34,11.01
14.1,18.1,34,11.01,38,11.01
14.2,18.1,33,11.01,37,11.01
14.2,18.1,34,11.01,35,11.01
14.0,18.1,35,11.01,35,11.01
13.3,18.1,35,11.01,36,11.01
13.7,18.1,36,11.01,35,11.01
14.7,18.1,35,11.01,34,11.01
14.1,18.1,31,11.01,34,11.01
14.2,18.1,34,11.01,35,11.01
13.3,18.1,35,11.01,33,11.01
15.4,18.1,33,11.01,35,11.01
13.7,18.1,37,11.01,36,11.01
15.1,18.1,36,11.01,30,11.01
13.6,18.1,35,11.01,34,11.01
14.1,18.1,35,11.01,34,11.01
14.0,18.1,34,11.01,33,11.01
13.2,18.1,36,11.01,35,11.01
12.0,18.1,34,11.01,30,11.01
14.1,18.1,32,11.01,36,11.01
14.9,18.1,35,11.01,35,11.01
13.7,18.1,35,11.01,34,11.01
14.2,18.1,34,11.01,33,11.01
14.3,18.1,36,11.01,35,11.01
14.9,18.1,34,11.01,37,11.01
14.5,18.1,38,11.01,35,11.01
13.4,18.1,40,11.01,37,11.01
12.8,18.1,33,11.01,32,11.01
14.5,18.1,34,11.01,32,11.01
14.8,18.1,35,11.01,31,11.01
14.2,18.1,33,11.01,36,11.01
13.8,18.1,36,11.01,33,11.01
14.5,18.1,32,11.01,34,11.01
14.1,18.1,30,11.01,33,11.01
13.7,18.1,33,11.01,35,11.01
13.7,18.1,35,11.01,34,11.01
14.0,18.1,34,11.01,35,11.01
13.2,18.1,33,11.01,35,11.01
15.8,18.1,34,11.01,34,11.01
31.1,18.2,37,11.01,33,11.01
14.5,18.1,35,11.01,35,11.01
14.1,18.1,35,11.01,35,11.01
13.7,18.1,33,11.01,32,11.01
14.5,18.1,34,11.01,34,11.01
13.7,18.1,31,11.01,33,11.01
14.5,18.1,34,11.01,35,11.01
16.2,18.1,32,11.01,34,11.01
14.9,18.1,35,11.01,35,11.01
14.1,18.1,36,11.01,37,11.01
30.2,18.2,36,11.01,35,11.01
14.2,18.1,32,11.01,31,11.01
15.3,18.1,34,11.01,34,11.01
14.7,18.1,34,11.01,32,11.01
13.8,18.1,35,11.01,35,11.01
16.1,18.1,32,11.01,35,11.01
14.6,18.1,34,11.01,34,11.01
14.7,18.1,33,11.01,34,11.01
15.4,18.1,38,11.01,37,11.01
13.8,18.1,34,11.01,33,11.01
19.5,18.2,38,11.01,35,11.01
14.2,18.1,33,11.01,35,11.01
14.5,18.1,38,11.01,37,11.01
