1.2,8.1,0.00,0.00,0,2.95,0,2.95,0,2.95,0,2.95
1.2,8.1,0.00,0.00,0,2.95,0,2.95,0,2.95,0,2.95
0.2,8.1,0.00,0.00,0,2.95,0,2.95,0,2.95,0,2.95
0.2,8.1,0.00,0.00,0,2.95,0,2.95,0,2.95,0,2.95
0.0,8.1,0.00,0.00,0,2.95,0,2.95,0,2.95,0,2.95
0.6,8.1,0.00,0.00,0,2.95,0,2.95,0,2.95,0,2.95
2.3,8.3,0.00,0.00,0,2.95,0,2.95,0,2.95,0,2.95
2.3,8.4,0.00,0.00,0,2.95,0,2.95,0,2.95,0,2.95
6.8,9.1,0.00,0.00,0,2.95,0,2.95,0,2.95,0,2.95
6.4,9.5,0.00,0.00,0,2.95,0,2.95,0,2.95,0,2.95
6.4,9.7,0.00,0.00,0,2.95,0,2.95,0,2.95,0,2.95
6.3,12.2,0.00,0.00,0,2.95,0,4.79,0,6.26,0,2.95
8.7,16.1,0.00,0.00,2,14.41,7,15.44,9,28.94,0,2.95
9.2,15.8,0.00,0.00,9,28.94,10,28.94,0,28.94,0,2.95
99.2,16.6,0.00,0.00,0,28.94,0,28.94,0,28.94,0,2.95
68.7,17.5,0.00,0.00,0,28.94,0,28.94,0,28.94,0,2.95
8.5,18.8,0.00,0.00,0,28.94,0,28.94,0,28.94,1,7.55
42.7,20.8,0.00,0.00,0,28.94,0,28.94,0,28.94,7,29.67
42.6,21.3,0.00,0.00,0,28.94,0,28.94,0,28.94,0,29.67
95.9,22.7,0.00,0.00,0,28.94,0,28.94,0,28.94,0,29.67
82.7,23.9,0.00,0.00,0,28.94,0,28.94,0,28.94,0,29.67
15.4,26.0,0.00,0.00,0,47.08,0,39.61,4,62.79,0,29.67
16.0,30.3,0.00,0.00,96,68.01,93,70.23,100,70.89,0,29.67
20.3,33.6,0.00,0.00,100,72.19,100,72.19,100,72.19,0,29.67
14.8,34.5,0.00,0.00,100,72.19,100,72.19,95,72.19,0,29.67
15.4,35.3,0.00,0.00,99,72.19,100,72.19,99,72.19,0,31.58
20.5,36.5,0.00,0.00,100,72.19,99,72.19,99,72.19,87,64.24
16.2,37.6,0.00,0.00,100,72.19,100,72.19,100,72.19,99,64.24
15.2,38.3,0.00,0.00,99,72.19,100,72.19,100,72.19,100,64.24
18.0,38.8,0.00,0.00,99,72.19,100,72.19,100,72.19,93,64.24
19.5,39.4,0.00,0.00,99,72.19,100,72.19,100,72.19,100,64.24
21.1,40.5,0.00,0.00,100,76.29,100,74.65,100,76.83,100,64.24
17.5,42.4,0.00,0.00,100,76.83,100,76.83,100,76.83,100,64.24
15.9,42.4,0.00,0.00,100,76.83,100,76.83,100,76.83,100,64.24
24.0,42.4,0.00,0.00,100,76.83,100,76.83,100,76.83,100,64.24
18.1,42.4,0.00,0.00,100,76.83,100,76.83,100,76.83,100,64.24
15.2,42.4,0.00,0.00,100,76.83,100,76.83,100,76.83,100,64.24
17.9,42.4,0.00,0.00,100,76.83,100,76.83,100,76.83,100,64.24
16.2,42.4,0.00,0.00,100,76.83,100,76.83,100,76.83,100,64.24
21.5,42.4,0.00,0.00,100,76.83,100,76.83,100,76.83,99,64.24
15.8,42.4,0.00,0.00,100,76.83,100,76.83,100,76.83,100,64.24
22.9,42.4,0.00,0.00,100,76.83,100,76.83,100,76.83,100,64.24
16.0,42.4,0.00,0.00,100,76.83,100,76.83,100,76.83,100,64.24
20.9,42.4,0.00,0.00,100,76.83,100,76.83,100,76.83,100,64.24
15.4,42.4,0.00,0.00,100,76.83,100,76.83,100,76.83,100,64.24
22.5,42.4,0.00,0.00,100,76.83,100,76.83,100,76.83,100,64.24
18.4,42.4,0.00,0.00,100,76.83,100,76.83,100,76.83,100,64.24
17.3,42.4,0.00,0.00,100,76.83,100,76.83,100,76.83,100,64.24
16.0,42.4,0.00,0.00,100,76.83,100,76.83,100,76.83,100,64.24
16.7,42.4,0.00,0.00,100,76.83,100,76.83,100,76.83,100,64.24
21.6,42.4,0.00,0.00,100,76.83,100,76.83,100,76.83,100,64.24
15.0,42.4,0.00,0.00,100,76.83,100,76.83,100,76.83,100,64.24
21.9,42.4,0.00,0.00,100,76.83,100,76.83,100,76.83,100,64.24
16.4,42.4,0.00,0.00,100,76.83,100,76.83,100,76.83,100,64.24
17.5,42.4,0.00,0.00,100,76.83,100,76.83,100,76.83,100,64.24
21.1,42.4,0.00,0.00,100,76.83,100,76.83,100,76.83,100,64.24
18.4,42.4,0.00,0.00,100,76.83,100,76.83,100,76.83,99,64.24
20.5,42.4,0.00,0.00,100,76.83,100,76.83,100,76.83,100,64.24
16.5,42.4,0.00,0.00,100,76.83,100,76.83,100,76.83,100,64.24
15.0,42.4,0.00,0.00,100,76.83,100,76.83,100,76.83,99,64.24
22.2,42.4,0.00,0.00,100,76.83,100,76.83,100,76.83,100,64.24
15.0,42.4,0.00,0.00,100,76.83,100,76.83,100,76.83,100,64.24
22.5,42.4,0.00,0.00,100,76.83,100,76.83,100,76.83,100,64.24
15.6,42.4,0.00,0.00,100,76.83,100,76.83,100,76.83,100,64.24
20.5,42.4,0.00,0.00,100,76.83,100,76.83,100,76.83,100,64.24
21.3,42.4,0.00,0.00,100,76.83,100,76.83,100,76.83,100,64.24
17.9,42.4,0.00,0.00,100,76.83,100,76.83,100,76.83,100,64.24
20.0,42.4,0.00,0.00,100,76.83,100,76.83,100,76.83,100,64.24
19.2,42.4,0.00,0.00,100,76.83,100,76.83,100,76.83,100,64.24
15.6,42.4,0.00,0.00,100,76.83,100,76.83,100,76.83,100,64.24
22.7,42.4,0.00,0.00,100,76.83,100,76.83,100,76.83,100,64.24
16.4,42.4,0.00,0.00,100,76.83,100,76.83,100,76.83,100,64.24
17.5,42.4,0.00,0.00,100,76.83,100,76.83,100,76.83,100,64.24
23.3,42.4,0.00,0.00,100,76.83,100,76.83,100,76.83,100,64.24
16.7,42.4,0.00,0.00,100,76.83,100,76.83,100,76.83,100,64.24
17.3,42.4,0.00,0.00,100,76.83,100,76.83,100,76.83,100,64.24
20.7,42.4,0.00,0.00,100,76.83,100,76.83,100,76.83,100,64.24
14.6,42.4,0.00,0.00,100,76.83,100,76.83,100,76.83,100,64.24
21.0,42.4,0.00,0.00,100,76.83,100,76.83,100,76.83,100,64.24
19.8,42.4,0.00,0.00,100,76.83,100,76.83,100,76.83,100,64.24
16.5,42.4,0.00,0.00,100,76.83,100,76.83,100,76.83,100,64.24
16.9,42.4,0.00,0.00,100,76.83,100,76.83,100,76.83,100,64.24
19.9,42.4,0.00,0.00,100,76.83,100,76.83,100,76.83,100,64.24
14.8,42.4,0.00,0.00,100,76.83,100,76.83,100,76.83,100,64.24
17.2,42.4,0.00,0.00,100,76.83,100,76.83,100,76.83,100,64.24
16.1,42.4,0.00,0.00,100,76.83,100,76.83,100,76.83,100,64.24
16.5,42.4,0.00,0.00,100,76.83,100,76.83,100,76.83,100,64.24
20.9,42.4,0.00,0.00,100,76.83,100,76.83,100,76.83,100,64.24
20.0,42.4,0.00,0.00,100,76.83,100,76.83,100,76.83,100,64.24
16.9,42.4,0.00,0.00,100,76.83,100,76.83,100,76.83,100,64.24
16.3,42.4,0.00,0.00,100,76.83,100,76.83,100,76.83,100,64.24
16.1,42.4,0.00,0.00,100,76.83,100,76.83,100,76.83,100,64.24
15.2,42.4,0.00,0.00,100,76.83,100,76.83,100,76.83,100,64.24
15.6,42.4,0.00,0.00,100,76.83,100,76.83,100,76.83,100,64.24
16.4,42.4,0.00,0.00,100,76.88,98,76.88,100,76.88,100,64.24
17.9,37.7,0.00,0.00,84,76.88,85,76.88,85,76.88,100,64.24
18.2,38.3,0.00,0.00,79,76.88,84,76.88,82,76.88,100,64.24
18.7,38.9,0.00,0.00,75,76.88,92,76.88,81,76.88,98,64.24
17.8,39.5,0.00,0.00,81,76.88,93,76.88,83,76.88,100,64.24
15.9,40.2,0.00,0.00,86,76.88,93,76.88,55,76.88,98,64.24
43.8,36.1,0.00,0.00,9,76.88,0,76.88,0,76.88,99,64.24
16.5,37.4,0.00,0.00,0,76.88,0,76.88,0,76.88,100,64.24
16.7,38.4,0.00,0.00,0,76.88,0,76.88,0,76.88,100,64.24
19.4,39.7,0.00,0.00,0,76.88,76,76.88,74,76.88,98,64.24
29.6,40.1,0.00,0.00,100,76.88,100,76.88,100,76.88,100,64.24
14.6,40.9,0.00,0.00,100,76.88,100,76.88,100,76.88,98,64.24
18.1,41.3,0.00,0.00,100,76.88,100,76.88,100,76.88,97,64.24
16.5,42.1,0.00,0.00,97,76.88,98,76.88,100,76.88,99,64.24
30.1,42.5,0.00,0.00,100,76.9,100,76.9,100,76.9,100,64.24
22.1,42.6,0.00,0.00,100,76.9,100,76.9,100,76.9,100,64.24
15.0,42.6,0.00,0.00,100,76.9,100,76.9,100,76.9,100,64.24
20.1,42.6,0.00,0.00,100,76.9,100,76.9,100,76.9,100,64.24
15.1,42.6,0.00,0.00,100,76.9,100,76.9,100,76.9,100,64.24
15.9,42.6,0.00,0.00,100,76.9,100,76.9,100,76.9,100,64.24
15.8,42.6,0.00,0.00,100,76.9,100,76.9,100,76.9,100,64.24
19.1,42.6,0.00,0.00,100,76.9,100,76.9,100,76.9,100,64.24
21.3,42.6,0.00,0.00,100,76.9,100,76.9,100,76.9,100,64.24
17.6,42.6,0.00,0.00,100,76.9,100,76.9,100,76.9,100,64.24
20.1,42.6,0.00,0.00,100,76.9,100,76.9,100,76.9,100,64.24
16.0,42.6,0.00,0.00,100,76.9,100,76.9,100,76.9,100,64.24
18.6,42.6,0.00,0.00,100,76.9,100,76.9,100,76.9,100,64.24
22.3,42.6,0.00,0.00,100,76.9,100,76.9,100,76.9,100,64.24
15.9,42.6,0.00,0.00,100,76.9,100,76.9,100,76.9,100,64.24
18.4,42.6,0.00,0.00,100,76.9,100,76.9,100,76.9,100,64.24
23.7,42.6,0.00,0.00,100,76.9,100,76.9,100,76.9,100,64.24
17.8,42.6,0.00,0.00,100,76.9,100,76.9,100,76.9,100,64.24
15.1,42.6,0.00,0.00,100,76.9,100,76.9,100,76.9,100,64.24
17.5,42.6,0.00,0.00,100,76.9,100,76.9,100,76.9,100,64.24
23.1,42.6,0.00,0.00,100,76.9,100,76.9,100,76.9,100,64.24
15.4,42.6,0.00,0.00,100,76.9,100,76.9,100,76.9,100,64.24
18.3,42.6,0.00,0.00,100,76.9,100,76.9,100,76.9,100,64.24
17.5,42.6,0.00,0.00,100,76.9,100,76.9,100,76.9,100,64.24
23.0,42.6,0.00,0.00,100,76.9,100,76.9,100,76.9,100,64.24
15.7,42.6,0.00,0.00,100,76.9,100,76.9,100,76.9,100,64.24
18.0,42.6,0.00,0.00,100,76.9,100,76.9,100,76.9,100,64.24
23.9,42.6,0.00,0.00,100,76.9,100,76.9,100,76.9,100,64.24
15.2,42.6,0.00,0.00,100,76.9,100,76.9,100,76.9,100,64.24
18.2,42.6,0.00,0.00,100,76.9,100,76.9,100,76.9,100,64.24
17.8,42.6,0.00,0.00,100,76.9,100,76.9,100,76.9,100,64.24
22.0,42.6,0.00,0.00,100,76.9,100,76.9,100,76.9,100,64.24
21.5,42.6,0.00,0.00,100,76.9,100,76.9,100,76.9,100,64.24
16.2,42.6,0.00,0.00,100,76.9,100,76.9,100,76.9,100,64.24
18.2,42.6,0.00,0.00,100,76.9,100,76.9,100,76.9,100,64.24
17.7,42.6,0.00,0.00,100,76.9,100,76.9,100,76.9,100,64.24
21.9,42.6,0.00,0.00,100,76.9,100,76.9,100,76.9,100,64.24
16.3,42.6,0.00,0.00,100,76.9,100,76.9,100,76.9,100,64.24
16.3,42.6,0.00,0.00,100,76.9,100,76.9,100,76.9,100,64.24
18.8,42.6,0.00,0.00,100,76.9,100,76.9,100,76.9,100,64.24
20.1,42.6,0.00,0.00,100,76.9,100,76.9,100,76.9,100,64.24
19.8,42.6,0.00,0.00,100,76.9,100,76.9,100,76.9,100,64.24
15.7,42.6,0.00,0.00,100,76.9,100,76.9,100,76.9,100,64.24
17.5,42.6,0.00,0.00,100,76.9,100,76.9,100,76.9,100,64.24
18.7,42.6,0.00,0.00,100,76.9,100,76.9,100,76.9,100,64.24
20.6,42.6,0.00,0.00,100,76.9,100,76.9,100,76.9,100,64.24
22.6,42.6,0.00,0.00,100,76.9,100,76.9,100,76.9,100,64.24
15.2,42.6,0.00,0.00,100,76.9,100,76.9,100,76.9,100,64.24
16.7,42.6,0.00,0.00,100,76.9,100,76.9,100,76.9,100,64.24
17.9,42.6,0.00,0.00,100,76.9,100,76.9,100,76.9,100,64.24
17.1,42.6,0.00,0.00,100,76.9,100,76.9,100,76.9,100,64.24
23.3,42.6,0.00,0.00,100,76.9,100,76.9,100,76.9,100,64.24
17.6,42.6,0.00,0.00,100,76.9,100,76.9,100,76.9,100,64.24
17.2,42.6,0.00,0.00,100,76.9,100,76.9,100,76.9,100,64.24
14.6,42.6,0.00,0.00,100,76.9,100,76.9,100,76.9,100,64.24
15.6,42.6,0.00,0.00,100,76.9,100,76.9,100,76.9,100,64.24
20.7,42.6,0.00,0.00,100,76.9,100,76.9,100,76.9,100,64.24
15.9,42.6,0.00,0.00,100,76.9,100,76.9,100,76.9,100,64.24
16.8,42.6,0.00,0.00,100,76.9,100,76.9,100,76.9,100,64.24
17.8,42.6,0.00,0.00,100,76.9,100,76.9,100,76.9,100,64.24
18.5,42.6,0.00,0.00,100,76.9,100,76.9,100,76.9,100,64.24
21.4,42.6,0.00,0.00,100,76.9,100,76.9,100,76.9,100,64.24
15.5,42.6,0.00,0.00,100,76.9,100,76.9,100,76.9,100,64.24
18.8,42.6,0.00,0.00,100,76.9,100,76.9,100,76.9,100,64.24
17.4,42.6,0.00,0.00,100,76.9,100,76.9,100,76.9,100,64.24
22.9,42.6,0.00,0.00,100,76.9,100,76.9,100,76.9,100,64.24
21.2,42.6,0.00,0.00,100,76.9,100,76.9,100,76.9,100,64.24
19.5,42.6,0.00,0.00,100,76.9,100,76.9,100,76.9,100,64.24
20.1,42.6,0.00,0.00,100,76.9,100,76.9,100,76.9,100,64.24
20.1,42.6,0.00,0.00,100,76.9,100,76.9,100,76.9,100,64.24
20.9,42.6,0.00,0.00,100,76.9,100,76.9,100,76.9,100,64.24
20.9,42.6,0.00,0.00,100,76.9,100,76.9,100,76.9,100,64.24
15.2,42.6,0.00,0.00,100,76.9,100,76.9,100,76.9,100,64.24
17.6,42.6,0.00,0.00,100,76.9,100,76.9,100,76.9,21,64.31
15.2,41.0,0.00,0.00,100,76.9,100,76.9,95,76.9,0,64.31
42.4,36.5,0.00,0.00,94,76.9,90,76.9,82,76.9,0,64.31
63.2,37.2,0.00,0.00,85,76.9,88,76.9,90,76.9,0,64.31
54.5,33.2,0.00,0.00,53,76.9,0,76.9,0,76.9,0,64.31
70.2,34.6,0.00,0.00,0,76.9,0,76.9,0,76.9,0,64.31
15.4,35.8,0.00,0.00,0,76.9,0,76.9,0,76.9,0,64.31
22.2,37.3,0.00,0.00,0,76.9,0,76.9,0,76.9,0,64.31
20.8,38.4,0.00,0.00,0,76.9,0,76.9,0,76.9,0,64.31
19.3,40.0,0.00,0.00,0,76.9,0,76.9,0,76.9,44,64.31
18.0,40.7,0.00,0.00,0,76.9,0,76.9,0,76.9,100,64.31
55.5,41.7,0.00,0.00,18,76.9,100,76.9,69,76.9,100,64.31
17.2,42.2,0.00,0.00,100,76.9,100,76.9,100,76.9,100,64.31
19.3,42.6,0.00,0.00,99,76.9,99,76.9,100,76.9,100,64.31
21.1,42.7,0.00,0.00,100,76.9,100,76.9,100,76.9,99,64.31
22.3,42.7,0.00,0.00,100,76.9,100,76.9,100,76.9,100,64.31
22.6,42.7,0.00,0.00,100,76.9,100,76.9,100,76.9,100,64.31
19.0,42.7,0.00,0.00,100,76.9,100,76.9,100,76.9,100,64.31
21.6,42.7,0.00,0.00,100,76.9,100,76.9,100,76.9,100,64.31
17.5,42.7,0.00,0.00,100,76.9,100,76.9,100,76.9,100,64.31
22.2,42.7,0.00,0.00,100,76.9,100,76.9,100,76.9,100,64.31
21.7,42.7,0.00,0.00,100,76.9,100,76.9,100,76.9,100,64.31
23.4,42.7,0.00,0.00,100,76.9,100,76.9,100,76.9,100,64.31
17.0,42.7,0.00,0.00,100,76.9,100,76.9,100,76.9,100,64.31
15.0,42.6,0.00,0.00,100,76.9,100,76.9,100,76.9,100,64.31
19.8,42.7,0.00,0.00,100,76.9,100,76.9,100,76.9,100,64.31
21.0,42.7,0.00,0.00,100,76.9,100,76.9,100,76.9,100,64.31
23.3,42.7,0.00,0.00,100,76.9,100,76.9,100,76.9,100,64.31
21.3,42.7,0.00,0.00,100,76.9,100,76.9,100,76.9,100,64.31
20.5,42.6,0.00,0.00,100,76.9,100,76.9,100,76.9,100,64.31
19.6,42.6,0.00,0.00,100,76.9,100,76.9,100,76.9,100,64.31
19.6,42.7,0.00,0.00,100,76.9,100,76.9,100,76.9,100,64.31
21.5,42.7,0.00,0.00,100,76.9,100,76.9,100,76.9,100,64.31
21.1,42.7,0.00,0.00,100,76.9,100,76.9,100,76.9,100,64.31
22.4,42.7,0.00,0.00,100,76.9,100,76.9,100,76.9,100,64.31
20.8,42.7,0.00,0.00,100,76.9,100,76.9,100,76.9,100,64.31
18.5,42.7,0.00,0.00,100,76.9,100,76.9,100,76.9,100,64.31
14.8,42.7,0.00,0.00,100,76.9,100,76.9,100,76.9,100,64.31
20.7,42.7,0.00,0.00,100,76.9,100,76.9,100,76.9,100,64.31
22.6,42.7,0.00,0.00,100,76.9,100,76.9,100,76.9,100,64.31
23.0,42.7,0.00,0.00,100,76.9,100,76.9,100,76.9,100,64.31
18.2,42.7,0.00,0.00,100,76.9,100,76.9,100,76.9,100,64.31
15.4,42.7,0.00,0.00,100,76.9,100,76.9,100,76.9,100,64.31
16.7,42.7,0.00,0.00,100,76.9,100,76.9,100,76.9,100,64.31
22.1,42.7,0.00,0.00,100,76.9,100,76.9,100,76.9,100,64.31
20.8,42.7,0.00,0.00,100,76.9,100,76.9,100,76.9,100,64.31
21.3,42.7,0.00,0.00,100,76.9,100,76.9,100,76.9,100,64.31
18.1,42.7,0.00,0.00,100,76.9,100,76.9,100,76.9,100,64.31
16.9,42.7,0.00,0.00,100,76.9,100,76.9,100,76.9,100,64.31
16.9,42.7,0.00,0.00,100,76.9,100,76.9,100,76.9,100,64.31
22.0,42.7,0.00,0.00,100,76.9,100,76.9,100,76.9,100,64.31
21.7,42.7,0.00,0.00,100,76.9,100,76.9,100,76.9,100,64.31
21.3,42.7,0.00,0.00,100,76.9,100,76.9,100,76.9,100,64.31
19.5,42.7,0.00,0.00,100,76.9,100,76.9,100,76.9,100,64.31
19.8,42.7,0.00,0.00,100,76.9,100,76.9,100,76.9,100,64.31
19.8,42.7,0.00,0.00,100,76.9,100,76.9,100,76.9,100,64.31
22.7,42.7,0.00,0.00,100,76.9,100,76.9,100,76.9,100,64.31
22.4,42.7,0.00,0.00,100,76.9,100,76.9,100,76.9,100,64.31
22.8,42.7,0.00,0.00,100,76.9,100,76.9,100,76.9,100,64.31
17.3,42.7,0.00,0.00,100,76.9,100,76.9,100,76.9,100,64.31
19.2,42.7,0.00,0.00,100,76.9,100,76.9,100,76.9,100,64.31
20.4,42.7,0.00,0.00,100,76.9,100,76.9,100,76.9,100,64.31
21.7,42.7,0.00,0.00,100,76.9,100,76.9,100,76.9,100,64.31
20.5,42.7,0.00,0.00,100,76.9,100,76.9,100,76.9,100,64.31
21.7,42.7,0.00,0.00,100,76.9,100,76.9,100,76.9,100,64.31
21.9,42.7,0.00,0.00,100,76.9,100,76.9,100,76.9,100,64.31
17.3,42.7,0.00,0.00,100,76.9,100,76.9,100,76.9,100,64.31
18.6,42.7,0.00,0.00,100,76.9,100,76.9,100,76.9,100,64.31
20.3,42.7,0.00,0.00,100,76.9,100,76.9,100,76.9,100,64.31
20.4,42.7,0.00,0.00,100,76.9,100,76.9,100,76.9,100,64.31
21.4,42.7,0.00,0.00,100,76.9,100,76.9,100,76.9,100,64.31
20.9,42.7,0.00,0.00,100,76.9,100,76.9,100,76.9,100,64.31
20.0,42.7,0.00,0.00,100,76.9,100,76.9,100,76.9,100,64.31
20.8,42.7,0.00,0.00,100,76.9,100,76.9,100,76.9,100,64.31
22.0,42.7,0.00,0.00,100,76.9,100,76.9,100,76.9,100,64.31
22.5,42.7,0.00,0.00,100,76.9,100,76.9,100,76.9,100,64.31
21.7,42.7,0.00,0.00,100,76.9,100,76.9,100,76.9,100,64.31
20.9,42.7,0.00,0.00,100,76.9,100,76.9,100,76.9,100,64.31
20.0,42.7,0.00,0.00,100,76.9,100,76.9,100,76.9,100,64.31
19.5,42.7,0.00,0.00,100,76.9,100,76.9,100,76.9,100,64.31
20.5,42.7,0.00,0.00,100,76.9,100,76.9,100,76.9,100,64.31
21.9,42.7,0.00,0.00,100,76.9,100,76.9,100,76.9,100,64.31
21.1,42.7,0.00,0.00,100,76.9,100,76.9,100,76.9,100,64.31
20.8,42.7,0.00,0.00,100,76.9,100,76.9,100,76.9,100,64.31
20.6,42.7,0.00,0.00,100,76.9,100,76.9,100,76.9,100,64.31
20.3,42.7,0.00,0.00,100,76.9,100,76.9,100,76.9,100,64.31
19.8,42.7,0.00,0.00,100,76.9,100,76.9,100,76.9,100,64.31
21.3,42.7,0.00,0.00,100,76.9,100,76.9,100,76.9,100,64.31
21.5,42.7,0.00,0.00,100,76.9,100,76.9,100,76.9,100,64.31
21.7,42.7,0.00,0.00,100,76.9,100,76.9,100,76.9,100,64.31
18.8,42.7,0.00,0.00,100,76.9,100,76.9,100,76.9,100,64.31
20.3,42.7,0.00,0.00,100,76.9,100,76.9,100,76.9,100,64.31
18.8,42.7,0.00,0.00,100,76.9,100,76.9,100,76.9,100,64.31
21.0,42.7,0.00,0.00,100,76.9,100,76.9,100,76.9,100,64.31
21.6,42.7,0.00,0.00,100,76.9,100,76.9,100,76.9,100,64.31
18.7,42.7,0.00,0.00,100,76.9,100,76.9,100,76.9,100,64.31
17.0,42.7,0.00,0.00,100,76.9,100,76.9,100,76.9,100,64.31
15.4,42.7,0.00,0.00,100,76.9,100,76.9,100,76.9,100,64.31
36.8,37.6,0.00,0.00,100,63.56,85,63.56,33,63.56,100,64.31
70.9,23.6,0.00,0.00,2,63.56,0,63.56,0,63.56,100,64.31
63.8,24.0,0.00,0.00,0,63.56,0,63.56,0,63.56,100,64.31
10.3,24.6,0.00,0.00,0,63.56,0,63.56,0,63.56,100,64.31
85.4,25.2,0.00,0.00,0,63.56,0,63.56,0,63.56,100,64.31
79.9,25.8,0.00,0.00,0,63.56,0,63.56,0,63.56,100,64.31
11.2,26.4,0.00,0.00,0,63.56,0,63.56,0,63.56,100,64.31
11.9,26.9,0.00,0.00,0,63.56,0,63.56,0,63.56,100,64.31
11.6,27.6,0.00,0.00,0,63.56,0,63.56,0,63.56,100,64.31
14.9,27.8,0.00,0.00,0,63.56,0,63.56,69,63.56,100,64.31
8.9,28.2,0.00,0.00,100,63.56,95,63.56,100,63.56,100,64.31
14.8,28.3,0.00,0.00,100,63.56,100,63.56,100,63.56,100,64.31
13.3,28.3,0.00,0.00,100,63.56,100,63.56,100,63.56,100,64.31
13.7,28.3,0.00,0.00,100,63.56,100,63.56,100,63.56,100,64.31
13.6,28.2,0.00,0.00,100,63.56,100,63.56,100,63.56,100,64.31
15.1,28.2,0.00,0.00,100,63.56,100,63.56,100,63.56,100,64.31
14.1,28.2,0.00,0.00,100,63.56,100,63.56,100,63.56,100,64.31
14.2,28.2,0.00,0.00,100,63.56,100,63.56,100,63.56,100,64.31
14.1,28.2,0.00,0.00,100,63.56,100,63.56,100,63.56,100,64.31
12.3,28.2,0.00,0.00,100,63.56,100,63.56,100,63.56,100,64.31
11.9,28.2,0.00,0.00,100,63.56,100,63.56,100,63.56,100,64.31
14.6,28.2,0.00,0.00,100,63.56,100,63.56,100,63.56,100,64.31
14.0,28.2,0.00,0.00,100,63.56,100,63.56,100,63.56,100,64.31
13.9,28.2,0.00,0.00,100,63.56,100,63.56,100,63.56,100,64.31
11.3,28.1,0.00,0.00,100,63.56,100,63.56,100,63.56,100,64.31
8.9,28.1,0.00,0.00,100,63.56,100,63.56,100,63.56,100,64.31
13.6,28.2,0.00,0.00,100,63.56,100,63.56,100,63.56,100,64.31
14.6,28.2,0.00,0.00,100,63.56,100,63.56,100,63.56,100,64.31
13.6,28.2,0.00,0.00,100,63.56,100,63.56,100,63.56,100,64.31
13.8,28.2,0.00,0.00,100,63.56,100,63.56,100,63.56,100,64.31
9.9,28.1,0.00,0.00,100,63.56,100,63.56,100,63.56,100,64.31
8.4,28.1,0.00,0.00,100,63.56,100,63.56,100,63.56,100,64.31
12.6,28.2,0.00,0.00,100,63.56,100,63.56,100,63.56,100,64.31
13.5,28.2,0.00,0.00,100,63.56,100,63.56,100,63.56,100,64.31
15.5,28.2,0.00,0.00,100,63.56,100,63.56,100,63.56,100,64.31
10.3,28.1,0.00,0.00,100,63.56,100,63.56,100,63.56,100,64.31
10.1,28.1,0.00,0.00,100,63.56,100,63.56,100,63.56,100,64.31
10.6,28.2,0.00,0.00,100,63.56,100,63.56,100,63.56,100,64.31
14.0,28.2,0.00,0.00,100,63.56,100,63.56,100,63.56,100,64.31
14.3,28.2,0.00,0.00,100,63.56,100,63.56,100,63.56,100,64.31
12.8,28.2,0.00,0.00,100,63.56,100,63.56,100,63.56,100,64.31
9.0,28.1,0.00,0.00,100,63.56,100,63.56,100,63.56,100,64.31
9.0,28.2,0.00,0.00,100,63.56,100,63.56,100,63.56,100,64.31
10.5,28.2,0.00,0.00,100,63.56,100,63.56,100,63.56,100,64.31
17.4,28.2,0.00,0.00,100,63.56,100,63.56,100,63.56,100,64.31
15.1,28.2,0.00,0.00,100,63.56,100,63.56,100,63.56,100,64.31
13.1,28.2,0.00,0.00,100,63.56,100,63.56,100,63.56,100,64.31
11.3,28.2,0.00,0.00,100,63.56,100,63.56,100,63.56,100,64.31
10.9,28.2,0.00,0.00,100,63.56,100,63.56,100,63.56,100,64.31
10.8,28.2,0.00,0.00,100,63.56,100,63.56,100,63.56,100,64.31
15.4,28.2,0.00,0.00,100,63.56,100,63.56,100,63.56,100,64.31
15.4,28.2,0.00,0.00,100,63.56,100,63.56,100,63.56,100,64.31
13.1,28.2,0.00,0.00,100,63.56,100,63.56,100,63.56,100,64.31
8.8,28.1,0.00,0.00,100,63.56,100,63.56,100,63.56,100,64.31
8.9,28.1,0.00,0.00,100,63.56,100,63.56,100,63.56,100,64.31
11.1,28.1,0.00,0.00,100,63.56,100,63.56,100,63.56,100,64.31
14.1,28.2,0.00,0.00,100,63.56,100,63.56,100,63.56,100,64.31
15.1,28.2,0.00,0.00,100,63.56,100,63.56,100,63.56,100,64.31
13.3,28.2,0.00,0.00,100,63.56,100,63.56,100,63.56,100,64.31
12.4,28.2,0.00,0.00,100,63.56,100,63.56,100,63.56,100,64.31
10.6,28.1,0.00,0.00,100,63.56,100,63.56,100,63.56,100,64.31
11.7,28.1,0.00,0.00,100,63.56,100,63.56,100,63.56,100,64.31
14.9,28.2,0.00,0.00,100,63.56,100,63.56,100,63.56,100,64.31
14.0,28.2,0.00,0.00,100,63.56,100,63.56,100,63.56,100,64.31
13.6,28.2,0.00,0.00,100,63.56,100,63.56,100,63.56,100,64.31
10.6,28.2,0.00,0.00,100,63.56,100,63.56,100,63.56,100,64.31
8.9,28.2,0.00,0.00,100,63.56,100,63.56,100,63.56,100,64.31
12.3,28.1,0.00,0.00,100,63.56,100,63.56,100,63.56,100,64.31
13.6,28.2,0.00,0.00,100,63.56,100,63.56,100,63.56,100,64.31
13.7,28.2,0.00,0.00,100,63.56,100,63.56,100,63.56,100,64.31
13.7,28.2,0.00,0.00,100,63.56,100,63.56,100,63.56,100,64.31
9.2,28.1,0.00,0.00,100,63.56,100,63.56,100,63.56,100,64.31
8.5,28.1,0.00,0.00,100,63.56,100,63.56,100,63.56,100,64.31
12.9,28.1,0.00,0.00,100,63.56,100,63.56,100,63.56,100,64.31
13.0,28.1,0.00,0.00,100,63.56,100,63.56,100,63.56,100,64.31
12.4,28.1,0.00,0.00,100,63.56,100,63.56,100,63.56,100,64.31
9.1,28.1,0.00,0.00,100,63.56,100,63.56,86,63.56,100,64.31
9.8,23.3,0.00,0.00,11,63.56,0,63.56,0,63.56,100,64.31
61.5,23.9,0.00,0.00,0,63.56,0,63.56,0,63.56,100,64.31
11.6,24.6,0.00,0.00,0,63.56,0,63.56,0,63.56,98,64.31
58.3,25.1,0.00,0.00,0,63.56,0,63.56,0,63.56,100,64.31
49.9,25.7,0.00,0.00,0,63.56,0,63.56,0,63.56,100,64.31
75.5,26.3,0.00,0.00,0,63.56,0,63.56,0,63.56,100,64.31
88.3,26.9,0.00,0.00,0,63.56,0,63.56,0,63.56,100,64.31
62.6,27.5,0.00,0.00,0,63.56,0,63.56,0,63.56,99,64.31
18.2,28.0,0.00,0.00,0,63.56,0,63.56,100,63.56,100,64.31
15.9,28.1,0.00,0.00,100,63.56,100,63.56,100,63.56,100,64.31
15.0,28.1,0.00,0.00,100,63.56,100,63.56,100,63.56,100,64.31
10.7,28.1,0.00,0.00,100,63.56,100,63.56,100,63.56,100,64.31
10.4,28.1,0.00,0.00,100,63.56,100,63.56,100,63.56,100,64.31
8.8,28.1,0.00,0.00,100,63.56,100,63.56,100,63.56,100,64.31
14.8,28.1,0.00,0.00,100,63.56,100,63.56,100,63.56,100,64.31
11.9,28.1,0.00,0.00,100,63.56,100,63.56,100,63.56,100,64.31
13.8,28.1,0.00,0.00,100,63.56,100,63.56,100,63.56,100,64.31
8.5,28.1,0.00,0.00,100,63.56,100,63.56,100,63.56,100,64.31
9.1,28.1,0.00,0.00,100,63.56,100,63.56,100,63.56,100,64.31
8.9,28.1,0.00,0.00,100,63.56,100,63.56,100,63.56,100,64.31
14.4,28.1,0.00,0.00,100,63.56,100,63.56,100,63.56,100,64.31
13.0,28.1,0.00,0.00,100,63.56,100,63.56,100,63.56,100,64.31
14.4,28.1,0.00,0.00,100,63.56,100,63.56,100,63.56,36,2.95
16.4,23.3,0.00,0.00,100,63.56,100,63.56,100,63.56,2,2.95
9.0,23.0,0.00,0.00,100,63.56,100,63.56,100,63.56,0,2.95
7.3,23.0,0.00,0.00,100,63.56,100,63.56,100,63.56,0,2.95
12.1,23.0,0.00,0.00,100,63.56,100,63.56,100,63.56,0,2.95
11.5,23.0,0.00,0.00,100,63.56,100,63.56,100,63.56,0,2.95
10.7,23.0,0.00,0.00,100,63.56,100,63.56,100,63.56,0,2.95
6.5,23.0,0.00,0.00,100,63.56,100,63.56,100,63.56,0,2.95
11.1,23.0,0.00,0.00,100,63.56,100,63.56,100,63.56,0,2.95
7.5,23.0,0.00,0.00,100,63.56,100,63.56,100,63.56,0,2.95
12.7,23.0,0.00,0.00,100,63.56,100,63.56,100,63.56,0,2.95
12.5,23.0,0.00,0.00,100,63.56,100,63.56,100,63.56,0,2.95
11.7,23.0,0.00,0.00,100,63.56,100,63.56,100,63.56,0,2.95
11.0,23.0,0.00,0.00,100,63.56,100,63.56,100,63.56,0,2.95
11.1,23.0,0.00,0.00,100,63.56,100,63.56,100,63.56,0,2.95
10.7,23.0,0.00,0.00,100,63.56,100,63.56,100,63.56,0,2.95
11.0,23.0,0.00,0.00,100,63.56,100,63.56,100,63.56,0,2.95
11.3,23.0,0.00,0.00,100,63.56,100,63.56,100,63.56,0,2.95
12.2,23.0,0.00,0.00,100,63.56,100,63.56,100,63.56,0,2.95
10.6,23.0,0.00,0.00,100,63.56,100,63.56,100,63.56,0,2.95
7.5,23.0,0.00,0.00,100,63.56,100,63.56,100,63.56,0,2.95
6.7,23.0,0.00,0.00,100,63.56,100,63.56,100,63.56,0,2.95
10.5,23.0,0.00,0.00,100,63.56,100,63.56,100,63.56,0,2.95
11.1,23.0,0.00,0.00,100,63.56,100,63.56,100,63.56,0,2.95
11.2,23.0,0.00,0.00,100,63.56,100,63.56,100,63.56,0,2.95
12.1,23.0,0.00,0.00,100,63.56,100,63.56,100,63.56,0,2.95
6.9,23.0,0.00,0.00,100,63.56,100,63.56,100,63.56,0,2.95
7.7,23.0,0.00,0.00,100,63.56,100,63.56,100,63.56,0,2.95
11.1,23.0,0.00,0.00,100,63.56,100,63.56,100,63.56,0,2.95
11.1,23.0,0.00,0.00,100,63.56,100,63.56,100,63.56,0,2.95
12.3,23.0,0.00,0.00,100,63.56,100,63.56,100,63.56,0,2.95
6.9,23.0,0.00,0.00,100,63.56,100,63.56,100,63.56,0,2.95
9.4,23.0,0.00,0.00,100,63.56,100,63.56,100,63.56,0,2.95
11.0,23.0,0.00,0.00,100,63.56,100,63.56,100,63.56,0,2.95
11.1,23.0,0.00,0.00,100,63.56,100,63.56,100,63.56,0,2.95
11.9,23.0,0.00,0.00,100,63.56,100,63.56,100,63.56,0,2.95
13.8,23.0,0.00,0.00,100,63.56,100,63.56,100,63.56,0,2.95
10.9,23.0,0.00,0.00,100,63.56,100,63.56,100,63.56,0,2.95
7.3,23.0,0.00,0.00,100,63.56,100,63.56,100,63.56,0,2.95
11.4,23.1,0.00,0.00,100,63.56,100,63.56,100,63.56,0,2.95
10.3,23.1,0.00,0.00,100,63.56,100,63.56,100,63.56,0,2.95
10.7,23.1,0.00,0.00,100,63.56,100,63.56,100,63.56,0,2.95
11.3,23.0,0.00,0.00,100,63.56,100,63.56,100,63.56,0,2.95
7.1,23.0,0.00,0.00,100,63.56,100,63.56,100,63.56,0,2.95
6.5,23.0,0.00,0.00,100,63.56,100,63.56,100,63.56,0,2.95
10.3,23.1,0.00,0.00,100,63.56,100,63.56,100,63.56,0,2.95
12.0,23.1,0.00,0.00,100,63.56,100,63.56,100,63.56,0,2.95
10.6,23.0,0.00,0.00,100,63.56,100,63.56,100,63.56,0,2.95
6.3,23.0,0.00,0.00,100,63.56,100,63.56,100,63.56,0,2.95
6.7,23.0,0.00,0.00,100,63.56,100,63.56,100,63.56,0,2.95
7.3,23.0,0.00,0.00,100,63.56,100,63.56,100,63.56,0,2.95
12.4,23.0,0.00,0.00,100,63.56,100,63.56,100,63.56,0,2.95
10.0,23.0,0.00,0.00,100,63.56,100,63.56,100,63.56,0,2.95
9.2,23.0,0.00,0.00,100,63.56,100,63.56,100,63.56,0,2.95
25.6,23.0,0.00,0.00,100,63.56,69,63.56,0,63.51,0,2.95
2.3,8.5,0.00,0.00,0,2.95,12,2.95,0,2.95,0,2.95
3.8,8.2,0.00,0.00,0,2.95,0,2.95,0,2.95,0,2.95
3.1,8.2,0.00,0.00,0,2.95,0,2.95,0,2.95,0,2.95
17.3,9.5,0.00,0.00,0,2.95,0,2.95,0,2.95,0,2.95
13.8,10.4,0.00,0.00,0,2.95,0,2.95,0,2.95,0,2.95
88.8,12.3,0.00,0.00,0,2.95,0,2.95,0,2.95,0,2.95
54.1,14.0,0.00,0.00,0,2.95,0,2.95,0,2.95,0,2.95
6.5,15.0,0.00,0.00,0,2.95,0,2.95,0,2.95,0,2.95
9.5,15.3,0.00,0.00,0,3.19,0,5.6,0,3.07,3,10.81
26.2,22.7,0.00,0.00,3,21.33,6,19.17,4,14.16,6,23.14
88.4,34.3,0.00,0.00,7,34.98,6,25.25,5,17.23,0,23.14
60.9,36.3,0.00,0.00,2,34.98,0,25.25,0,17.23,0,23.14
50.9,37.4,0.00,0.00,0,34.98,0,25.25,0,17.23,0,23.14
14.8,38.6,0.00,0.00,0,34.98,0,25.25,0,17.23,0,23.14
23.5,39.5,0.00,0.00,0,34.98,0,25.25,0,17.23,0,23.14
16.2,40.8,0.00,0.00,0,34.98,0,25.25,0,17.23,0,23.14
44.6,41.8,0.00,0.00,0,34.98,0,25.25,0,17.23,0,23.14
32.1,43.2,0.00,0.00,0,34.98,0,25.25,0,17.23,0,23.14
89.8,44.2,0.00,0.00,0,35.25,0,27.16,0,17.23,1,37.15
31.9,47.6,0.00,0.00,1,41.08,52,34.24,0,19.09,72,39.23
58.6,51.0,0.00,0.00,83,53.83,52,46.91,28,30.61,68,39.23
30.7,51.8,0.00,0.00,97,53.83,95,46.91,54,30.61,62,39.23
34.8,52.8,0.00,0.00,88,53.83,92,46.91,69,30.61,68,39.23
35.9,53.7,0.00,0.00,86,53.83,92,46.91,69,30.61,64,39.23
38.9,54.6,0.00,0.00,89,53.83,91,46.91,65,30.61,64,39.23
34.2,55.5,0.00,0.00,85,53.83,88,46.91,74,30.61,65,39.23
61.6,56.3,0.00,0.00,94,53.83,76,46.91,67,30.61,73,39.23
64.3,57.1,0.00,0.00,98,53.83,91,46.91,63,30.61,68,39.23
31.4,57.9,0.00,0.00,96,53.85,96,46.91,72,30.61,71,39.23
31.0,58.4,0.00,0.00,88,53.85,93,46.91,70,30.61,69,39.23
15.2,59.1,0.00,0.00,94,53.85,98,46.91,79,30.61,81,39.23
18.8,59.1,0.00,0.00,100,53.85,98,46.91,73,30.61,85,39.23
20.6,59.1,0.00,0.00,100,53.85,98,46.91,59,30.61,78,39.23
24.1,59.1,0.00,0.00,99,53.85,98,46.91,68,30.61,78,39.23
23.5,59.1,0.00,0.00,99,53.85,98,46.91,60,30.61,78,39.23
23.1,59.1,0.00,0.00,99,53.85,98,46.91,73,30.61,82,39.23
23.0,59.1,0.00,0.00,97,53.85,95,46.91,75,30.61,79,39.23
18.8,59.1,0.00,0.00,99,53.85,97,46.91,77,30.61,87,39.23
21.5,59.1,0.00,0.00,100,53.85,98,46.91,80,30.61,80,39.23
21.3,59.1,0.00,0.00,99,53.85,98,46.91,77,30.61,87,39.23
22.6,59.1,0.00,0.00,100,53.85,98,46.91,72,30.61,82,39.23
23.9,59.2,0.00,0.00,99,53.85,96,46.91,74,30.61,86,39.23
22.9,59.2,0.00,0.00,100,53.85,98,46.91,67,30.61,84,39.23
22.2,59.2,0.00,0.00,99,53.85,98,46.91,59,30.61,82,39.23
21.1,59.1,0.00,0.00,99,53.85,98,46.91,68,30.61,89,39.23
18.7,59.1,0.00,0.00,100,53.85,98,46.91,59,30.61,91,39.23
18.9,59.1,0.00,0.00,100,53.85,98,46.91,71,30.61,87,39.23
23.4,59.2,0.00,0.00,92,53.85,98,46.91,75,30.61,84,39.23
22.8,59.1,0.00,0.00,100,53.85,97,46.91,66,30.61,84,39.23
21.9,59.2,0.00,0.00,100,53.85,95,46.91,75,30.61,88,39.23
23.8,59.2,0.00,0.00,99,53.85,96,46.91,71,30.61,86,39.23
34.1,59.1,0.00,0.00,98,53.95,88,47.93,0,33.1,85,39.23
27.6,57.0,0.00,0.00,80,67.33,53,60.41,83,44.09,84,39.23
24.0,57.4,0.00,0.00,92,67.33,90,60.41,86,44.09,83,39.23
76.5,58.1,0.00,0.00,95,67.33,85,60.41,57,44.09,84,39.23
27.8,58.5,0.00,0.00,98,67.33,93,60.41,73,44.09,71,39.23
26.1,58.9,0.00,0.00,98,67.33,97,60.41,58,44.09,80,39.23
28.2,59.6,0.00,0.00,95,67.33,97,60.41,70,44.09,83,39.23
24.7,59.9,0.00,0.00,97,67.33,91,60.41,66,44.09,87,39.23
28.4,60.6,0.00,0.00,98,67.33,89,60.41,48,44.09,88,39.23
26.8,61.0,0.00,0.00,98,67.33,90,60.41,59,44.09,78,39.23
24.8,61.4,0.00,0.00,94,67.33,94,60.41,78,44.09,83,39.23
24.4,61.6,0.00,0.00,98,67.33,96,60.41,78,44.09,81,39.23
16.3,61.5,0.00,0.00,98,67.33,98,60.41,65,44.09,93,39.23
21.6,61.5,0.00,0.00,99,67.33,99,60.41,85,44.09,85,39.23
22.6,61.6,0.00,0.00,99,67.33,97,60.41,82,44.09,88,39.23
22.9,61.5,0.00,0.00,99,67.33,98,60.41,79,44.09,85,39.23
23.3,61.6,0.00,0.00,97,67.33,96,60.41,78,44.09,87,39.23
18.2,61.5,0.00,0.00,99,67.33,98,60.41,79,44.09,93,39.23
21.3,61.5,0.00,0.00,98,67.33,100,60.41,86,44.09,93,39.23
15.7,61.5,0.00,0.00,99,67.33,99,60.41,78,44.09,91,39.23
24.2,61.5,0.00,0.00,99,67.33,99,60.41,82,44.09,90,39.23
22.2,61.5,0.00,0.00,98,67.33,98,60.41,77,44.09,88,39.23
21.6,61.5,0.00,0.00,99,67.33,98,60.41,61,44.09,85,39.23
21.2,61.5,0.00,0.00,98,67.33,98,60.41,80,44.09,87,39.23
16.8,61.5,0.00,0.00,98,67.33,96,60.41,86,44.09,92,39.23
18.0,61.5,0.00,0.00,99,67.33,99,60.41,89,44.09,89,39.23
21.0,61.5,0.00,0.00,99,67.33,99,60.41,83,44.09,94,39.23
23.0,61.6,0.00,0.00,98,67.33,98,60.41,81,44.09,91,39.23
22.4,61.6,0.00,0.00,98,67.33,97,60.41,80,44.09,84,39.23
21.1,61.6,0.00,0.00,98,67.33,98,60.41,82,44.09,89,39.23
23.4,61.6,0.00,0.00,99,67.33,97,60.41,81,44.09,89,39.23
17.5,61.5,0.00,0.00,99,67.33,99,60.41,88,44.09,78,39.23
15.7,61.5,0.00,0.00,99,67.33,97,60.41,86,44.09,92,39.23
16.5,61.5,0.00,0.00,98,67.33,99,60.41,84,44.09,87,39.23
21.3,61.6,0.00,0.00,98,67.33,98,60.41,77,44.09,85,39.23
17.4,61.6,0.00,0.00,99,67.33,98,60.48,83,44.18,83,39.23
24.6,56.6,0.00,0.00,85,67.43,64,60.48,58,44.18,79,39.23
25.3,57.3,0.00,0.00,95,67.43,98,60.48,72,44.18,78,39.23
23.6,57.7,0.00,0.00,100,67.43,98,60.48,66,44.18,80,39.23
23.8,58.5,0.00,0.00,94,67.43,97,60.48,65,44.18,92,39.23
35.5,58.9,0.00,0.00,96,67.43,95,60.48,73,44.18,74,39.23
31.0,59.6,0.00,0.00,97,67.43,97,60.48,62,44.18,82,39.23
25.9,59.9,0.00,0.00,98,67.43,95,60.48,64,44.18,87,39.23
68.6,60.4,0.00,0.00,95,67.43,98,60.48,71,44.18,72,39.23
22.6,61.0,0.00,0.00,92,67.43,95,60.48,84,44.18,81,39.23
32.1,61.5,0.00,0.00,93,67.43,96,60.48,71,44.18,91,39.23
17.4,61.6,0.00,0.00,100,67.43,99,60.48,68,44.18,91,39.23
22.4,61.6,0.00,0.00,100,67.43,98,60.48,64,44.18,86,39.23
24.8,61.6,0.00,0.00,99,67.43,97,60.48,77,44.18,81,39.23
21.7,61.6,0.00,0.00,99,67.43,97,60.48,74,44.18,83,39.23
23.3,61.6,0.00,0.00,99,67.43,98,60.48,74,44.18,89,39.23
21.0,61.6,0.00,0.00,99,67.43,97,60.48,75,44.18,86,39.23
16.5,61.6,0.00,0.00,100,67.43,98,60.48,63,44.18,83,39.23
18.4,61.6,0.00,0.00,99,67.43,98,60.48,72,44.18,85,39.23
23.6,61.6,0.00,0.00,99,67.43,98,60.48,60,44.18,88,39.23
22.7,61.6,0.00,0.00,99,67.43,98,60.48,74,44.18,85,39.23
23.6,61.6,0.00,0.00,100,67.43,98,60.48,75,44.18,87,39.23
23.7,61.6,0.00,0.00,99,67.43,98,60.48,68,44.18,85,39.23
20.1,61.6,0.00,0.00,99,67.43,99,60.48,78,44.18,90,39.23
19.4,61.6,0.00,0.00,100,67.43,98,60.48,86,44.18,93,39.23
16.6,61.6,0.00,0.00,100,67.43,98,60.48,84,44.18,93,39.23
23.4,61.6,0.00,0.00,97,67.43,98,60.48,71,44.18,85,39.23
23.2,61.6,0.00,0.00,99,67.43,98,60.48,74,44.18,82,39.23
24.6,61.6,0.00,0.00,99,67.43,98,60.48,77,44.18,88,39.23
22.4,61.6,0.00,0.00,99,67.43,97,60.48,73,44.18,88,39.23
25.7,61.6,0.00,0.00,99,67.45,97,60.48,65,44.18,87,39.23
19.6,60.9,0.00,0.00,83,72.92,96,60.48,79,44.18,95,39.23
38.4,61.1,0.00,0.00,89,72.92,72,60.48,27,44.18,88,39.23
33.1,56.8,0.00,0.00,89,72.92,84,60.48,79,44.18,86,39.23
79.5,57.3,0.00,0.00,100,72.92,89,60.48,55,44.18,82,39.23
30.0,56.4,0.00,0.00,92,72.92,79,60.55,70,44.18,72,39.23
28.5,57.4,0.00,0.00,80,72.92,78,60.55,62,44.18,65,39.23
25.2,57.8,0.00,0.00,87,72.92,85,60.55,79,44.18,71,39.23
23.8,59.2,0.00,0.00,88,72.92,90,60.55,61,44.18,75,39.23
24.2,59.8,0.00,0.00,92,72.92,74,60.55,82,44.18,85,39.23
88.8,60.8,0.00,0.00,89,72.92,74,60.55,73,44.18,87,39.23
64.1,61.3,0.00,0.00,97,72.92,78,60.55,63,44.18,88,39.23
31.4,61.9,0.00,0.00,96,72.92,79,60.55,76,44.18,86,39.23
24.5,62.2,0.00,0.00,93,72.92,82,60.55,72,44.18,85,39.23
17.1,62.3,0.00,0.00,95,72.92,78,60.55,84,44.18,93,39.23
22.6,62.4,0.00,0.00,99,72.92,100,60.55,89,44.18,91,39.23
19.0,62.4,0.00,0.00,99,72.92,100,60.55,85,44.18,90,39.23
21.2,62.5,0.00,0.00,97,72.92,99,60.55,79,44.18,91,39.23
23.1,62.5,0.00,0.00,96,72.92,98,60.55,78,44.18,86,39.23
24.0,62.4,0.00,0.00,99,72.92,97,60.55,79,44.18,89,39.23
24.1,62.5,0.00,0.00,98,72.92,98,60.55,87,44.18,86,39.23
19.7,62.4,0.00,0.00,97,72.92,99,60.55,80,44.18,89,39.23
20.0,62.4,0.00,0.00,99,72.92,100,60.55,83,44.18,91,39.23
20.7,62.4,0.00,0.00,99,72.92,100,60.55,76,44.18,87,39.23
21.9,62.4,0.00,0.00,99,72.92,99,60.55,83,44.18,91,39.23
22.6,62.4,0.00,0.00,97,72.92,97,60.55,78,44.18,86,39.23
24.8,62.4,0.00,0.00,98,72.92,96,60.55,79,44.18,88,39.23
24.1,62.4,0.00,0.00,97,72.92,97,60.55,86,44.18,86,39.23
21.7,62.4,0.00,0.00,96,72.92,98,60.55,84,44.18,88,39.23
21.8,62.4,0.00,0.00,93,72.92,100,60.55,84,44.18,92,39.23
15.2,62.4,0.00,0.00,100,72.92,98,60.55,87,44.18,85,39.23
21.9,62.4,0.00,0.00,100,72.92,92,60.55,78,44.18,88,39.23
23.0,62.4,0.00,0.00,98,72.92,94,60.55,81,44.18,85,39.23
18.4,62.4,0.00,0.00,96,72.92,99,60.55,30,44.18,87,39.23
99.0,57.8,0.00,0.00,93,72.92,90,60.55,44,44.18,85,39.23
42.1,58.3,0.00,0.00,97,72.92,96,60.55,71,44.18,86,39.23
80.3,59.0,0.00,0.00,98,72.92,94,60.55,68,44.18,83,39.23
95.4,59.5,0.00,0.00,98,72.92,98,60.55,72,44.18,88,39.23
41.0,60.1,0.00,0.00,99,72.92,92,60.55,63,44.18,78,39.23
28.5,60.6,0.00,0.00,95,72.92,97,60.55,58,44.18,69,39.23
27.0,60.9,0.00,0.00,88,72.92,96,60.55,75,44.18,78,39.23
29.4,61.6,0.00,0.00,94,72.92,90,60.55,71,44.18,89,39.23
45.7,62.0,0.00,0.00,98,72.92,95,60.55,67,44.18,87,39.23
28.0,62.4,0.00,0.00,99,72.92,98,60.55,73,44.18,83,39.23
23.2,62.5,0.00,0.00,99,72.92,98,60.55,65,44.18,83,39.23
23.6,62.5,0.00,0.00,98,72.92,98,60.55,74,44.18,89,39.23
21.6,62.5,0.00,0.00,100,72.92,98,60.55,73,44.18,87,39.23
17.2,62.4,0.00,0.00,99,72.92,98,60.55,74,44.18,92,39.23
22.6,62.5,0.00,0.00,99,72.92,97,60.55,66,44.18,89,39.23
22.7,62.4,0.00,0.00,98,72.92,98,60.55,59,44.18,86,39.23
22.9,62.4,0.00,0.00,99,72.92,98,60.55,57,44.18,87,39.23
21.3,62.4,0.00,0.00,99,72.92,98,60.55,68,44.18,84,39.23
26.7,62.5,0.00,0.00,99,72.92,98,60.55,72,44.18,92,39.23
22.1,62.4,0.00,0.00,100,72.92,98,60.55,81,44.18,88,39.23
16.5,62.4,0.00,0.00,100,72.92,98,60.55,80,44.18,93,39.23
21.5,62.4,0.00,0.00,99,72.92,98,60.55,79,44.18,89,39.23
22.2,62.4,0.00,0.00,99,72.92,98,60.55,69,44.18,88,39.23
22.9,62.4,0.00,0.00,99,72.92,98,60.55,73,44.18,87,39.23
21.7,62.4,0.00,0.00,99,72.92,98,60.55,66,44.18,84,39.23
21.2,62.4,0.00,0.00,98,72.92,99,60.55,62,44.18,92,39.23
18.2,62.4,0.00,0.00,100,72.92,99,60.55,60,44.18,93,39.23
16.9,62.4,0.00,0.00,100,72.92,99,60.55,57,44.18,90,39.23
23.1,62.4,0.00,0.00,99,72.92,98,60.55,63,44.18,91,39.23
23.7,62.4,0.00,0.00,100,72.92,97,60.55,74,44.18,85,39.23
22.2,62.4,0.00,0.00,99,72.92,98,60.55,75,44.18,84,39.23
20.0,62.4,0.00,0.00,99,72.92,98,60.55,67,44.18,85,39.23
26.5,57.6,0.00,0.00,86,72.92,68,60.55,82,44.18,84,39.23
28.2,58.2,0.00,0.00,86,72.92,99,60.55,79,44.18,74,39.23
25.4,58.8,0.00,0.00,83,72.92,97,60.55,83,44.18,77,39.23
28.5,59.4,0.00,0.00,86,72.92,99,60.55,67,44.18,76,39.23
28.3,59.7,0.00,0.00,90,72.92,96,60.55,70,44.18,77,39.23
29.4,60.4,0.00,0.00,93,72.92,91,60.55,65,44.18,81,39.23
95.0,60.7,0.00,0.00,98,72.92,87,60.55,67,44.18,75,39.23
47.9,61.3,0.00,0.00,96,72.92,82,60.55,83,44.18,94,39.23
73.2,61.9,0.00,0.00,92,72.92,90,60.55,89,44.18,90,39.23
16.7,62.4,0.00,0.00,99,72.92,99,60.55,87,44.18,90,39.23
26.3,62.5,0.00,0.00,98,72.92,98,60.55,84,44.18,85,39.23
24.3,62.5,0.00,0.00,96,72.92,96,60.55,79,44.18,87,39.23
23.2,62.5,0.00,0.00,99,72.92,99,60.55,83,44.18,86,39.23
23.8,62.4,0.00,0.00,97,72.92,97,60.55,78,44.18,85,39.23
16.7,62.4,0.00,0.00,97,72.92,96,60.55,83,44.18,88,39.23
17.3,62.4,0.00,0.00,99,72.92,99,60.55,84,44.18,94,39.23
18.2,62.4,0.00,0.00,98,72.92,99,60.55,81,44.18,92,39.23
22.8,62.4,0.00,0.00,99,72.92,99,60.55,85,44.18,89,39.23
21.4,62.4,0.00,0.00,99,72.92,98,60.55,84,44.18,89,39.23
23.7,62.4,0.00,0.00,96,72.92,97,60.55,77,44.18,88,39.23
23.0,62.4,0.00,0.00,98,72.92,97,60.55,80,44.18,86,39.23
19.0,62.4,0.00,0.00,98,72.92,95,60.55,82,44.18,94,39.23
15.9,62.4,0.00,0.00,99,72.92,99,60.55,88,44.18,91,39.23
19.4,62.4,0.00,0.00,100,72.92,100,60.55,91,44.18,93,39.23
22.8,62.4,0.00,0.00,97,72.92,99,60.55,81,44.18,91,39.23
21.7,62.4,0.00,0.00,99,72.92,99,60.55,86,44.18,58,40.11
23.8,60.9,0.00,0.00,97,72.92,97,60.55,86,44.18,53,55.2
33.1,61.8,0.00,0.00,94,72.92,97,60.55,82,44.18,89,55.59
21.9,61.8,0.00,0.00,92,72.92,98,60.55,87,44.18,85,55.59
20.5,62.1,0.00,0.00,96,72.92,99,60.55,88,44.18,84,55.59
17.6,62.2,0.00,0.00,96,72.92,88,60.55,73,44.18,84,55.59
93.7,57.8,0.00,0.00,90,72.92,73,60.55,62,44.18,77,55.59
91.8,58.5,0.00,0.00,94,72.92,98,60.55,75,44.18,73,55.59
33.2,59.4,0.00,0.00,90,72.92,97,60.55,67,44.18,73,55.59
27.3,60.1,0.00,0.00,95,72.94,95,60.55,55,44.18,82,55.59
25.9,59.3,0.00,0.00,85,72.94,98,60.55,66,44.18,84,55.59
38.9,60.1,0.00,0.00,96,72.94,98,60.55,68,44.18,82,55.59
24.9,60.9,0.00,0.00,97,72.94,97,60.55,62,44.18,80,55.59
25.2,61.7,0.00,0.00,96,72.94,95,60.55,78,44.18,86,55.59
25.5,62.4,0.00,0.00,99,72.94,95,60.55,77,44.18,87,55.59
18.1,62.6,0.00,0.00,99,72.94,95,60.55,69,44.18,92,55.59
82.5,62.8,0.00,0.00,100,72.94,96,60.55,62,44.18,90,55.59
17.7,63.0,0.00,0.00,99,72.94,96,60.55,81,44.18,67,55.59
19.2,63.0,0.00,0.00,99,72.94,97,60.55,76,44.18,74,55.59
18.0,63.1,0.00,0.00,98,72.94,96,60.55,85,44.18,79,55.59
21.0,63.1,0.00,0.00,100,72.94,98,60.55,77,44.18,78,55.59
18.9,63.0,0.00,0.00,100,72.94,98,60.55,80,44.18,79,55.59
15.2,63.0,0.00,0.00,99,72.94,97,60.55,83,44.18,77,55.59
22.5,63.1,0.00,0.00,100,72.94,98,60.55,76,44.18,76,55.59
22.4,63.1,0.00,0.00,99,72.94,98,60.55,75,44.18,75,55.59
21.6,63.1,0.00,0.00,99,72.94,98,60.55,58,44.18,88,55.59
33.3,61.6,0.00,0.00,100,72.94,80,60.55,66,44.18,88,55.59
19.2,61.7,0.00,0.00,99,72.94,81,60.55,78,44.18,88,55.59
15.5,61.9,0.00,0.00,99,72.94,87,60.55,76,44.18,87,55.59
16.0,62.1,0.00,0.00,95,72.94,91,60.55,76,44.18,89,55.59
22.2,62.4,0.00,0.00,98,72.94,82,60.55,71,44.18,90,55.59
23.7,62.5,0.00,0.00,100,72.94,83,60.55,70,44.18,79,55.59
22.8,62.7,0.00,0.00,98,72.94,78,60.55,69,44.18,82,55.59
22.4,62.9,0.00,0.00,95,72.94,84,60.55,70,44.18,85,55.59
18.5,63.0,0.00,0.00,98,72.94,86,60.55,54,44.18,94,55.59
20.6,63.1,0.00,0.00,100,72.94,96,60.55,74,44.18,93,55.59
16.2,63.1,0.00,0.00,100,72.94,98,60.55,77,44.18,89,55.59
34.3,61.3,0.00,0.00,84,72.94,63,60.55,34,44.18,89,55.59
29.7,58.7,0.00,0.00,87,72.94,98,60.55,85,44.18,89,55.59
35.8,59.0,0.00,0.00,97,72.94,89,60.55,71,44.18,77,55.59
27.2,59.6,0.00,0.00,98,72.94,94,60.55,62,44.18,69,55.59
23.6,60.1,0.00,0.00,93,72.94,98,60.55,78,44.18,84,55.59
21.4,60.7,0.00,0.00,90,72.94,100,60.55,71,44.18,74,55.59
41.6,61.3,0.00,0.00,93,72.94,100,60.55,64,44.18,87,55.59
24.1,61.9,0.00,0.00,94,72.94,99,60.55,76,44.18,71,55.59
22.5,62.5,0.00,0.00,94,72.94,99,60.55,71,44.18,86,55.59
20.0,63.1,0.00,0.00,97,72.94,99,60.55,88,44.18,88,55.59
17.8,63.1,0.00,0.00,97,72.94,98,60.55,89,44.18,91,55.59
17.1,63.1,0.00,0.00,99,72.94,98,60.55,87,44.18,87,55.59
19.7,63.1,0.00,0.00,98,72.94,100,60.55,92,44.18,91,55.59
19.0,63.1,0.00,0.00,99,72.94,100,60.55,87,44.18,89,55.59
19.1,63.1,0.00,0.00,99,72.94,100,60.55,91,44.18,75,55.59
19.2,63.1,0.00,0.00,99,72.94,99,60.55,89,44.18,93,55.59
20.1,63.1,0.00,0.00,99,72.94,99,60.55,86,44.18,87,55.59
18.0,63.1,0.00,0.00,99,72.94,99,60.55,87,44.18,82,55.59
15.5,63.1,0.00,0.00,99,72.94,99,60.55,89,44.18,89,55.59
17.2,63.1,0.00,0.00,97,72.94,100,60.55,87,44.18,90,55.59
19.9,63.0,0.00,0.00,96,72.94,99,60.55,89,44.18,95,55.59
16.6,63.0,0.00,0.00,99,72.94,98,60.55,91,44.18,94,55.59
17.8,63.0,0.00,0.00,98,72.94,100,60.55,88,44.18,91,55.59
17.3,63.0,0.00,0.00,99,72.94,99,60.55,91,44.18,90,55.59
16.7,63.0,0.00,0.00,99,72.94,100,60.55,91,44.18,93,55.59
20.3,63.0,0.00,0.00,99,72.94,99,60.55,92,44.18,93,55.59
15.9,63.0,0.00,0.00,98,72.94,99,60.55,91,44.18,93,55.59
18.4,63.0,0.00,0.00,96,72.94,99,60.55,89,44.18,92,55.59
16.7,63.0,0.00,0.00,97,72.94,100,60.55,88,44.18,83,55.59
20.0,63.0,0.00,0.00,98,72.94,100,60.55,89,44.18,94,55.59
18.8,63.0,0.00,0.00,99,72.94,100,60.55,86,44.18,94,55.59
18.6,63.0,0.00,0.00,96,72.94,100,60.55,88,44.18,93,55.59
18.2,63.0,0.00,0.00,99,72.94,100,60.55,88,44.18,93,55.59
17.1,63.0,0.00,0.00,98,72.94,100,60.55,88,44.18,95,55.59
15.2,63.0,0.00,0.00,99,72.94,98,60.55,61,44.18,93,55.59
26.8,58.3,0.00,0.00,73,72.94,70,60.55,73,44.18,84,55.59
27.5,58.9,0.00,0.00,99,72.94,98,60.55,75,44.18,91,55.59
22.9,59.5,0.00,0.00,100,72.94,99,60.55,59,44.18,93,55.59
24.7,60.1,0.00,0.00,100,72.94,97,60.55,76,44.18,78,55.59
25.5,60.8,0.00,0.00,98,72.94,95,60.55,77,44.18,87,55.59
23.7,61.3,0.00,0.00,100,72.94,93,60.55,76,44.18,89,55.59
25.1,61.9,0.00,0.00,100,72.94,90,60.55,81,44.18,72,55.59
23.6,62.5,0.00,0.00,92,72.94,85,60.55,57,44.18,76,55.59
16.7,63.1,0.00,0.00,92,72.94,98,60.55,78,44.18,90,55.59
17.8,63.1,0.00,0.00,100,72.94,99,60.55,79,44.18,93,55.59
23.4,63.1,0.00,0.00,99,72.94,98,60.55,82,44.18,93,55.59
18.8,63.1,0.00,0.00,99,72.94,98,60.55,85,44.18,89,55.59
19.7,63.1,0.00,0.00,100,72.94,98,60.55,85,44.18,87,55.59
20.8,63.1,0.00,0.00,99,72.94,98,60.55,84,44.18,89,55.59
16.0,63.1,0.00,0.00,100,72.94,98,60.55,85,44.18,88,55.59
19.7,63.1,0.00,0.00,99,72.94,98,60.55,71,44.18,90,55.59
17.6,63.1,0.00,0.00,100,72.94,98,60.55,86,44.18,91,55.59
15.4,63.1,0.00,0.00,100,72.94,98,60.55,86,44.18,92,55.59
16.9,63.0,0.00,0.00,99,72.94,98,60.55,86,44.18,94,55.59
21.3,63.1,0.00,0.00,100,72.94,98,60.55,80,44.18,92,55.59
16.6,63.0,0.00,0.00,100,72.94,98,60.55,64,44.18,94,55.59
17.6,63.0,0.00,0.00,100,72.94,99,60.55,63,44.18,91,55.59
16.5,63.1,0.00,0.00,100,72.94,98,60.55,66,44.18,93,55.59
20.3,63.1,0.00,0.00,99,72.94,98,60.55,64,44.18,93,55.59
18.2,63.0,0.00,0.00,99,72.94,98,60.55,63,44.18,91,55.59
19.4,63.0,0.00,0.00,100,72.94,99,60.55,55,44.18,94,55.59
18.7,63.1,0.00,0.00,99,72.94,98,60.55,79,44.18,93,55.59
17.5,63.0,0.00,0.00,100,72.94,98,60.55,87,44.18,90,55.59
19.5,63.0,0.00,0.00,99,72.94,98,60.55,86,44.18,94,55.59
22.1,63.0,0.00,0.00,99,72.94,98,60.55,82,44.18,92,55.59
14.9,63.0,0.00,0.00,100,72.94,98,60.55,39,44.18,92,55.59
43.7,58.4,0.00,0.00,87,72.94,82,60.55,82,44.18,95,55.59
78.2,58.9,0.00,0.00,99,72.94,93,60.55,77,44.18,93,55.59
94.8,59.6,0.00,0.00,97,72.94,97,60.55,89,44.18,96,55.59
98.6,60.1,0.00,0.00,97,72.94,91,60.55,75,44.18,85,55.59
87.3,60.8,0.00,0.00,96,72.94,95,60.55,81,44.18,70,55.59
26.9,61.3,0.00,0.00,98,72.94,96,60.55,83,44.18,77,55.59
36.0,61.7,0.00,0.00,90,72.94,98,60.55,87,44.18,72,55.59
31.5,60.8,0.00,0.00,64,72.94,97,60.55,78,44.18,78,55.59
55.2,61.3,0.00,0.00,93,72.94,91,60.55,69,44.18,82,55.59
23.0,61.9,0.00,0.00,94,72.94,95,60.55,86,44.18,81,55.59
22.5,62.1,0.00,0.00,95,72.94,97,60.55,88,44.18,85,55.59
19.4,62.3,0.00,0.00,92,72.94,98,60.55,78,44.18,81,55.59
20.8,62.5,0.00,0.00,97,72.94,97,60.55,75,44.18,89,55.59
21.2,62.6,0.00,0.00,94,72.94,100,60.55,80,44.18,88,55.59
22.8,62.9,0.00,0.00,93,72.94,98,60.55,85,44.18,88,55.59
25.5,63.0,0.00,0.00,98,72.94,99,60.55,94,44.18,90,55.59
18.2,63.1,0.00,0.00,92,72.94,99,60.55,89,44.18,93,55.59
20.0,63.1,0.00,0.00,99,72.94,100,60.55,90,44.18,81,55.59
19.4,63.1,0.00,0.00,100,72.94,98,60.55,88,44.18,87,55.59
21.1,63.1,0.00,0.00,99,72.94,99,60.55,87,44.18,93,55.59
19.6,63.1,0.00,0.00,99,72.94,99,60.55,84,44.18,94,55.59
16.5,63.0,0.00,0.00,99,72.94,99,60.55,90,44.18,94,55.59
18.5,63.0,0.00,0.00,96,72.94,99,60.55,86,44.18,90,55.59
16.5,63.0,0.00,0.00,99,72.94,99,60.55,89,44.18,91,55.59
21.0,63.0,0.00,0.00,98,72.94,100,60.55,86,44.18,91,55.59
19.0,63.0,0.00,0.00,100,72.94,99,60.55,84,44.18,92,55.59
18.1,63.0,0.00,0.00,100,72.94,100,60.55,81,44.18,91,55.59
20.3,63.0,0.00,0.00,100,72.94,99,60.55,85,44.18,89,55.59
16.0,63.0,0.00,0.00,100,72.94,99,60.55,77,44.18,82,55.59
18.8,63.0,0.00,0.00,98,72.94,100,60.55,88,44.18,86,55.59
14.2,63.0,0.00,0.00,100,72.94,100,60.55,87,44.18,93,55.59
56.0,61.5,0.00,0.00,100,72.94,67,60.55,26,23.57,90,55.59
69.2,47.3,0.00,0.00,100,52.33,91,39.79,77,23.57,92,55.59
18.9,47.2,0.00,0.00,97,52.33,80,39.79,87,23.57,92,55.59
19.0,47.4,0.00,0.00,98,52.33,87,39.79,80,23.57,88,55.59
16.6,47.6,0.00,0.00,100,52.33,83,39.79,82,23.57,94,55.59
18.4,47.8,0.00,0.00,99,52.33,86,39.79,82,23.57,91,55.59
15.1,48.0,0.00,0.00,99,52.33,88,39.79,86,23.57,83,55.59
18.8,48.2,0.00,0.00,99,52.33,90,39.79,86,23.57,90,55.59
17.3,48.3,0.00,0.00,98,52.33,98,39.79,82,23.57,78,55.59
17.3,48.3,0.00,0.00,99,52.33,98,39.79,84,23.57,83,55.59
19.2,48.3,0.00,0.00,99,52.33,99,39.79,88,23.57,79,55.59
19.7,48.3,0.00,0.00,97,52.33,98,39.79,75,23.57,88,55.59
18.0,48.3,0.00,0.00,99,52.33,98,39.79,83,23.57,93,55.59
20.9,48.3,0.00,0.00,99,52.33,99,39.79,79,23.57,91,55.59
17.4,48.3,0.00,0.00,99,52.33,98,39.79,86,23.57,86,55.59
20.5,48.3,0.00,0.00,99,52.33,98,39.79,79,23.57,78,55.59
19.6,48.3,0.00,0.00,100,52.33,98,39.79,75,23.57,71,55.59
15.4,48.3,0.00,0.00,99,52.33,98,39.79,85,23.57,87,55.59
20.9,48.3,0.00,0.00,99,52.33,98,39.79,83,23.57,80,55.59
15.9,48.3,0.00,0.00,99,52.33,98,39.79,80,23.57,91,55.59
18.7,48.3,0.00,0.00,99,52.33,98,39.79,81,23.57,87,55.59
16.3,48.3,0.00,0.00,99,52.33,98,39.79,75,23.57,84,55.59
14.8,48.3,0.00,0.00,100,52.33,98,39.79,62,23.57,91,55.59
18.8,48.3,0.00,0.00,99,52.33,98,39.79,85,23.57,91,55.59
20.6,48.3,0.00,0.00,100,52.33,98,39.79,83,23.57,84,55.59
18.1,48.3,0.00,0.00,99,52.33,98,39.79,84,23.57,85,55.59
17.5,48.3,0.00,0.00,99,52.33,98,39.79,85,23.57,93,55.59
21.3,48.3,0.00,0.00,99,52.33,98,39.79,86,23.57,89,55.59
18.6,48.3,0.00,0.00,99,52.33,97,39.79,54,23.57,93,55.59
16.3,48.3,0.00,0.00,99,52.33,98,39.79,83,23.57,93,55.59
17.6,48.3,0.00,0.00,99,52.33,98,39.79,85,23.57,95,55.59
14.6,48.3,0.00,0.00,100,52.33,98,39.79,76,23.57,93,55.59
16.6,43.7,0.00,0.00,84,52.33,57,39.74,0,2.95,93,55.59
10.1,33.5,0.00,0.00,83,31.71,56,19.17,4,2.95,96,55.59
9.0,33.5,0.00,0.00,86,31.71,68,19.17,0,2.95,95,55.59
11.3,33.5,0.00,0.00,90,31.71,72,19.17,0,2.95,94,55.59
8.4,33.5,0.00,0.00,87,31.71,72,19.17,0,2.95,94,55.59
9.4,33.5,0.00,0.00,87,31.71,74,19.17,0,2.95,94,55.59
10.5,33.5,0.00,0.00,87,31.71,75,19.17,0,2.95,88,55.59
10.0,33.5,0.00,0.00,80,31.71,76,19.17,0,2.95,93,55.59
9.2,33.4,0.00,0.00,82,31.71,76,19.17,0,2.95,94,55.59
10.8,33.4,0.00,0.00,86,31.71,76,19.17,0,2.95,84,55.59
9.6,33.4,0.00,0.00,84,31.71,76,19.17,0,2.95,85,55.59
9.6,33.4,0.00,0.00,84,31.71,76,19.17,0,2.95,93,55.59
10.7,33.4,0.00,0.00,89,31.71,76,19.17,0,2.95,93,55.59
8.8,33.4,0.00,0.00,86,31.71,76,19.17,0,2.95,94,55.59
9.2,33.4,0.00,0.00,86,31.71,76,19.17,0,2.95,96,55.59
10.8,33.4,0.00,0.00,85,31.71,76,19.17,0,2.95,96,55.59
9.2,33.4,0.00,0.00,86,31.71,76,19.17,0,2.95,95,55.59
8.7,33.4,0.00,0.00,86,31.71,74,19.17,0,2.95,96,55.59
10.6,33.4,0.00,0.00,79,31.71,61,19.17,0,2.95,96,55.59
8.6,33.4,0.00,0.00,85,31.71,65,19.17,0,2.95,86,55.59
9.2,33.4,0.00,0.00,86,31.71,70,19.17,0,2.95,85,55.59
10.0,33.4,0.00,0.00,80,31.71,71,19.17,0,2.95,90,55.59
9.6,33.4,0.00,0.00,81,31.71,72,19.17,0,2.95,53,55.85
81.1,31.9,0.00,0.00,78,31.71,69,19.17,0,2.95,83,55.85
16.9,32.1,0.00,0.00,87,31.71,66,19.17,0,2.95,92,55.85
92.9,32.3,0.00,0.00,90,31.71,67,19.17,0,2.95,94,55.85
12.1,32.5,0.00,0.00,82,31.71,65,19.17,0,2.95,90,55.85
11.9,32.8,0.00,0.00,87,31.71,70,19.17,0,2.95,88,55.85
11.2,32.9,0.00,0.00,84,31.71,59,19.17,0,2.95,91,55.85
11.4,33.2,0.00,0.00,90,31.71,64,19.17,0,2.95,94,55.85
10.4,33.3,0.00,0.00,88,31.71,62,19.17,0,2.95,87,55.85
8.9,33.5,0.00,0.00,88,31.71,58,19.17,0,2.95,93,55.85
10.4,33.5,0.00,0.00,88,31.71,71,19.17,0,2.95,92,55.85
10.2,33.5,0.00,0.00,88,31.71,70,19.17,0,2.95,95,55.85
11.2,33.5,0.00,0.00,86,31.71,69,19.17,0,2.95,94,55.85
11.3,33.5,0.00,0.00,91,31.71,69,19.17,0,2.95,93,55.85
9.6,33.5,0.00,0.00,85,31.71,68,19.17,0,2.95,94,55.85
9.4,33.5,0.00,0.00,81,31.71,68,19.17,0,2.95,94,55.85
12.3,31.9,0.00,0.00,43,31.71,69,19.17,0,2.95,87,55.85
11.1,32.1,0.00,0.00,84,31.71,71,19.17,0,2.95,93,55.85
20.3,32.2,0.00,0.00,79,31.71,65,19.17,0,2.95,90,55.85
11.3,32.5,0.00,0.00,86,31.71,58,19.17,0,2.95,94,55.85
11.9,32.7,0.00,0.00,84,31.71,56,19.17,0,2.95,89,55.85
11.3,33.0,0.00,0.00,83,31.71,51,19.17,0,2.95,89,55.85
11.0,33.1,0.00,0.00,83,31.71,51,19.17,0,2.95,85,55.85
10.8,33.4,0.00,0.00,86,31.71,53,19.17,0,2.95,88,55.85
14.8,33.5,0.00,0.00,87,31.71,66,19.17,0,2.95,92,55.85
12.3,33.5,0.00,0.00,89,31.71,67,19.17,0,2.95,92,55.85
9.4,33.5,0.00,0.00,91,31.71,70,19.17,0,2.95,91,55.85
9.4,33.5,0.00,0.00,92,31.71,69,19.17,0,2.95,94,55.85
10.2,33.5,0.00,0.00,92,31.71,68,19.17,0,2.95,93,55.85
9.2,33.5,0.00,0.00,89,31.71,71,19.17,0,2.95,90,55.85
9.2,33.5,0.00,0.00,90,31.71,68,19.17,0,2.95,92,55.85
10.3,33.5,0.00,0.00,92,31.71,69,19.17,0,2.95,92,55.85
9.9,33.5,0.00,0.00,91,31.71,68,19.17,0,2.95,94,55.85
8.8,33.5,0.00,0.00,88,31.71,65,19.17,0,2.95,94,55.85
10.4,33.5,0.00,0.00,87,31.71,71,19.17,0,2.95,92,55.85
9.3,33.5,0.00,0.00,90,31.71,70,19.17,0,2.95,93,55.85
9.4,33.5,0.00,0.00,89,31.71,69,19.17,0,2.95,92,55.85
9.2,33.5,0.00,0.00,88,31.71,67,19.17,0,2.95,92,55.85
11.7,33.5,0.00,0.00,89,31.71,61,19.17,0,2.95,93,55.85
9.4,33.5,0.00,0.00,88,31.71,70,19.17,0,2.95,92,55.85
10.0,33.5,0.00,0.00,84,31.71,66,19.17,0,2.95,93,55.85
10.4,33.5,0.00,0.00,81,31.71,73,19.17,0,2.95,94,55.85
8.8,33.5,0.00,0.00,89,31.71,71,19.17,0,2.95,92,55.85
9.2,33.5,0.00,0.00,90,31.71,73,19.17,0,2.95,92,55.85
10.7,33.5,0.00,0.00,88,31.71,69,19.17,0,2.95,94,55.85
8.3,28.8,0.00,0.00,89,31.71,3,2.95,0,2.95,91,55.85
5.6,28.4,0.00,0.00,93,31.71,0,2.95,0,2.95,93,55.85
6.3,28.4,0.00,0.00,92,31.71,0,2.95,0,2.95,94,55.85
6.5,28.4,0.00,0.00,92,31.71,0,2.95,0,2.95,94,55.85
6.2,28.4,0.00,0.00,93,31.71,0,2.95,0,2.95,95,55.85
5.8,28.4,0.00,0.00,93,31.71,0,2.95,0,2.95,94,55.85
7.5,28.4,0.00,0.00,91,31.71,0,2.95,0,2.95,92,55.85
5.8,28.4,0.00,0.00,93,31.71,0,2.95,0,2.95,94,55.85
6.0,28.4,0.00,0.00,91,31.71,0,2.95,0,2.95,95,55.85
7.5,28.4,0.00,0.00,91,31.71,0,2.95,0,2.95,94,55.85
6.0,28.4,0.00,0.00,92,31.71,0,2.95,0,2.95,94,55.85
6.5,28.4,0.00,0.00,88,31.71,0,2.95,0,2.95,92,55.85
7.3,28.4,0.00,0.00,90,31.71,0,2.95,0,2.95,92,55.85
5.8,28.4,0.00,0.00,91,31.71,0,2.95,0,2.95,93,55.85
5.8,28.4,0.00,0.00,91,31.71,0,2.95,0,2.95,95,55.85
7.3,28.4,0.00,0.00,91,31.71,0,2.95,0,2.95,93,55.85
5.8,28.4,0.00,0.00,91,31.71,0,2.95,0,2.95,94,55.85
6.0,28.4,0.00,0.00,92,31.71,0,2.95,0,2.95,91,55.85
7.5,28.4,0.00,0.00,92,31.71,0,2.95,0,2.95,92,55.85
6.2,28.4,0.00,0.00,91,31.71,0,2.95,0,2.95,93,55.85
5.8,28.4,0.00,0.00,91,31.71,0,2.95,0,2.95,93,55.85
7.5,28.4,0.00,0.00,92,31.71,0,2.95,0,2.95,93,55.85
5.6,28.4,0.00,0.00,84,31.71,0,2.95,0,2.95,94,55.85
5.8,28.4,0.00,0.00,83,31.71,0,2.95,0,2.95,94,55.85
7.1,28.4,0.00,0.00,86,31.71,0,2.95,0,2.95,93,55.85
5.6,28.4,0.00,0.00,92,31.71,0,2.95,0,2.95,90,55.85
6.2,28.4,0.00,0.00,92,31.71,0,2.95,0,2.95,93,55.85
6.7,28.4,0.00,0.00,92,31.71,0,2.95,0,2.95,92,55.85
6.5,28.4,0.00,0.00,92,31.71,0,2.95,0,2.95,92,55.85
7.2,28.4,0.00,0.00,92,31.71,0,2.95,0,2.95,94,55.85
8.1,28.4,0.00,0.00,91,31.71,0,2.95,0,2.95,89,55.85
7.1,28.4,0.00,0.00,91,31.71,0,2.95,0,2.95,92,55.85
5.4,28.4,0.00,0.00,92,31.71,0,2.95,0,2.95,93,55.85
5.8,28.4,0.00,0.00,88,31.71,0,2.95,0,2.95,89,55.85
8.3,28.4,0.00,0.00,82,31.71,0,2.95,0,2.95,93,55.85
5.6,28.4,0.00,0.00,83,31.71,0,2.95,0,2.95,95,55.85
5.8,28.4,0.00,0.00,82,31.71,0,2.95,0,2.95,95,55.85
6.4,28.4,0.00,0.00,83,31.71,0,2.95,0,2.95,92,55.85
5.4,28.4,0.00,0.00,82,31.71,0,2.95,0,2.95,94,55.85
7.5,28.4,0.00,0.00,81,31.71,0,2.95,0,2.95,95,55.85
5.6,28.4,0.00,0.00,83,31.71,0,2.95,0,2.95,94,55.85
5.8,28.4,0.00,0.00,83,31.71,0,2.95,0,2.95,92,55.85
8.8,28.4,0.00,0.00,83,31.71,0,2.95,0,2.95,93,55.85
5.8,28.4,0.00,0.00,90,31.71,0,2.95,0,2.95,92,55.85
5.8,28.4,0.00,0.00,91,31.71,0,2.95,0,2.95,89,55.85
7.5,28.4,0.00,0.00,92,31.71,0,2.95,0,2.95,92,55.85
6.7,28.4,0.00,0.00,91,31.71,0,2.95,0,2.95,94,55.85
5.6,28.4,0.00,0.00,91,31.71,0,2.95,0,2.95,93,55.85
7.1,28.4,0.00,0.00,91,31.71,0,2.95,0,2.95,93,55.85
6.2,28.4,0.00,0.00,92,31.71,0,2.95,0,2.95,93,55.85
5.4,28.4,0.00,0.00,90,31.71,0,2.95,0,2.95,92,55.85
7.5,28.4,0.00,0.00,91,31.71,0,2.95,0,2.95,91,55.85
6.0,28.4,0.00,0.00,92,31.71,0,2.95,0,2.95,92,55.85
6.3,28.4,0.00,0.00,92,31.71,0,2.95,0,2.95,93,55.85
7.6,26.8,0.00,0.00,86,31.71,0,2.95,0,2.95,88,55.85
7.7,27.1,0.00,0.00,83,31.71,0,2.95,0,2.95,91,55.85
8.8,27.2,0.00,0.00,85,31.71,0,2.95,0,2.95,88,55.85
8.7,27.5,0.00,0.00,83,31.71,0,2.95,0,2.95,90,55.85
8.1,27.7,0.00,0.00,82,31.71,0,2.95,0,2.95,92,55.85
8.4,27.9,0.00,0.00,82,31.71,0,2.95,0,2.95,94,55.85
8.8,28.1,0.00,0.00,85,31.71,0,2.95,0,2.95,86,55.85
7.7,28.3,0.00,0.00,86,31.71,0,2.95,0,2.95,86,55.85
6.0,28.4,0.00,0.00,89,31.71,0,2.95,0,2.95,93,55.85
7.7,28.4,0.00,0.00,92,31.71,0,2.95,0,2.95,94,55.85
6.5,28.4,0.00,0.00,88,31.71,0,2.95,0,2.95,94,55.85
7.7,28.4,0.00,0.00,85,31.71,0,2.95,0,2.95,92,55.85
6.9,28.4,0.00,0.00,91,31.71,0,2.95,0,2.95,94,55.85
5.8,28.4,0.00,0.00,88,31.71,0,2.95,0,2.95,95,55.85
6.5,28.4,0.00,0.00,87,31.71,0,2.95,0,2.95,94,55.85
5.4,28.4,0.00,0.00,90,31.71,0,2.95,0,2.95,92,55.85
7.5,28.4,0.00,0.00,89,31.71,0,2.95,0,2.95,93,55.85
5.6,28.4,0.00,0.00,88,31.71,0,2.95,0,2.95,94,55.85
5.8,28.4,0.00,0.00,89,31.71,0,2.95,0,2.95,90,55.85
7.3,28.4,0.00,0.00,85,31.71,0,2.95,0,2.95,91,55.85
5.6,28.4,0.00,0.00,90,31.71,0,2.95,0,2.95,90,55.85
7.1,28.4,0.00,0.00,90,31.71,0,2.95,0,2.95,92,55.85
5.6,28.4,0.00,0.00,87,31.71,0,2.95,0,2.95,92,55.85
6.0,28.4,0.00,0.00,89,31.71,0,2.95,0,2.95,87,55.85
9.0,28.4,0.00,0.00,88,31.71,0,2.95,0,2.95,93,55.85
5.8,28.4,0.00,0.00,89,31.71,0,2.95,0,2.95,92,55.85
6.5,28.4,0.00,0.00,88,31.71,0,2.95,0,2.95,93,55.85
7.1,28.4,0.00,0.00,90,31.71,0,2.95,0,2.95,90,55.85
6.2,28.4,0.00,0.00,88,31.71,0,2.95,0,2.95,92,55.85
7.5,28.4,0.00,0.00,89,31.71,0,2.95,0,2.95,93,55.85
5.8,28.4,0.00,0.00,89,31.71,0,2.95,0,2.95,94,55.85
6.9,28.4,0.00,0.00,88,31.71,0,2.95,0,2.95,93,55.85
6.2,28.4,0.00,0.00,88,31.71,0,2.95,0,2.95,92,55.85
5.4,28.4,0.00,0.00,91,31.71,0,2.95,0,2.95,94,55.85
6.5,28.4,0.00,0.00,90,31.71,0,2.95,0,2.95,94,55.85
5.6,28.4,0.00,0.00,91,31.71,0,2.95,0,2.95,94,55.85
8.7,28.4,0.00,0.00,90,31.71,0,2.95,0,2.95,93,55.85
5.8,28.4,0.00,0.00,89,31.71,0,2.95,0,2.95,92,55.85
6.7,28.4,0.00,0.00,86,31.71,0,2.95,0,2.95,94,55.85
6.0,28.4,0.00,0.00,87,31.71,0,2.95,0,2.95,94,55.85
6.2,28.4,0.00,0.00,89,31.71,0,2.95,0,2.95,93,55.85
6.5,28.4,0.00,0.00,86,31.71,0,2.95,0,2.95,91,55.85
6.0,28.4,0.00,0.00,82,31.71,0,2.95,0,2.95,90,55.85
7.5,28.4,0.00,0.00,89,31.71,0,2.95,0,2.95,89,55.85
6.1,28.4,0.00,0.00,90,31.71,0,2.95,0,2.95,92,55.85
6.9,28.4,0.00,0.00,89,31.71,0,2.95,0,2.95,92,55.85
6.2,28.4,0.00,0.00,87,31.71,0,2.95,0,2.95,92,55.85
5.9,28.4,0.00,0.00,88,31.71,0,2.95,0,2.95,92,55.85
7.7,28.4,0.00,0.00,89,31.71,0,2.95,0,2.95,91,55.85
6.2,28.4,0.00,0.00,88,31.71,0,2.95,0,2.95,92,55.85
7.7,28.4,0.00,0.00,91,31.71,0,2.95,0,2.95,90,55.85
5.6,28.4,0.00,0.00,89,31.71,0,2.95,0,2.95,89,55.85
7.5,28.4,0.00,0.00,89,31.71,0,2.95,0,2.95,90,55.85
5.8,28.4,0.00,0.00,86,31.71,0,2.95,0,2.95,90,55.85
6.5,28.4,0.00,0.00,88,31.71,0,2.95,0,2.95,92,55.85
5.6,28.4,0.00,0.00,89,31.71,0,2.95,0,2.95,91,55.85
5.8,28.4,0.00,0.00,90,31.71,0,2.95,0,2.95,89,55.85
6.9,28.4,0.00,0.00,91,31.71,0,2.95,0,2.95,92,55.85
5.4,28.4,0.00,0.00,90,31.71,0,2.95,0,2.95,93,55.85
7.3,28.4,0.00,0.00,86,31.71,0,2.95,0,2.95,92,55.85
7.7,28.4,0.00,0.00,89,31.71,0,2.95,0,2.95,88,55.85
5.8,28.4,0.00,0.00,91,31.71,0,2.95,0,2.95,91,55.85
7.1,28.4,0.00,0.00,91,31.71,0,2.95,0,2.95,92,55.85
6.0,28.4,0.00,0.00,90,31.71,0,2.95,0,2.95,93,55.85
7.5,28.4,0.00,0.00,87,31.71,0,2.95,0,2.95,91,55.85
5.8,28.4,0.00,0.00,89,31.71,0,2.95,0,2.95,91,55.85
6.1,28.4,0.00,0.00,90,31.71,0,2.95,0,2.95,92,55.85
6.3,28.4,0.00,0.00,89,31.71,0,2.95,0,2.95,92,55.85
5.6,28.4,0.00,0.00,88,31.71,0,2.95,0,2.95,92,55.85
7.1,28.4,0.00,0.00,89,31.71,0,2.95,0,2.95,91,55.85
5.4,28.4,0.00,0.00,85,31.71,0,2.95,0,2.95,89,55.85
6.9,28.4,0.00,0.00,88,31.71,0,2.95,0,2.95,88,55.85
7.3,28.4,0.00,0.00,91,31.71,0,2.95,0,2.95,92,55.85
5.6,28.4,0.00,0.00,89,31.71,0,2.95,0,2.95,91,55.85
7.7,28.4,0.00,0.00,87,31.71,0,2.95,0,2.95,89,55.85
5.8,28.4,0.00,0.00,90,31.71,0,2.95,0,2.95,89,55.85
7.5,28.4,0.00,0.00,90,31.71,0,2.95,0,2.95,91,55.85
5.8,28.4,0.00,0.00,91,31.71,0,2.95,0,2.95,90,55.85
7.0,28.4,0.00,0.00,91,31.71,0,2.95,0,2.95,91,55.85
6.2,28.4,0.00,0.00,91,31.71,0,2.95,0,2.95,90,55.85
5.6,28.4,0.00,0.00,87,31.71,0,2.95,0,2.95,88,55.85
6.2,28.4,0.00,0.00,81,31.71,0,2.95,0,2.95,25,55.85
95.6,26.8,0.00,0.00,88,31.71,0,2.95,0,2.95,80,55.85
16.3,25.8,0.00,0.00,82,31.71,0,2.95,0,2.95,69,55.85
12.3,25.9,0.00,0.00,76,31.71,0,2.95,0,2.95,88,55.85
11.7,26.2,0.00,0.00,80,31.71,0,2.95,0,2.95,82,55.85
11.5,26.8,0.00,0.00,81,31.71,0,2.95,0,2.95,75,55.85
10.8,27.1,0.00,0.00,85,31.71,0,2.95,0,2.95,82,55.85
11.7,27.6,0.00,0.00,79,31.71,0,2.95,0,2.95,87,55.85
9.8,27.9,0.00,0.00,78,31.71,0,2.95,0,2.95,87,55.85
7.7,28.3,0.00,0.00,82,31.71,0,2.95,0,2.95,80,55.85
5.6,28.4,0.00,0.00,89,31.71,0,2.95,0,2.95,87,55.85
5.8,28.4,0.00,0.00,70,31.71,0,2.95,0,2.95,92,55.85
7.5,28.4,0.00,0.00,81,31.71,0,2.95,0,2.95,91,55.85
6.0,28.4,0.00,0.00,83,31.71,0,2.95,0,2.95,91,55.85
7.3,28.4,0.00,0.00,82,31.71,0,2.95,0,2.95,92,55.85
6.0,28.4,0.00,0.00,84,31.71,0,2.95,0,2.95,90,55.85
5.6,28.4,0.00,0.00,80,31.71,0,2.95,0,2.95,90,55.85
6.7,28.4,0.00,0.00,84,31.71,0,2.95,0,2.95,92,55.85
6.0,28.4,0.00,0.00,90,31.71,0,2.95,0,2.95,91,55.85
7.1,28.4,0.00,0.00,89,31.71,0,2.95,0,2.95,87,55.85
6.5,28.4,0.00,0.00,87,31.71,0,2.95,0,2.95,81,55.85
6.3,28.4,0.00,0.00,87,31.71,0,2.95,0,2.95,75,55.85
7.5,28.4,0.00,0.00,86,31.71,0,2.95,0,2.95,91,55.85
6.7,28.4,0.00,0.00,84,31.71,0,2.95,0,2.95,89,55.85
5.8,28.4,0.00,0.00,91,31.71,0,2.95,0,2.95,90,55.85
7.3,28.4,0.00,0.00,89,31.71,0,2.95,0,2.95,91,55.85
6.3,28.4,0.00,0.00,90,31.71,0,2.95,0,2.95,91,55.85
6.5,28.4,0.00,0.00,88,31.71,0,2.95,0,2.95,90,55.85
6.0,28.4,0.00,0.00,86,31.71,0,2.95,0,2.95,91,55.85
6.0,28.4,0.00,0.00,86,31.71,0,2.95,0,2.95,91,55.85
7.5,28.4,0.00,0.00,82,31.71,0,2.95,0,2.95,92,55.85
5.4,28.4,0.00,0.00,82,31.71,0,2.95,0,2.95,88,55.85
5.8,28.4,0.00,0.00,82,31.71,0,2.95,0,2.95,89,55.85
6.5,28.4,0.00,0.00,81,31.71,0,2.95,0,2.95,87,55.85
5.6,28.4,0.00,0.00,88,31.71,0,2.95,0,2.95,91,55.85
7.7,28.4,0.00,0.00,92,31.71,0,2.95,0,2.95,90,55.85
5.8,28.4,0.00,0.00,90,31.71,0,2.95,0,2.95,88,55.85
6.0,28.4,0.00,0.00,90,31.71,0,2.95,0,2.95,88,55.85
9.4,28.4,0.00,0.00,89,31.71,0,2.95,0,2.95,91,55.85
5.8,28.4,0.00,0.00,91,31.71,0,2.95,0,2.95,83,55.85
6.1,28.4,0.00,0.00,89,31.71,0,2.95,0,2.95,89,55.85
9.0,28.4,0.00,0.00,88,31.71,0,2.95,0,2.95,91,55.85
6.0,28.4,0.00,0.00,87,31.71,0,2.95,0,2.95,91,55.85
6.7,28.4,0.00,0.00,87,31.71,0,2.95,0,2.95,88,55.85
6.5,28.4,0.00,0.00,87,31.71,0,2.95,0,2.95,90,55.85
6.0,28.4,0.00,0.00,83,31.71,0,2.95,0,2.95,90,55.85
7.1,28.4,0.00,0.00,86,31.71,0,2.95,0,2.95,91,55.85
5.6,28.4,0.00,0.00,80,31.71,0,2.95,0,2.95,70,55.85
5.6,28.3,0.00,0.00,92,31.71,0,2.95,0,2.95,74,55.85
5.8,28.4,0.00,0.00,90,31.71,0,2.95,0,2.95,73,55.85
9.1,28.4,0.00,0.00,91,31.71,0,2.95,0,2.95,74,55.85
7.3,28.3,0.00,0.00,89,31.71,0,2.95,0,2.95,90,55.85
5.6,28.4,0.00,0.00,81,31.71,0,2.95,0,2.95,84,55.85
5.6,28.3,0.00,0.00,87,31.71,0,2.95,0,2.95,90,55.85
7.9,28.4,0.00,0.00,89,31.71,0,2.95,0,2.95,89,55.85
6.0,28.3,0.00,0.00,89,31.71,0,2.95,0,2.95,86,55.85
6.2,28.4,0.00,0.00,89,31.71,0,2.95,0,2.95,89,55.85
7.5,28.4,0.00,0.00,87,31.71,0,2.95,0,2.95,90,55.85
6.2,28.4,0.00,0.00,89,31.71,0,2.95,0,2.95,92,55.85
6.9,28.4,0.00,0.00,91,31.71,0,2.95,0,2.95,92,55.85
6.7,28.4,0.00,0.00,91,31.71,0,2.95,0,2.95,91,55.85
7.5,28.3,0.00,0.00,89,31.71,0,2.95,0,2.95,89,55.85
6.7,28.4,0.00,0.00,90,31.71,0,2.95,0,2.95,91,55.85
5.8,28.3,0.00,0.00,88,31.71,0,2.95,0,2.95,91,55.85
7.9,28.4,0.00,0.00,90,31.71,0,2.95,0,2.95,90,55.85
6.2,28.3,0.00,0.00,88,31.71,0,2.95,0,2.95,90,55.85
6.8,28.4,0.00,0.00,88,31.71,0,2.95,0,2.95,92,55.85
5.8,28.4,0.00,0.00,89,31.71,0,2.95,0,2.95,92,55.85
5.8,28.3,0.00,0.00,90,31.71,0,2.95,0,2.95,90,55.85
6.7,28.3,0.00,0.00,89,31.71,0,2.95,0,2.95,90,55.85
5.8,28.3,0.00,0.00,90,31.71,0,2.95,0,2.95,89,55.85
7.5,28.3,0.00,0.00,91,31.71,0,2.95,0,2.95,88,55.85
5.6,28.3,0.00,0.00,80,31.71,0,2.95,0,2.95,91,55.85
6.7,28.3,0.00,0.00,83,31.71,0,2.95,0,2.95,90,55.85
5.8,28.3,0.00,0.00,79,31.71,0,2.95,0,2.95,89,55.85
6.0,28.3,0.00,0.00,85,31.71,0,2.95,0,2.95,89,55.85
6.5,28.3,0.00,0.00,91,31.71,0,2.95,0,2.95,92,55.85
5.8,28.3,0.00,0.00,89,31.71,0,2.95,0,2.95,91,55.85
7.7,28.3,0.00,0.00,88,31.71,0,2.95,0,2.95,88,55.85
5.6,28.3,0.00,0.00,87,31.71,0,2.95,0,2.95,86,55.85
5.8,28.3,0.00,0.00,81,31.71,0,2.95,0,2.95,91,55.85
6.1,28.3,0.00,0.00,83,31.71,0,2.95,0,2.95,92,55.85
5.8,28.3,0.00,0.00,83,31.71,0,2.95,0,2.95,93,55.85
7.3,28.3,0.00,0.00,84,31.71,0,2.95,0,2.95,90,55.85
5.8,28.4,0.00,0.00,80,31.71,0,2.95,0,2.95,90,55.85
7.7,28.3,0.00,0.00,90,31.71,0,2.95,0,2.95,89,55.85
5.8,28.3,0.00,0.00,90,31.71,0,2.95,0,2.95,87,55.85
7.7,26.8,0.00,0.00,90,31.71,0,2.95,0,2.95,86,55.85
7.9,27.0,0.00,0.00,83,31.71,0,2.95,0,2.95,78,55.85
7.7,27.2,0.00,0.00,80,31.71,0,2.95,0,2.95,87,55.85
7.7,27.4,0.00,0.00,88,31.71,0,2.95,0,2.95,85,55.85
7.7,27.6,0.00,0.00,79,31.71,0,2.95,0,2.95,84,55.85
7.9,27.8,0.00,0.00,75,31.71,0,2.95,0,2.95,91,55.85
9.3,28.1,0.00,0.00,81,31.71,0,2.95,0,2.95,86,55.85
7.5,28.3,0.00,0.00,82,31.71,0,2.95,0,2.95,82,55.85
5.6,28.4,0.00,0.00,76,31.71,0,2.95,0,2.95,89,55.85
8.1,28.4,0.00,0.00,90,31.71,0,2.95,0,2.95,89,55.85
7.1,28.4,0.00,0.00,90,31.71,0,2.95,0,2.95,90,55.85
7.3,28.4,0.00,0.00,85,31.71,0,2.95,0,2.95,90,55.85
6.2,28.4,0.00,0.00,89,31.71,0,2.95,0,2.95,84,55.85
5.8,28.4,0.00,0.00,88,31.71,0,2.95,0,2.95,87,55.85
7.7,28.4,0.00,0.00,89,31.71,0,2.95,0,2.95,90,55.85
6.0,28.4,0.00,0.00,89,31.71,0,2.95,0,2.95,89,55.85
6.2,28.4,0.00,0.00,90,31.71,0,2.95,0,2.95,90,55.85
7.1,28.4,0.00,0.00,90,31.71,0,2.95,0,2.95,85,55.85
7.7,28.4,0.00,0.00,85,31.71,0,2.95,0,2.95,81,55.85
6.1,28.4,0.00,0.00,86,31.71,0,2.95,0,2.95,92,55.85
5.6,28.4,0.00,0.00,84,31.71,0,2.95,0,2.95,92,55.85
6.4,28.4,0.00,0.00,87,31.71,0,2.95,0,2.95,93,55.85
7.5,28.4,0.00,0.00,91,31.71,0,2.95,0,2.95,93,55.85
7.3,28.3,0.00,0.00,87,31.71,0,2.95,0,2.95,90,55.85
5.6,28.3,0.00,0.00,87,31.71,0,2.95,0,2.95,90,55.85
6.7,28.4,0.00,0.00,88,31.71,0,2.95,0,2.95,91,55.85
6.0,28.4,0.00,0.00,89,31.71,0,2.95,0,2.95,92,55.85
6.5,28.3,0.00,0.00,88,31.71,0,2.95,0,2.95,90,55.85
6.0,28.3,0.00,0.00,84,31.71,0,2.95,0,2.95,90,55.85
5.8,28.3,0.00,0.00,88,31.71,0,2.95,0,2.95,90,55.85
7.1,28.3,0.00,0.00,91,31.71,0,2.95,0,2.95,91,55.85
5.8,28.4,0.00,0.00,88,31.71,0,2.95,0,2.95,92,55.85
8.5,28.4,0.00,0.00,83,31.71,0,2.95,0,2.95,91,55.85
6.4,28.4,0.00,0.00,84,31.71,0,2.95,0,2.95,90,55.85
8.8,28.4,0.00,0.00,86,31.71,0,2.95,0,2.95,91,55.85
6.1,28.3,0.00,0.00,83,31.71,0,2.95,0,2.95,91,55.85
5.4,28.4,0.00,0.00,81,31.71,0,2.95,0,2.95,92,55.85
7.1,28.3,0.00,0.00,82,31.71,0,2.95,0,2.95,89,55.85
5.6,28.4,0.00,0.00,83,31.71,0,2.95,0,2.95,84,55.85
6.5,28.3,0.00,0.00,87,31.71,0,2.95,0,2.95,91,55.85
6.0,28.3,0.00,0.00,91,31.71,0,2.95,0,2.95,90,55.85
5.8,28.3,0.00,0.00,91,31.71,0,2.95,0,2.95,86,55.85
7.5,28.3,0.00,0.00,91,31.71,0,2.95,0,2.95,88,55.85
5.8,28.3,0.00,0.00,88,31.71,0,2.95,0,2.95,90,55.85
6.7,28.3,0.00,0.00,89,31.71,0,2.95,0,2.95,91,55.85
5.6,28.4,0.00,0.00,90,31.71,0,2.95,0,2.95,88,55.85
7.9,28.4,0.00,0.00,85,31.71,0,2.95,0,2.95,84,55.85
7.5,28.4,0.00,0.00,86,31.71,0,2.95,0,2.95,91,55.85
5.6,28.4,0.00,0.00,91,31.71,0,2.95,0,2.95,93,55.85
7.7,28.4,0.00,0.00,92,31.71,0,2.95,0,2.95,92,55.85
6.3,28.4,0.00,0.00,91,31.71,0,2.95,0,2.95,88,55.85
6.9,28.4,0.00,0.00,91,31.71,0,2.95,0,2.95,90,55.85
6.1,28.4,0.00,0.00,91,31.71,0,2.95,0,2.95,90,55.85
5.8,28.4,0.00,0.00,91,31.71,0,2.95,0,2.95,90,55.85
7.1,28.4,0.00,0.00,91,31.71,0,2.95,0,2.95,91,55.85
6.0,28.4,0.00,0.00,91,31.71,0,2.95,0,2.95,90,55.85
8.1,28.4,0.00,0.00,91,31.71,0,2.95,0,2.95,90,55.85
5.6,28.4,0.00,0.00,88,31.71,0,2.95,0,2.95,90,55.85
9.4,28.4,0.00,0.00,80,31.71,0,2.95,0,2.95,90,55.85
6.0,28.4,0.00,0.00,86,31.71,0,2.95,0,2.95,91,55.85
7.3,28.4,0.00,0.00,91,31.71,0,2.95,0,2.95,85,55.85
6.6,28.4,0.00,0.00,86,31.71,0,2.95,0,2.95,89,55.85
5.8,28.4,0.00,0.00,89,31.71,0,2.95,0,2.95,91,55.85
7.7,28.4,0.00,0.00,88,31.71,0,2.95,0,2.95,92,55.85
6.2,28.4,0.00,0.00,91,31.71,0,2.95,0,2.95,91,55.85
5.8,28.3,0.00,0.00,87,31.71,0,2.95,0,2.95,89,55.85
6.5,28.3,0.00,0.00,83,31.71,0,2.95,0,2.95,90,55.85
5.6,28.3,0.00,0.00,88,31.71,0,2.95,0,2.95,91,55.85
7.5,28.3,0.00,0.00,89,31.71,0,2.95,0,2.95,91,55.85
7.4,28.3,0.00,0.00,87,31.71,0,2.95,0,2.95,89,55.85
6.3,28.4,0.00,0.00,86,31.71,0,2.95,0,2.95,89,55.85
8.4,28.4,0.00,0.00,87,31.71,0,2.95,0,2.95,86,55.85
5.4,28.3,0.00,0.00,89,31.71,0,2.95,0,2.95,89,55.85
7.3,28.4,0.00,0.00,89,31.71,0,2.95,0,2.95,89,55.85
5.4,28.4,0.00,0.00,82,31.71,0,2.95,0,2.95,89,55.85
5.6,28.4,0.00,0.00,86,31.71,0,2.95,0,2.95,88,55.85
6.4,28.4,0.00,0.00,85,31.71,0,2.95,0,2.95,89,55.85
5.6,28.3,0.00,0.00,88,31.71,0,2.95,0,2.95,89,55.85
7.7,28.3,0.00,0.00,89,31.71,0,2.95,0,2.95,89,55.85
5.6,28.4,0.00,0.00,90,31.71,0,2.95,0,2.95,82,55.85
6.2,28.4,0.00,0.00,88,31.71,0,2.95,0,2.95,93,55.85
9.1,28.4,0.00,0.00,89,31.71,0,2.95,0,2.95,92,55.85
5.6,28.3,0.00,0.00,90,31.71,0,2.95,0,2.95,89,55.85
5.6,28.3,0.00,0.00,90,31.71,0,2.95,0,2.95,90,55.85
8.1,26.9,0.00,0.00,22,31.71,0,2.95,0,2.95,88,55.85
8.5,27.1,0.00,0.00,87,31.71,0,2.95,0,2.95,89,55.85
92.8,27.3,0.00,0.00,91,31.71,0,2.95,0,2.95,85,55.85
70.3,27.5,0.00,0.00,91,31.71,0,2.95,0,2.95,91,55.85
99.0,27.7,0.00,0.00,84,31.71,0,2.95,0,2.95,88,55.85
7.7,27.9,0.00,0.00,82,31.71,0,2.95,0,2.95,88,55.85
9.3,28.2,0.00,0.00,79,31.71,0,2.95,0,2.95,91,55.85
8.7,28.3,0.00,0.00,78,31.71,0,2.95,0,2.95,91,55.85
5.8,28.4,0.00,0.00,88,31.71,0,2.95,0,2.95,91,55.85
8.1,28.4,0.00,0.00,91,31.71,0,2.95,0,2.95,91,55.85
8.1,26.7,0.00,0.00,88,31.71,0,2.95,0,2.95,82,55.85
8.1,27.0,0.00,0.00,86,31.71,0,2.95,0,2.95,86,55.85
9.8,27.2,0.00,0.00,89,31.71,0,2.95,0,2.95,84,55.85
12.2,27.4,0.00,0.00,82,31.71,0,2.95,0,2.95,89,55.85
62.1,27.6,0.00,0.00,86,31.71,0,2.95,0,2.95,88,55.85
8.1,27.8,0.00,0.00,84,31.71,0,2.95,0,2.95,91,55.85
9.2,28.1,0.00,0.00,88,31.71,0,2.95,0,2.95,88,55.85
7.9,28.2,0.00,0.00,83,31.71,0,2.95,0,2.95,87,55.85
6.0,28.4,0.00,0.00,89,31.71,0,2.95,0,2.95,86,55.85
8.1,28.4,0.00,0.00,88,31.71,0,2.95,0,2.95,89,55.85
5.6,28.4,0.00,0.00,92,31.71,0,2.95,0,2.95,85,55.85
7.5,28.4,0.00,0.00,91,31.71,0,2.95,0,2.95,89,55.85
6.7,28.4,0.00,0.00,91,31.71,0,2.95,0,2.95,90,55.85
5.8,28.4,0.00,0.00,91,31.71,0,2.95,0,2.95,89,55.85
7.5,28.4,0.00,0.00,90,31.71,0,2.95,0,2.95,88,55.85
6.1,28.4,0.00,0.00,92,31.71,0,2.95,0,2.95,86,55.85
6.1,28.4,0.00,0.00,91,31.71,0,2.95,0,2.95,91,55.85
7.3,28.4,0.00,0.00,92,31.71,0,2.95,0,2.95,89,55.85
6.0,28.4,0.00,0.00,85,31.71,0,2.95,0,2.95,87,55.85
6.5,28.4,0.00,0.00,90,31.71,0,2.95,0,2.95,87,55.85
5.8,28.4,0.00,0.00,89,31.71,0,2.95,0,2.95,87,55.85
6.0,28.4,0.00,0.00,91,31.71,0,2.95,0,2.95,90,55.85
7.7,28.4,0.00,0.00,91,31.71,0,2.95,0,2.95,87,55.85
7.9,28.4,0.00,0.00,91,31.71,0,2.95,0,2.95,89,55.85
6.2,28.4,0.00,0.00,83,31.71,0,2.95,0,2.95,89,55.85
6.3,28.4,0.00,0.00,85,31.71,0,2.95,0,2.95,90,55.85
5.6,28.4,0.00,0.00,90,31.71,0,2.95,0,2.95,88,55.85
7.5,28.4,0.00,0.00,90,31.71,0,2.95,0,2.95,88,55.85
5.8,28.4,0.00,0.00,91,31.71,0,2.95,0,2.95,90,55.85
5.8,28.4,0.00,0.00,89,31.71,0,2.95,0,2.95,89,55.85
7.1,28.4,0.00,0.00,87,31.71,0,2.95,0,2.95,87,55.85
6.0,28.4,0.00,0.00,86,31.71,0,2.95,0,2.95,87,55.85
7.1,28.3,0.00,0.00,87,31.71,0,2.95,0,2.95,89,55.85
5.6,28.3,0.00,0.00,88,31.71,0,2.95,0,2.95,88,55.85
5.4,28.3,0.00,0.00,87,31.71,0,2.95,0,2.95,88,55.85
8.3,28.3,0.00,0.00,83,31.71,0,2.95,0,2.95,87,55.85
5.4,28.3,0.00,0.00,82,31.71,0,2.95,0,2.95,88,55.85
7.7,28.3,0.00,0.00,90,31.71,0,2.95,0,2.95,91,55.85
5.8,28.3,0.00,0.00,90,31.71,0,2.95,0,2.95,88,55.85
6.1,28.3,0.00,0.00,89,31.71,0,2.95,0,2.95,89,55.85
6.0,28.3,0.00,0.00,90,31.71,0,2.95,0,2.95,89,55.85
5.8,28.3,0.00,0.00,91,31.71,0,2.95,0,2.95,91,55.85
7.3,28.3,0.00,0.00,91,31.71,0,2.95,0,2.95,92,55.85
7.1,28.3,0.00,0.00,90,31.71,0,2.95,0,2.95,90,55.85
6.9,28.3,0.00,0.00,88,31.71,0,2.95,0,2.95,88,55.85
5.6,28.3,0.00,0.00,90,31.71,0,2.95,0,2.95,90,55.85
6.0,28.3,0.00,0.00,89,31.71,0,2.95,0,2.95,88,55.85
8.1,28.3,0.00,0.00,89,31.71,0,2.95,0,2.95,89,55.85
6.7,28.3,0.00,0.00,91,31.71,0,2.95,0,2.95,89,55.85
7.3,28.3,0.00,0.00,92,31.71,0,2.95,0,2.95,88,55.85
5.7,28.3,0.00,0.00,90,31.71,0,2.95,0,2.95,89,55.85
5.4,28.3,0.00,0.00,90,31.71,0,2.95,0,2.95,88,55.85
7.3,28.3,0.00,0.00,88,31.71,0,2.95,0,2.95,86,55.85
5.8,28.3,0.00,0.00,89,31.71,0,2.95,0,2.95,89,55.85
6.7,28.3,0.00,0.00,91,31.71,0,2.95,0,2.95,89,55.85
5.6,28.3,0.00,0.00,89,31.71,0,2.95,0,2.95,89,55.85
5.6,28.3,0.00,0.00,90,31.71,0,2.95,0,2.95,88,55.85
6.7,28.3,0.00,0.00,91,31.71,0,2.95,0,2.95,88,55.85
5.4,28.3,0.00,0.00,81,31.71,0,2.95,0,2.95,90,55.85
8.7,28.4,0.00,0.00,83,31.71,0,2.95,0,2.95,86,55.85
5.8,28.3,0.00,0.00,83,31.71,0,2.95,0,2.95,87,55.85
6.2,28.3,0.00,0.00,86,31.71,0,2.95,0,2.95,86,55.85
7.1,28.3,0.00,0.00,88,31.71,0,2.95,0,2.95,90,55.85
5.8,28.3,0.00,0.00,88,31.71,0,2.95,0,2.95,90,55.85
11.9,28.3,0.00,0.00,90,31.71,0,2.95,0,2.95,89,55.85
5.6,28.3,0.00,0.00,90,31.71,0,2.95,0,2.95,87,55.85
6.5,28.3,0.00,0.00,89,31.71,0,2.95,0,2.95,90,55.85
9.6,28.5,0.00,0.00,86,31.71,0,2.95,0,2.95,87,55.85
9.2,28.5,0.00,0.00,86,31.71,0,2.95,0,2.95,82,55.85
9.6,28.5,0.00,0.00,87,31.71,0,2.95,0,2.95,87,55.85
9.1,28.5,0.00,0.00,87,31.71,0,2.95,0,2.95,87,55.85
8.9,28.5,0.00,0.00,86,31.71,0,2.95,0,2.95,84,55.85
15.4,28.5,0.00,0.00,87,31.71,0,2.95,0,2.95,84,55.85
7.7,27.0,0.00,0.00,76,31.71,0,2.95,0,2.95,86,55.85
8.1,27.2,0.00,0.00,85,31.71,0,2.95,0,2.95,86,55.85
11.2,27.4,0.00,0.00,89,31.71,0,2.95,0,2.95,89,55.85
12.5,27.6,0.00,0.00,87,31.71,0,2.95,0,2.95,82,55.85
11.5,27.8,0.00,0.00,84,31.71,0,2.95,0,2.95,85,55.85
51.7,28.0,0.00,0.00,84,31.71,0,2.95,0,2.95,86,55.85
73.6,28.2,0.00,0.00,85,31.71,0,2.95,0,2.95,88,55.85
28.7,28.4,0.00,0.00,85,31.71,0,2.95,0,2.95,90,55.85
5.8,28.4,0.00,0.00,84,31.71,0,2.95,0,2.95,85,55.85
8.9,28.5,0.00,0.00,86,31.71,0,2.95,0,2.95,88,55.85
9.6,28.5,0.00,0.00,85,31.71,0,2.95,0,2.95,85,55.85
9.3,28.5,0.00,0.00,86,31.71,0,2.95,0,2.95,86,55.85
7.5,28.5,0.00,0.00,86,31.71,0,2.95,0,2.95,88,55.85
6.7,28.5,0.00,0.00,90,31.71,0,2.95,0,2.95,88,55.85
5.6,28.5,0.00,0.00,90,31.71,0,2.95,0,2.95,89,55.85
9.6,28.5,0.00,0.00,86,31.71,0,2.95,0,2.95,85,55.85
9.3,28.5,0.00,0.00,83,31.71,0,2.95,0,2.95,89,55.85
9.1,28.5,0.00,0.00,85,31.71,0,2.95,0,2.95,86,55.85
6.1,28.4,0.00,0.00,82,31.71,0,2.95,0,2.95,87,55.85
6.9,28.4,0.00,0.00,86,31.71,0,2.95,0,2.95,87,55.85
5.6,28.4,0.00,0.00,86,31.71,0,2.95,0,2.95,90,55.85
9.2,28.5,0.00,0.00,86,31.71,0,2.95,0,2.95,85,55.85
9.9,28.5,0.00,0.00,81,31.71,0,2.95,0,2.95,86,55.85
8.3,28.5,0.00,0.00,78,31.71,0,2.95,0,2.95,89,55.85
6.9,28.4,0.00,0.00,72,31.71,0,2.95,0,2.95,89,55.85
5.6,28.4,0.00,0.00,88,31.71,0,2.95,0,2.95,88,55.85
5.8,28.4,0.00,0.00,83,31.71,0,2.95,0,2.95,91,55.85
9.6,28.5,0.00,0.00,78,31.71,0,2.95,0,2.95,88,55.85
10.0,28.5,0.00,0.00,75,31.71,0,2.95,0,2.95,86,55.85
9.3,28.5,0.00,0.00,76,31.71,0,2.95,0,2.95,86,55.85
6.7,28.4,0.00,0.00,77,31.71,0,2.95,0,2.95,89,55.85
5.8,28.4,0.00,0.00,79,31.71,0,2.95,0,2.95,90,55.85
7.9,28.4,0.00,0.00,86,31.71,0,2.95,0,2.95,88,55.85
8.5,28.5,0.00,0.00,88,31.71,0,2.95,0,2.95,83,55.85
9.8,28.4,0.00,0.00,89,31.71,0,2.95,0,2.95,86,55.85
8.1,28.4,0.00,0.00,84,31.71,0,2.95,0,2.95,87,55.85
6.7,28.4,0.00,0.00,85,31.71,0,2.95,0,2.95,87,55.85
5.4,28.4,0.00,0.00,87,31.71,0,2.95,0,2.95,88,55.85
6.4,28.4,0.00,0.00,82,31.71,0,2.95,0,2.95,89,55.85
6.2,28.4,0.00,0.00,91,31.71,0,2.95,0,2.95,88,55.85
5.8,28.4,0.00,0.00,89,31.71,0,2.95,0,2.95,88,55.85
6.9,28.4,0.00,0.00,88,31.71,0,2.95,0,2.95,87,55.85
5.8,28.4,0.00,0.00,86,31.71,0,2.95,0,2.95,89,55.85
7.5,28.4,0.00,0.00,90,31.71,0,2.95,0,2.95,88,55.85
9.0,28.4,0.00,0.00,90,31.71,0,2.95,0,2.95,81,55.85
8.7,28.4,0.00,0.00,89,31.71,0,2.95,0,2.95,85,55.85
10.1,28.4,0.00,0.00,91,31.71,0,2.95,0,2.95,84,55.85
8.0,28.4,0.00,0.00,88,31.71,0,2.95,0,2.95,86,55.85
5.8,28.4,0.00,0.00,89,31.71,0,2.95,0,2.95,90,55.85
6.3,28.4,0.00,0.00,89,31.71,0,2.95,0,2.95,88,55.85
6.7,28.4,0.00,0.00,89,31.71,0,2.95,0,2.95,87,55.85
5.6,28.4,0.00,0.00,89,31.71,0,2.95,0,2.95,90,55.85
8.1,28.4,0.00,0.00,87,31.71,0,2.95,0,2.95,90,55.85
5.6,28.4,0.00,0.00,87,31.71,0,2.95,0,2.95,88,55.85
7.1,28.4,0.00,0.00,85,31.71,0,2.95,0,2.95,87,55.85
6.2,28.4,0.00,0.00,87,31.71,0,2.95,0,2.95,88,55.85
5.8,28.4,0.00,0.00,89,31.71,0,2.95,0,2.95,88,55.85
6.7,28.4,0.00,0.00,89,31.71,0,2.95,0,2.95,90,55.85
7.1,28.3,0.00,0.00,88,31.71,0,2.95,0,2.95,91,55.85
6.5,28.4,0.00,0.00,87,31.71,0,2.95,0,2.95,88,55.85
5.6,28.4,0.00,0.00,85,31.71,0,2.95,0,2.95,87,55.85
7.9,28.4,0.00,0.00,80,31.71,0,2.95,0,2.95,90,55.85
5.8,28.4,0.00,0.00,83,31.71,0,2.95,0,2.95,88,55.85
5.8,28.4,0.00,0.00,87,31.71,0,2.95,0,2.95,91,55.85
6.9,28.4,0.00,0.00,90,31.71,0,2.95,0,2.95,88,55.85
5.8,28.4,0.00,0.00,88,31.71,0,2.95,0,2.95,90,55.85
7.7,28.4,0.00,0.00,87,31.71,0,2.95,0,2.95,89,55.85
6.2,28.4,0.00,0.00,87,31.71,0,2.95,0,2.95,90,55.85
6.3,28.4,0.00,0.00,79,31.71,0,2.95,0,2.95,90,55.85
5.2,28.4,0.00,0.00,76,31.71,0,2.95,0,2.95,89,55.85
8.1,28.4,0.00,0.00,81,31.71,0,2.95,0,2.95,88,55.85
7.1,28.4,0.00,0.00,83,31.71,0,2.95,0,2.95,90,55.85
5.6,28.4,0.00,0.00,90,31.71,0,2.95,0,2.95,90,55.85
7.5,28.4,0.00,0.00,90,31.71,0,2.95,0,2.95,89,55.85
6.0,28.4,0.00,0.00,90,31.71,0,2.95,0,2.95,85,55.85
5.8,28.4,0.00,0.00,89,31.71,0,2.95,0,2.95,89,55.85
7.5,28.4,0.00,0.00,88,31.71,0,2.95,0,2.95,84,55.85
5.6,28.4,0.00,0.00,91,31.71,0,2.95,0,2.95,86,55.85
6.0,28.4,0.00,0.00,91,31.71,0,2.95,0,2.95,87,55.85
7.5,28.3,0.00,0.00,89,31.71,0,2.95,0,2.95,89,55.85
6.0,28.4,0.00,0.00,88,31.71,0,2.95,0,2.95,87,55.85
6.0,28.4,0.00,0.00,89,31.71,0,2.95,0,2.95,88,55.85
8.8,28.4,0.00,0.00,91,31.71,0,2.95,0,2.95,90,55.85
6.2,28.4,0.00,0.00,88,31.71,0,2.95,0,2.95,89,55.85
6.9,26.7,0.00,0.00,87,30.93,0,2.95,0,2.95,87,55.85
6.3,23.4,0.00,0.00,85,17.32,0,2.95,0,2.95,87,55.85
8.8,23.4,0.00,0.00,74,17.32,0,2.95,0,2.95,88,55.85
9.8,23.4,0.00,0.00,83,17.32,0,2.95,0,2.95,85,55.85
9.8,23.4,0.00,0.00,86,17.32,0,2.95,0,2.95,82,55.85
7.1,23.4,0.00,0.00,87,17.32,0,2.95,0,2.95,89,55.85
6.5,23.4,0.00,0.00,88,17.32,0,2.95,0,2.95,90,55.85
6.2,23.4,0.00,0.00,86,17.32,0,2.95,0,2.95,87,55.85
12.3,23.4,0.00,0.00,90,17.32,0,2.95,0,2.95,89,55.85
8.1,23.4,0.00,0.00,91,17.32,0,2.95,0,2.95,90,55.85
6.3,23.4,0.00,0.00,90,17.32,0,2.95,0,2.95,91,55.85
7.3,23.4,0.00,0.00,91,17.32,0,2.95,0,2.95,85,55.85
9.4,23.4,0.00,0.00,87,17.32,0,2.95,0,2.95,88,55.85
8.8,23.4,0.00,0.00,86,17.32,0,2.95,0,2.95,90,55.85
9.3,23.4,0.00,0.00,86,17.32,0,2.95,0,2.95,89,55.85
6.2,23.4,0.00,0.00,87,17.32,0,2.95,0,2.95,88,55.85
6.0,23.4,0.00,0.00,80,17.32,0,2.95,0,2.95,87,55.85
7.1,23.4,0.00,0.00,83,17.32,0,2.95,0,2.95,87,55.85
5.8,23.4,0.00,0.00,82,17.32,0,2.95,0,2.95,90,55.85
6.5,23.4,0.00,0.00,83,17.32,0,2.95,0,2.95,88,55.85
5.6,23.4,0.00,0.00,83,17.32,0,2.95,0,2.95,89,55.85
7.1,23.4,0.00,0.00,83,17.32,0,2.95,0,2.95,88,55.85
12.3,23.4,0.00,0.00,83,17.32,0,2.95,0,2.95,82,55.85
8.1,21.9,0.00,0.00,83,17.32,0,2.95,0,2.95,87,55.85
9.8,22.1,0.00,0.00,85,17.32,0,2.95,0,2.95,84,55.85
8.1,22.4,0.00,0.00,83,17.32,0,2.95,0,2.95,74,55.85
8.7,22.5,0.00,0.00,75,17.32,0,2.95,0,2.95,82,55.85
9.0,22.8,0.00,0.00,79,17.32,0,2.95,0,2.95,86,55.85
9.6,23.0,0.00,0.00,81,17.32,0,2.95,0,2.95,83,55.85
7.5,23.2,0.00,0.00,79,17.32,0,2.95,0,2.95,90,55.85
6.0,23.4,0.00,0.00,88,17.32,0,2.95,0,2.95,90,55.85
6.9,23.4,0.00,0.00,91,17.32,0,2.95,0,2.95,88,55.85
6.7,23.4,0.00,0.00,91,17.32,0,2.95,0,2.95,88,55.85
7.7,23.3,0.00,0.00,89,17.32,0,2.95,0,2.95,91,55.85
5.8,23.4,0.00,0.00,90,17.32,0,2.95,0,2.95,91,55.85
6.9,23.4,0.00,0.00,90,17.32,0,2.95,0,2.95,88,55.85
6.5,23.4,0.00,0.00,91,17.32,0,2.95,0,2.95,80,55.85
6.1,23.4,0.00,0.00,89,17.32,0,2.95,0,2.95,82,55.85
9.1,23.4,0.00,0.00,88,17.32,0,2.95,0,2.95,84,55.85
9.6,23.4,0.00,0.00,80,17.32,0,2.95,0,2.95,89,55.85
8.5,23.4,0.00,0.00,85,17.32,0,2.95,0,2.95,83,55.85
7.1,23.4,0.00,0.00,85,17.32,0,2.95,0,2.95,88,55.85
7.1,23.4,0.00,0.00,91,17.32,0,2.95,0,2.95,90,55.85
5.6,23.4,0.00,0.00,91,17.32,0,2.95,0,2.95,84,55.85
10.4,23.4,0.00,0.00,86,17.32,0,2.95,0,2.95,86,55.85
9.3,23.4,0.00,0.00,88,17.32,0,2.95,0,2.95,87,55.85
9.4,23.4,0.00,0.00,86,17.32,0,2.95,0,2.95,84,55.85
6.0,23.4,0.00,0.00,82,17.32,0,2.95,0,2.95,88,55.85
7.9,23.4,0.00,0.00,88,17.32,0,2.95,0,2.95,89,55.85
5.8,23.4,0.00,0.00,86,17.32,0,2.95,0,2.95,90,55.85
10.3,23.4,0.00,0.00,89,17.32,0,2.95,0,2.95,88,55.85
10.8,23.4,0.00,0.00,91,17.32,0,2.95,0,2.95,87,55.85
10.0,23.4,0.00,0.00,86,17.32,0,2.95,0,2.95,88,55.85
7.5,23.4,0.00,0.00,90,17.32,0,2.95,0,2.95,90,55.85
5.9,23.4,0.00,0.00,91,17.32,0,2.95,0,2.95,90,55.85
8.9,23.4,0.00,0.00,86,17.32,0,2.95,0,2.95,90,55.85
9.0,23.4,0.00,0.00,80,17.32,0,2.95,0,2.95,85,55.85
9.4,23.4,0.00,0.00,78,17.32,0,2.95,0,2.95,87,55.85
9.1,23.4,0.00,0.00,86,17.32,0,2.95,0,2.95,87,55.85
7.7,23.4,0.00,0.00,90,17.32,0,2.95,0,2.95,86,55.85
6.0,23.4,0.00,0.00,90,17.32,0,2.95,0,2.95,91,55.85
7.3,23.4,0.00,0.00,89,17.32,0,2.95,0,2.95,88,55.85
8.9,23.4,0.00,0.00,89,17.32,0,2.95,0,2.95,86,55.85
9.5,23.4,0.00,0.00,86,17.32,0,2.95,0,2.95,88,55.85
9.6,23.4,0.00,0.00,88,17.32,0,2.95,0,2.95,91,55.85
6.0,23.4,0.00,0.00,89,17.32,0,2.95,0,2.95,90,55.85
8.3,23.4,0.00,0.00,89,17.32,0,2.95,0,2.95,89,55.85
7.3,23.4,0.00,0.00,90,17.32,0,2.95,0,2.95,89,55.85
10.2,23.4,0.00,0.00,86,17.32,0,2.95,0,2.95,87,55.85
10.8,23.4,0.00,0.00,85,17.32,0,2.95,0,2.95,90,55.85
9.1,23.4,0.00,0.00,87,17.32,0,2.95,0,2.95,86,55.85
6.3,23.4,0.00,0.00,86,17.32,0,2.95,0,2.95,88,55.85
7.7,23.4,0.00,0.00,89,17.32,0,2.95,0,2.95,78,55.85
6.8,23.4,0.00,0.00,80,17.32,0,2.95,0,2.95,77,55.85
9.3,23.4,0.00,0.00,88,17.32,0,2.95,0,2.95,73,55.85
9.6,23.4,0.00,0.00,91,17.32,0,2.95,0,2.95,74,55.85
9.9,23.4,0.00,0.00,88,17.32,0,2.95,0,2.95,75,55.85
7.5,23.4,0.00,0.00,87,17.32,0,2.95,0,2.95,75,55.85
5.8,23.4,0.00,0.00,90,17.32,0,2.95,0,2.95,75,55.85
8.8,23.4,0.00,0.00,89,17.32,0,2.95,0,2.95,74,55.85
10.4,23.4,0.00,0.00,89,17.32,0,2.95,0,2.95,73,55.85
9.9,23.4,0.00,0.00,86,17.32,0,2.95,0,2.95,73,55.85
8.6,23.4,0.00,0.00,86,17.32,0,2.95,0,2.95,74,55.85
7.1,23.4,0.00,0.00,85,17.32,0,2.95,0,2.95,75,55.85
10.6,23.4,0.00,0.00,89,17.32,0,2.95,0,2.95,76,55.85
8.1,18.8,0.00,0.00,2,2.95,0,2.95,0,2.95,71,55.85
7.1,18.4,0.00,0.00,0,2.95,0,2.95,0,2.95,84,55.85
6.1,18.4,0.00,0.00,0,2.95,0,2.95,0,2.95,84,55.85
4.2,18.4,0.00,0.00,0,2.95,0,2.95,0,2.95,93,55.85
3.7,18.4,0.00,0.00,0,2.95,0,2.95,0,2.95,92,55.85
3.3,18.4,0.00,0.00,0,2.95,0,2.95,0,2.95,92,55.85
5.5,18.4,0.00,0.00,0,2.95,0,2.95,0,2.95,89,55.85
5.7,18.4,0.00,0.00,0,2.95,0,2.95,0,2.95,89,55.85
5.9,18.4,0.00,0.00,0,2.95,0,2.95,0,2.95,91,55.85
2.5,18.4,0.00,0.00,0,2.95,0,2.95,0,2.95,94,55.85
4.0,18.4,0.00,0.00,0,2.95,0,2.95,0,2.95,93,55.85
5.6,18.4,0.00,0.00,0,2.95,0,2.95,0,2.95,92,55.85
6.1,18.4,0.00,0.00,0,2.95,0,2.95,0,2.95,90,55.85
5.8,18.4,0.00,0.00,0,2.95,0,2.95,0,2.95,87,55.85
4.8,18.4,0.00,0.00,0,2.95,0,2.95,0,2.95,92,55.85
2.7,18.4,0.00,0.00,0,2.95,0,2.95,0,2.95,96,55.85
2.1,18.4,0.00,0.00,0,2.95,0,2.95,0,2.95,94,55.85
5.5,18.4,0.00,0.00,0,2.95,0,2.95,0,2.95,91,55.85
5.8,18.4,0.00,0.00,0,2.95,0,2.95,0,2.95,93,55.85
6.5,18.4,0.00,0.00,0,2.95,0,2.95,0,2.95,90,55.85
2.3,18.4,0.00,0.00,0,2.95,0,2.95,0,2.95,95,55.85
4.6,18.4,0.00,0.00,0,2.95,0,2.95,0,2.95,95,55.85
12.2,18.4,0.00,0.00,0,2.95,0,2.95,0,2.95,94,55.85
6.9,18.4,0.00,0.00,0,2.95,0,2.95,0,2.95,92,55.85
8.6,18.4,0.00,0.00,0,2.95,0,2.95,0,2.95,80,55.85
5.5,18.4,0.00,0.00,0,2.95,0,2.95,0,2.95,90,55.85
3.5,18.4,0.00,0.00,0,2.95,0,2.95,0,2.95,93,55.85
2.5,18.4,0.00,0.00,0,2.95,0,2.95,0,2.95,93,55.85
5.0,18.4,0.00,0.00,0,2.95,0,2.95,0,2.95,91,55.85
5.7,18.4,0.00,0.00,0,2.95,0,2.95,0,2.95,84,55.85
5.7,18.4,0.00,0.00,0,2.95,0,2.95,0,2.95,86,55.85
3.1,18.4,0.00,0.00,0,2.95,0,2.95,0,2.95,90,55.85
5.5,18.4,0.00,0.00,0,2.95,0,2.95,0,2.95,86,55.85
5.9,18.4,0.00,0.00,0,2.95,0,2.95,0,2.95,87,55.85
2.3,18.4,0.00,0.00,0,2.95,0,2.95,0,2.95,92,55.85
8.6,18.4,0.00,0.00,0,2.95,0,2.95,0,2.95,87,55.85
6.2,18.4,0.00,0.00,0,2.95,0,2.95,0,2.95,86,55.85
5.7,18.4,0.00,0.00,0,2.95,0,2.95,0,2.95,83,55.85
2.3,18.4,0.00,0.00,0,2.95,0,2.95,0,2.95,92,55.85
2.5,18.4,0.00,0.00,0,2.95,0,2.95,0,2.95,93,55.85
3.5,18.4,0.00,0.00,0,2.95,0,2.95,0,2.95,92,55.85
6.1,18.4,0.00,0.00,0,2.95,0,2.95,0,2.95,87,55.85
5.9,18.4,0.00,0.00,0,2.95,0,2.95,0,2.95,85,55.85
5.9,18.4,0.00,0.00,0,2.95,0,2.95,0,2.95,91,55.85
4.4,18.4,0.00,0.00,0,2.95,0,2.95,0,2.95,91,55.85
3.7,18.4,0.00,0.00,0,2.95,0,2.95,0,2.95,94,55.85
7.5,18.4,0.00,0.00,0,2.95,0,2.95,0,2.95,88,55.85
5.7,18.4,0.00,0.00,0,2.95,0,2.95,0,2.95,86,55.85
5.3,18.4,0.00,0.00,0,2.95,0,2.95,0,2.95,72,55.85
2.3,18.4,0.00,0.00,0,2.95,0,2.95,0,2.95,77,55.85
2.1,18.4,0.00,0.00,0,2.95,0,2.95,0,2.95,78,55.85
2.5,18.4,0.00,0.00,0,2.95,0,2.95,0,2.95,78,55.85
6.3,18.4,0.00,0.00,0,2.95,0,2.95,0,2.95,74,55.85
6.3,18.5,0.00,0.00,0,2.95,0,2.95,0,2.95,84,55.85
5.7,18.4,0.00,0.00,0,2.95,0,2.95,0,2.95,89,55.85
2.7,18.4,0.00,0.00,0,2.95,0,2.95,0,2.95,94,55.85
4.0,18.4,0.00,0.00,0,2.95,0,2.95,0,2.95,94,55.85
2.7,18.4,0.00,0.00,0,2.95,0,2.95,0,2.95,84,55.85
6.1,18.4,0.00,0.00,0,2.95,0,2.95,0,2.95,81,55.85
6.3,18.4,0.00,0.00,0,2.95,0,2.95,0,2.95,89,55.85
5.6,18.4,0.00,0.00,0,2.95,0,2.95,0,2.95,92,55.85
2.5,18.4,0.00,0.00,0,2.95,0,2.95,0,2.95,94,55.85
2.9,18.4,0.00,0.00,0,2.95,0,2.95,0,2.95,94,55.85
6.1,18.4,0.00,0.00,0,2.95,0,2.95,0,2.95,92,55.85
6.5,18.4,0.00,0.00,0,2.95,0,2.95,0,2.95,91,55.85
6.3,18.4,0.00,0.00,0,2.95,0,2.95,0,2.95,89,55.85
2.1,18.4,0.00,0.00,0,2.95,0,2.95,0,2.95,92,55.85
7.3,18.4,0.00,0.00,0,2.95,0,2.95,0,2.95,93,55.85
2.7,18.4,0.00,0.00,0,2.95,0,2.95,0,2.95,87,55.85
6.1,18.4,0.00,0.00,0,2.95,0,2.95,0,2.95,86,55.85
6.1,18.4,0.00,0.00,0,2.95,0,2.95,0,2.95,84,55.85
5.8,18.4,0.00,0.00,0,2.95,0,2.95,0,2.95,89,55.85
4.0,18.4,0.00,0.00,0,2.95,0,2.95,0,2.95,91,55.85
2.5,18.4,0.00,0.00,0,2.95,0,2.95,0,2.95,92,55.85
5.9,18.4,0.00,0.00,0,2.95,0,2.95,0,2.95,90,55.85
6.1,18.4,0.00,0.00,0,2.95,0,2.95,0,2.95,89,55.85
6.5,18.4,0.00,0.00,0,2.95,0,2.95,0,2.95,88,55.85
2.5,18.4,0.00,0.00,0,2.95,0,2.95,0,2.95,94,55.85
4.2,18.4,0.00,0.00,0,2.95,0,2.95,0,2.95,93,55.85
2.5,18.4,0.00,0.00,0,2.95,0,2.95,0,2.95,92,55.85
6.3,18.5,0.00,0.00,0,2.95,0,2.95,0,2.95,87,55.85
5.9,18.4,0.00,0.00,0,2.95,0,2.95,0,2.95,86,55.85
2.7,18.4,0.00,0.00,0,2.95,0,2.95,0,2.95,92,55.85
2.9,18.4,0.00,0.00,0,2.95,0,2.95,0,2.95,90,55.85
3.1,18.4,0.00,0.00,0,2.95,0,2.95,0,2.95,93,55.85
5.1,18.4,0.00,0.00,0,2.95,0,2.95,0,2.95,92,55.85
5.9,18.4,0.00,0.00,0,2.95,0,2.95,0,2.95,90,55.85
6.5,18.4,0.00,0.00,0,2.95,0,2.95,0,2.95,93,55.85
4.6,18.4,0.00,0.00,0,2.95,0,2.95,0,2.95,93,55.85
2.9,18.4,0.00,0.00,0,2.95,0,2.95,0,2.95,92,55.85
3.9,18.4,0.00,0.00,0,2.95,0,2.95,0,2.95,91,55.85
6.1,18.4,0.00,0.00,0,2.95,0,2.95,0,2.95,89,55.85
6.3,18.4,0.00,0.00,0,2.95,0,2.95,0,2.95,88,55.85
2.7,18.4,0.00,0.00,0,2.95,0,2.95,0,2.95,91,55.85
2.5,18.4,0.00,0.00,0,2.95,0,2.95,0,2.95,94,55.85
2.5,18.4,0.00,0.00,0,2.95,0,2.95,0,2.95,92,55.85
6.7,18.4,0.00,0.00,0,2.95,0,2.95,0,2.95,87,55.85
6.1,18.4,0.00,0.00,0,2.95,0,2.95,0,2.95,89,55.85
5.9,18.4,0.00,0.00,0,2.95,0,2.95,0,2.95,93,55.85
3.6,18.4,0.00,0.00,0,2.95,0,2.95,0,2.95,91,55.85
2.9,18.4,0.00,0.00,0,2.95,0,2.95,0,2.95,91,55.85
5.2,18.4,0.00,0.00,0,2.95,0,2.95,0,2.95,90,55.85
6.3,18.4,0.00,0.00,0,2.95,0,2.95,0,2.95,89,55.85
5.9,18.4,0.00,0.00,0,2.95,0,2.95,0,2.95,89,55.85
2.7,18.4,0.00,0.00,0,2.95,0,2.95,0,2.95,93,55.85
3.1,18.4,0.00,0.00,0,2.95,0,2.95,0,2.95,92,55.85
2.7,18.4,0.00,0.00,0,2.95,0,2.95,0,2.95,90,55.85
6.1,18.4,0.00,0.00,0,2.95,0,2.95,0,2.95,88,55.85
5.9,18.4,0.00,0.00,0,2.95,0,2.95,0,2.95,88,55.85
7.5,18.4,0.00,0.00,0,2.95,0,2.95,0,2.95,90,55.85
2.3,18.4,0.00,0.00,0,2.95,0,2.95,0,2.95,93,55.85
2.9,18.4,0.00,0.00,0,2.95,0,2.95,0,2.95,94,55.85
5.3,18.4,0.00,0.00,0,2.95,0,2.95,0,2.95,89,55.85
5.7,18.4,0.00,0.00,0,2.95,0,2.95,0,2.95,89,55.85
6.1,18.4,0.00,0.00,0,2.95,0,2.95,0,2.95,90,55.85
4.8,18.4,0.00,0.00,0,2.95,0,2.95,0,2.95,92,55.85
2.5,18.4,0.00,0.00,0,2.95,0,2.95,0,2.95,93,55.85
2.7,18.4,0.00,0.00,0,2.95,0,2.95,0,2.95,25,55.07
9.2,16.7,0.00,0.00,0,2.95,0,2.95,0,2.95,82,29.4
6.1,13.3,0.00,0.00,0,2.95,0,2.95,0,2.95,85,29.4
2.5,13.3,0.00,0.00,0,2.95,0,2.95,0,2.95,85,29.4
4.2,13.3,0.00,0.00,0,2.95,0,2.95,0,2.95,87,29.4
3.5,13.3,0.00,0.00,0,2.95,0,2.95,0,2.95,88,29.4
5.7,13.3,0.00,0.00,0,2.95,0,2.95,0,2.95,87,29.4
5.5,13.3,0.00,0.00,0,2.95,0,2.95,0,2.95,85,29.4
6.9,13.3,0.00,0.00,0,2.95,0,2.95,0,2.95,87,29.4
2.3,13.3,0.00,0.00,0,2.95,0,2.95,0,2.95,87,29.4
3.7,13.3,0.00,0.00,0,2.95,0,2.95,0,2.95,89,29.4
2.1,13.3,0.00,0.00,0,2.95,0,2.95,0,2.95,89,29.4
5.6,13.3,0.00,0.00,0,2.95,0,2.95,0,2.95,84,29.4
6.3,13.3,0.00,0.00,0,2.95,0,2.95,0,2.95,83,29.4
4.4,13.3,0.00,0.00,0,2.95,0,2.95,0,2.95,89,29.4
2.7,13.3,0.00,0.00,0,2.95,0,2.95,0,2.95,87,29.4
4.2,13.3,0.00,0.00,0,2.95,0,2.95,0,2.95,88,29.4
5.6,13.3,0.00,0.00,0,2.95,0,2.95,0,2.95,85,29.4
5.9,13.3,0.00,0.00,0,2.95,0,2.95,0,2.95,85,29.4
6.5,13.3,0.00,0.00,0,2.95,0,2.95,0,2.95,88,29.4
5.7,13.3,0.00,0.00,0,2.95,0,2.95,0,2.95,84,29.4
6.5,13.3,0.00,0.00,0,2.95,0,2.95,0,2.95,84,29.4
5.5,13.3,0.00,0.00,0,2.95,0,2.95,0,2.95,89,29.4
2.1,13.3,0.00,0.00,0,2.95,0,2.95,0,2.95,86,29.4
2.3,13.3,0.00,0.00,0,2.95,0,2.95,0,2.95,87,29.4
5.8,13.3,0.00,0.00,0,2.95,0,2.95,0,2.95,85,29.4
5.7,13.3,0.00,0.00,0,2.95,0,2.95,0,2.95,86,29.4
6.3,13.3,0.00,0.00,0,2.95,0,2.95,0,2.95,87,29.4
4.6,13.3,0.00,0.00,0,2.95,0,2.95,0,2.95,89,29.4
2.3,13.3,0.00,0.00,0,2.95,0,2.95,0,2.95,86,29.4
3.3,13.3,0.00,0.00,0,2.95,0,2.95,0,2.95,87,29.4
5.5,13.3,0.00,0.00,0,2.95,0,2.95,0,2.95,85,29.4
6.1,13.3,0.00,0.00,0,2.95,0,2.95,0,2.95,87,29.4
3.1,13.3,0.00,0.00,0,2.95,0,2.95,0,2.95,90,29.4
4.2,13.3,0.00,0.00,0,2.95,0,2.95,0,2.95,88,29.4
2.5,13.3,0.00,0.00,0,2.95,0,2.95,0,2.95,87,29.4
5.7,13.3,0.00,0.00,0,2.95,0,2.95,0,2.95,86,29.4
5.7,13.3,0.00,0.00,0,2.95,0,2.95,0,2.95,86,29.4
6.5,13.3,0.00,0.00,0,2.95,0,2.95,0,2.95,88,29.4
2.7,13.3,0.00,0.00,0,2.95,0,2.95,0,2.95,90,29.4
3.5,13.3,0.00,0.00,0,2.95,0,2.95,0,2.95,90,29.4
6.0,13.3,0.00,0.00,0,2.95,0,2.95,0,2.95,90,29.4
5.7,13.3,0.00,0.00,0,2.95,0,2.95,0,2.95,85,29.4
6.3,13.3,0.00,0.00,0,2.95,0,2.95,0,2.95,84,29.4
2.5,13.3,0.00,0.00,0,2.95,0,2.95,0,2.95,91,29.4
10.2,13.3,0.00,0.00,0,2.95,0,2.95,0,2.95,90,29.4
2.5,13.2,0.00,0.00,0,2.95,0,2.95,0,2.95,89,29.4
5.9,13.2,0.00,0.00,0,2.95,0,2.95,0,2.95,86,29.4
5.5,13.2,0.00,0.00,0,2.95,0,2.95,0,2.95,86,29.4
4.4,13.2,0.00,0.00,0,2.95,0,2.95,0,2.95,85,29.4
2.9,13.2,0.00,0.00,0,2.95,0,2.95,0,2.95,83,29.4
2.5,13.2,0.00,0.00,0,2.95,0,2.95,0,2.95,85,29.4
5.8,13.2,0.00,0.00,0,2.95,0,2.95,0,2.95,81,29.4
6.1,13.2,0.00,0.00,0,2.95,0,2.95,0,2.95,85,29.4
6.7,13.2,0.00,0.00,0,2.95,0,2.95,0,2.95,90,29.4
2.3,13.2,0.00,0.00,0,2.95,0,2.95,0,2.95,89,29.4
6.0,13.2,0.00,0.00,0,2.95,0,2.95,0,2.95,89,29.4
6.3,13.2,0.00,0.00,0,2.95,0,2.95,0,2.95,86,29.4
5.5,13.2,0.00,0.00,0,2.95,0,2.95,0,2.95,84,29.4
5.9,13.2,0.00,0.00,0,2.95,0,2.95,0,2.95,86,29.4
4.8,13.2,0.00,0.00,0,2.95,0,2.95,0,2.95,87,29.4
2.7,13.2,0.00,0.00,0,2.95,0,2.95,0,2.95,86,29.4
2.3,13.2,0.00,0.00,0,2.95,0,2.95,0,2.95,91,29.4
6.5,13.2,0.00,0.00,0,2.95,0,2.95,0,2.95,88,29.4
5.7,13.2,0.00,0.00,0,2.95,0,2.95,0,2.95,81,29.4
4.4,13.2,0.00,0.00,0,2.95,0,2.95,0,2.95,85,29.4
4.2,13.2,0.00,0.00,0,2.95,0,2.95,0,2.95,88,29.4
3.7,13.2,0.00,0.00,0,2.95,0,2.95,0,2.95,89,29.4
6.1,13.2,0.00,0.00,0,2.95,0,2.95,0,2.95,88,29.4
5.9,13.2,0.00,0.00,0,2.95,0,2.95,0,2.95,81,29.4
6.7,13.2,0.00,0.00,0,2.95,0,2.95,0,2.95,86,29.4
2.3,13.2,0.00,0.00,0,2.95,0,2.95,0,2.95,88,29.4
4.4,13.2,0.00,0.00,0,2.95,0,2.95,0,2.95,88,29.4
4.0,13.2,0.00,0.00,0,2.95,0,2.95,0,2.95,82,29.4
5.7,13.2,0.00,0.00,0,2.95,0,2.95,0,2.95,81,29.4
5.7,13.2,0.00,0.00,0,2.95,0,2.95,0,2.95,88,29.4
4.0,13.2,0.00,0.00,0,2.95,0,2.95,0,2.95,87,29.4
2.5,13.2,0.00,0.00,0,2.95,0,2.95,0,2.95,87,29.4
3.8,13.2,0.00,0.00,0,2.95,0,2.95,0,2.95,88,29.4
6.1,13.2,0.00,0.00,0,2.95,0,2.95,0,2.95,88,29.4
5.3,13.2,0.00,0.00,0,2.95,0,2.95,0,2.95,87,29.4
3.7,13.2,0.00,0.00,0,2.95,0,2.95,0,2.95,89,29.4
2.5,13.2,0.00,0.00,0,2.95,0,2.95,0,2.95,88,29.4
2.7,13.2,0.00,0.00,0,2.95,0,2.95,0,2.95,88,29.4
6.1,13.2,0.00,0.00,0,2.95,0,2.95,0,2.95,88,29.4
6.2,13.2,0.00,0.00,0,2.95,0,2.95,0,2.95,85,29.4
5.8,13.2,0.00,0.00,0,2.95,0,2.95,0,2.95,88,29.4
5.6,13.2,0.00,0.00,0,2.95,0,2.95,0,2.95,89,29.4
2.3,13.2,0.00,0.00,0,2.95,0,2.95,0,2.95,90,29.4
5.0,13.2,0.00,0.00,0,2.95,0,2.95,0,2.95,89,29.4
6.5,13.2,0.00,0.00,0,2.95,0,2.95,0,2.95,87,29.4
6.0,13.2,0.00,0.00,0,2.95,0,2.95,0,2.95,85,29.4
4.4,13.2,0.00,0.00,0,2.95,0,2.95,0,2.95,88,29.4
2.9,13.2,0.00,0.00,0,2.95,0,2.95,0,2.95,89,29.4
3.5,13.2,0.00,0.00,0,2.95,0,2.95,0,2.95,90,29.4
6.3,13.2,0.00,0.00,0,2.95,0,2.95,0,2.95,85,29.4
6.1,13.2,0.00,0.00,0,2.95,0,2.95,0,2.95,85,29.4
5.7,13.2,0.00,0.00,0,2.95,0,2.95,0,2.95,84,29.4
2.5,13.2,0.00,0.00,0,2.95,0,2.95,0,2.95,88,29.4
2.3,13.2,0.00,0.00,0,2.95,0,2.95,0,2.95,89,29.4
4.2,13.2,0.00,0.00,0,2.95,0,2.95,0,2.95,88,29.4
5.1,13.2,0.00,0.00,0,2.95,0,2.95,0,2.95,84,29.4
5.8,13.2,0.00,0.00,0,2.95,0,2.95,0,2.95,86,29.4
4.4,13.2,0.00,0.00,0,2.95,0,2.95,0,2.95,88,29.4
3.1,13.2,0.00,0.00,0,2.95,0,2.95,0,2.95,89,29.4
3.5,13.2,0.00,0.00,0,2.95,0,2.95,0,2.95,88,29.4
4.9,13.3,0.00,0.00,0,2.95,0,2.95,0,2.95,85,29.4
6.1,13.3,0.00,0.00,0,2.95,0,2.95,0,2.95,82,29.4
5.9,13.3,0.00,0.00,0,2.95,0,2.95,0,2.95,85,29.4
4.0,13.2,0.00,0.00,0,2.95,0,2.95,0,2.95,87,29.4
3.3,13.2,0.00,0.00,0,2.95,0,2.95,0,2.95,87,29.4
3.5,13.2,0.00,0.00,0,2.95,0,2.95,0,2.95,85,29.4
5.9,13.3,0.00,0.00,0,2.95,0,2.95,0,2.95,86,29.4
6.3,13.2,0.00,0.00,0,2.95,0,2.95,0,2.95,83,29.4
2.9,13.2,0.00,0.00,0,2.95,0,2.95,0,2.95,86,29.4
3.8,13.2,0.00,0.00,0,2.95,0,2.95,0,2.95,87,29.4
2.3,13.2,0.00,0.00,0,2.95,0,2.95,0,2.95,88,29.4
5.5,13.2,0.00,0.00,0,2.95,0,2.95,0,2.95,86,29.4
5.7,13.2,0.00,0.00,0,2.95,0,2.95,0,2.95,86,29.4
5.5,13.2,0.00,0.00,0,2.95,0,2.95,0,2.95,84,29.4
5.0,13.2,0.00,0.00,0,2.95,0,2.95,0,2.95,85,29.4
6.3,13.2,0.00,0.00,0,2.95,0,2.95,0,2.95,86,29.4
5.7,13.2,0.00,0.00,0,2.95,0,2.95,0,2.95,84,29.4
2.3,13.2,0.00,0.00,0,2.95,0,2.95,0,2.95,88,29.4
5.9,13.3,0.00,0.00,0,2.95,0,2.95,0,2.95,83,29.4
5.9,13.3,0.00,0.00,0,2.95,0,2.95,0,2.95,84,29.4
6.2,13.3,0.00,0.00,0,2.95,0,2.95,0,2.95,85,29.4
2.7,13.3,0.00,0.00,0,2.95,0,2.95,0,2.95,90,29.4
2.7,13.3,0.00,0.00,0,2.95,0,2.95,0,2.95,90,29.4
5.0,13.3,0.00,0.00,0,2.95,0,2.95,0,2.95,85,29.4
6.3,13.3,0.00,0.00,0,2.95,0,2.95,0,2.95,82,29.4
5.5,13.3,0.00,0.00,0,2.95,0,2.95,0,2.95,84,29.4
2.1,13.3,0.00,0.00,0,2.95,0,2.95,0,2.95,88,29.4
3.8,13.3,0.00,0.00,0,2.95,0,2.95,0,2.95,88,29.4
2.3,13.3,0.00,0.00,0,2.95,0,2.95,0,2.95,86,29.4
5.1,13.3,0.00,0.00,0,2.95,0,2.95,0,2.95,83,29.4
6.5,13.3,0.00,0.00,0,2.95,0,2.95,0,2.95,86,29.4
5.5,13.3,0.00,0.00,0,2.95,0,2.95,0,2.95,85,29.4
2.3,13.3,0.00,0.00,0,2.95,0,2.95,0,2.95,87,29.4
3.7,13.3,0.00,0.00,0,2.95,0,2.95,0,2.95,83,29.4
2.7,13.3,0.00,0.00,0,2.95,0,2.95,0,2.95,83,29.4
5.6,13.3,0.00,0.00,0,2.95,0,2.95,0,2.95,83,29.4
5.7,13.3,0.00,0.00,0,2.95,0,2.95,0,2.95,83,29.4
4.2,13.3,0.00,0.00,0,2.95,0,2.95,0,2.95,87,29.4
2.3,13.3,0.00,0.00,0,2.95,0,2.95,0,2.95,88,29.4
3.1,13.3,0.00,0.00,0,2.95,0,2.95,0,2.95,87,29.4
6.7,13.3,0.00,0.00,0,2.95,0,2.95,0,2.95,85,29.4
5.5,13.3,0.00,0.00,0,2.95,0,2.95,0,2.95,82,29.4
5.3,13.3,0.00,0.00,0,2.95,0,2.95,0,2.95,88,29.4
4.4,13.2,0.00,0.00,0,2.95,0,2.95,0,2.95,90,29.4
2.5,13.3,0.00,0.00,0,2.95,0,2.95,0,2.95,85,29.4
2.5,13.3,0.00,0.00,0,2.95,0,2.95,0,2.95,85,29.4
3.9,13.2,0.00,0.00,0,2.95,0,2.95,0,2.95,86,29.4
2.3,13.2,0.00,0.00,0,2.95,0,2.95,0,2.95,87,29.4
3.5,13.2,0.00,0.00,0,2.95,0,2.95,0,2.95,88,29.4
2.7,13.2,0.00,0.00,0,2.95,0,2.95,0,2.95,85,29.4
2.3,13.2,0.00,0.00,0,2.95,0,2.95,0,2.95,87,29.4
4.2,13.2,0.00,0.00,0,2.95,0,2.95,0,2.95,87,29.4
2.3,13.2,0.00,0.00,0,2.95,0,2.95,0,2.95,89,29.4
3.1,13.2,0.00,0.00,0,2.95,0,2.95,0,2.95,89,29.4
2.9,13.3,0.00,0.00,0,2.95,0,2.95,0,2.95,85,29.4
2.7,13.2,0.00,0.00,0,2.95,0,2.95,0,2.95,85,29.4
3.8,13.2,0.00,0.00,0,2.95,0,2.95,0,2.95,87,29.4
3.7,13.2,0.00,0.00,0,2.95,0,2.95,0,2.95,89,29.4
2.7,13.2,0.00,0.00,0,2.95,0,2.95,0,2.95,89,29.4
4.0,13.2,0.00,0.00,0,2.95,0,2.95,0,2.95,86,29.4
2.3,13.2,0.00,0.00,0,2.95,0,2.95,0,2.95,84,29.4
2.5,13.2,0.00,0.00,0,2.95,0,2.95,0,2.95,89,29.4
2.7,13.2,0.00,0.00,0,2.95,0,2.95,0,2.95,88,29.4
2.3,13.3,0.00,0.00,0,2.95,0,2.95,0,2.95,87,29.4
4.2,13.2,0.00,0.00,0,2.95,0,2.95,0,2.95,86,29.4
2.3,13.2,0.00,0.00,0,2.95,0,2.95,0,2.95,87,29.4
3.3,13.3,0.00,0.00,0,2.95,0,2.95,0,2.95,84,29.4
4.0,13.3,0.00,0.00,0,2.95,0,2.95,0,2.95,85,29.4
2.9,13.3,0.00,0.00,0,2.95,0,2.95,0,2.95,87,29.4
3.6,13.3,0.00,0.00,0,2.95,0,2.95,0,2.95,85,29.4
2.1,13.3,0.00,0.00,0,2.95,0,2.95,0,2.95,86,29.4
2.5,13.3,0.00,0.00,0,2.95,0,2.95,0,2.95,85,29.4
3.3,13.3,0.00,0.00,0,2.95,0,2.95,0,2.95,85,29.4
2.3,13.2,0.00,0.00,0,2.95,0,2.95,0,2.95,89,29.4
2.1,13.2,0.00,0.00,0,2.95,0,2.95,0,2.95,89,29.4
9.3,13.2,0.00,0.00,0,2.95,0,2.95,0,2.95,4,2.95
3204.05