1.7,8.0,0.00,0.00,0,2.95,0,2.95,0,2.95,0,2.95
3.4,8.0,0.00,0.00,0,2.95,0,2.95,0,2.95,0,2.95
3.6,8.0,0.00,0.00,0,2.95,0,2.95,0,2.95,0,2.95
0.6,8.0,0.00,0.00,0,2.95,0,2.95,0,2.95,0,2.95
0.2,8.0,0.00,0.00,0,2.95,0,2.95,0,2.95,0,2.95
0.0,8.0,0.00,0.00,0,2.95,0,2.95,0,2.95,0,2.95
6.5,8.3,0.00,0.00,0,2.95,0,2.95,0,2.95,0,2.95
54.4,8.6,0.00,0.00,0,2.95,0,2.95,0,2.95,0,2.95
49.8,9.0,0.00,0.00,0,2.95,0,2.95,0,2.95,0,2.95
37.2,9.3,0.00,0.00,0,2.95,0,2.95,0,2.95,0,2.95
0.2,9.5,0.00,0.00,0,2.95,0,2.95,0,2.95,0,2.95
0.0,9.5,0.00,0.00,0,2.95,0,2.95,0,2.95,0,2.95
4.2,9.5,0.00,0.00,0,2.95,0,2.95,0,2.95,0,2.95
3.6,9.5,0.00,0.00,0,2.95,0,2.95,0,2.95,0,2.95
0.8,9.5,0.00,0.00,0,2.95,0,2.95,0,2.95,0,2.95
1.5,9.5,0.00,0.00,0,2.95,0,2.95,0,2.95,0,2.95
0.2,9.5,0.00,0.00,0,2.95,0,2.95,0,2.95,0,2.95
3.2,9.5,0.00,0.00,0,2.95,0,2.95,0,2.95,0,2.95
3.6,9.5,0.00,0.00,0,2.95,0,2.95,0,2.95,0,2.95
2.1,9.5,0.00,0.00,0,2.95,0,2.95,0,2.95,0,2.95
0.0,9.5,0.00,0.00,0,2.95,0,2.95,0,2.95,0,2.95
0.0,9.5,0.00,0.00,0,2.95,0,2.95,0,2.95,0,2.95
3.5,9.5,0.00,0.00,0,2.95,0,2.95,0,2.95,0,2.95
3.4,9.5,0.00,0.00,0,2.95,0,2.95,0,2.95,0,2.95
1.9,9.5,0.00,0.00,0,2.95,0,2.95,0,2.95,0,2.95
1.5,9.5,0.00,0.00,0,2.95,0,2.95,0,2.95,0,2.95
0.2,9.5,0.00,0.00,0,2.95,0,2.95,0,2.95,0,2.95
2.5,9.5,0.00,0.00,0,2.95,0,2.95,0,2.95,0,2.95
5.5,9.5,0.00,0.00,0,2.95,0,2.95,0,2.95,0,2.95
5.5,9.5,0.00,0.00,0,2.95,0,2.95,0,2.95,0,2.95
0.4,9.5,0.00,0.00,0,2.95,0,2.95,0,2.95,0,2.95
0.4,9.5,0.00,0.00,0,2.95,0,2.95,0,2.95,0,2.95
0.0,9.5,0.00,0.00,0,2.95,0,2.95,0,2.95,0,2.95
3.6,9.5,0.00,0.00,0,2.95,0,2.95,0,2.95,0,2.95
3.4,9.5,0.00,0.00,0,2.95,0,2.95,0,2.95,0,2.95
1.9,9.5,0.00,0.00,0,2.95,0,2.95,0,2.95,0,2.95
1.9,9.5,0.00,0.00,0,2.95,0,2.95,0,2.95,0,2.95
1.4,9.5,0.00,0.00,0,2.95,0,2.95,0,2.95,0,2.95
6.7,9.5,0.00,0.00,0,2.95,0,2.95,0,2.95,0,2.95
3.2,9.5,0.00,0.00,0,2.95,0,2.95,0,2.95,0,2.95
0.6,9.5,0.00,0.00,0,2.95,0,2.95,0,2.95,0,2.95
0.4,9.5,0.00,0.00,0,2.95,0,2.95,0,2.95,0,2.95
0.0,9.5,0.00,0.00,0,2.95,0,2.95,0,2.95,0,2.95
2.7,9.5,0.00,0.00,0,2.95,0,2.95,0,2.95,0,2.95
3.8,9.5,0.00,0.00,0,2.95,0,2.95,0,2.95,0,2.95
0.8,9.5,0.00,0.00,0,2.95,0,2.95,0,2.95,0,2.95
1.9,9.5,0.00,0.00,0,2.95,0,2.95,0,2.95,0,2.95
1.7,9.5,0.00,0.00,0,2.95,0,2.95,0,2.95,0,2.95
4.4,9.5,0.00,0.00,0,2.95,0,2.95,0,2.95,0,2.95
3.5,9.5,0.00,0.00,0,2.95,0,2.95,0,2.95,0,2.95
0.6,9.5,0.00,0.00,0,2.95,0,2.95,0,2.95,0,2.95
0.6,9.5,0.00,0.00,0,2.95,0,2.95,0,2.95,0,2.95
0.4,9.5,0.00,0.00,0,2.95,0,2.95,0,2.95,0,2.95
3.4,9.5,0.00,0.00,0,2.95,0,2.95,0,2.95,0,2.95
3.5,9.5,0.00,0.00,0,2.95,0,2.95,0,2.95,0,2.95
2.3,9.5,0.00,0.00,0,2.95,0,2.95,0,2.95,0,2.95
0.2,9.5,0.00,0.00,0,2.95,0,2.95,0,2.95,0,2.95
2.3,9.5,0.00,0.00,0,2.95,0,2.95,0,2.95,0,2.95
3.4,9.5,0.00,0.00,0,2.95,0,2.95,0,2.95,0,2.95
3.6,9.5,0.00,0.00,0,2.95,0,2.95,0,2.95,0,2.95
3.4,9.5,0.00,0.00,0,2.95,0,2.95,0,2.95,0,2.95
0.2,9.5,0.00,0.00,0,2.95,0,2.95,0,2.95,0,2.95
2.5,9.5,0.00,0.00,0,2.95,0,2.95,0,2.95,0,2.95
4.6,9.5,0.00,0.00,0,2.95,0,2.95,0,2.95,0,2.95
3.2,9.5,0.00,0.00,0,2.95,0,2.95,0,2.95,0,2.95
3.2,9.5,0.00,0.00,0,2.95,0,2.95,0,2.95,0,2.95
3.8,9.5,0.00,0.00,0,2.95,0,2.95,0,2.95,0,2.95
0.6,9.5,0.00,0.00,0,2.95,0,2.95,0,2.95,0,2.95
0.8,9.5,0.00,0.00,0,2.95,0,2.95,0,2.95,0,2.95
0.6,9.5,0.00,0.00,0,2.95,0,2.95,0,2.95,0,2.95
3.2,9.5,0.00,0.00,0,2.95,0,2.95,0,2.95,0,2.95
3.2,9.5,0.00,0.00,0,2.95,0,2.95,0,2.95,0,2.95
0.0,9.5,0.00,0.00,0,2.95,0,2.95,0,2.95,0,2.95
0.2,9.5,0.00,0.00,0,2.95,0,2.95,0,2.95,0,2.95
0.4,9.5,0.00,0.00,0,2.95,0,2.95,0,2.95,0,2.95
3.6,9.5,0.00,0.00,0,2.95,0,2.95,0,2.95,0,2.95
3.2,9.6,0.00,0.00,0,2.95,0,2.95,0,2.95,0,2.95
3.1,9.5,0.00,0.00,0,2.95,0,2.95,0,2.95,0,2.95
0.2,9.5,0.00,0.00,0,2.95,0,2.95,0,2.95,0,2.95
0.0,9.5,0.00,0.00,0,2.95,0,2.95,0,2.95,0,2.95
2.7,9.6,0.00,0.00,0,2.95,0,2.95,0,2.95,0,2.95
3.4,9.6,0.00,0.00,0,2.95,0,2.95,0,2.95,0,2.95
3.8,9.6,0.00,0.00,0,2.95,0,2.95,0,2.95,0,2.95
0.4,9.5,0.00,0.00,0,2.95,0,2.95,0,2.95,0,2.95
0.4,9.5,0.00,0.00,0,2.95,0,2.95,0,2.95,0,2.95
1.0,9.5,0.00,0.00,0,2.95,0,2.95,0,2.95,0,2.95
4.8,9.6,0.00,0.00,0,2.95,0,2.95,0,2.95,0,2.95
3.4,9.6,0.00,0.00,0,2.95,0,2.95,0,2.95,0,2.95
