1.4,5.2,0.00,0.00,0,2.2,0,2.2,0,2.2
0.2,5.2,0.00,0.00,0,2.2,0,2.2,0,2.2
0.0,5.2,0.00,0.00,0,2.2,0,2.2,0,2.2
0.2,5.2,0.00,0.00,0,2.2,0,2.2,0,2.2
0.0,5.2,0.00,0.00,0,2.2,0,2.2,0,2.2
0.2,5.2,0.00,0.00,0,2.2,0,2.2,0,2.2
0.4,5.2,0.00,0.00,0,2.2,0,2.2,0,2.2
0.4,5.2,0.00,0.00,0,2.2,0,2.2,0,2.2
0.2,5.2,0.00,0.00,0,2.2,0,2.2,0,2.2
0.0,5.2,0.00,0.00,0,2.2,0,2.2,0,2.2
1.5,5.2,0.00,0.00,0,2.2,0,2.2,0,2.2
0.0,5.2,0.00,0.00,0,2.2,0,2.2,0,2.2
0.2,5.2,0.00,0.00,0,2.2,0,2.2,0,2.2
0.2,5.2,0.00,0.00,0,2.2,0,2.2,0,2.2
0.8,5.2,0.00,0.00,0,2.2,0,2.2,0,2.2
0.6,5.2,0.00,0.00,0,2.2,0,2.2,0,2.2
