0.8,8.1,0.00,0.00,0,2.95,0,2.95,0,2.95,0,2.95
3.1,8.1,0.00,0.00,0,2.95,0,2.95,0,2.95,0,2.95
2.5,8.2,0.00,0.00,0,2.95,0,2.95,0,2.95,0,2.95
3.1,8.2,0.00,0.00,0,2.95,0,2.95,0,2.95,0,2.95
0.6,8.1,0.00,0.00,0,2.95,0,2.95,0,2.95,0,2.95
0.2,8.1,0.00,0.00,0,2.95,0,2.95,0,2.95,0,2.95
5.0,8.3,0.00,0.00,0,2.95,0,2.95,0,2.95,0,2.95
5.0,8.5,0.00,0.00,0,2.95,0,2.95,0,2.95,0,2.95
9.0,9.1,0.00,0.00,0,2.95,0,2.95,0,2.95,0,2.95
7.9,9.5,0.00,0.00,0,2.95,0,2.95,0,2.95,0,2.95
5.4,9.7,0.00,0.00,0,2.95,0,2.95,0,2.95,0,2.95
6.7,12.2,0.00,0.00,0,2.95,0,4.77,1,3.07,0,2.95
12.2,15.3,0.00,0.00,2,15.44,4,16.24,0,3.07,0,2.95
15.5,14.7,0.00,0.00,1,16.24,0,16.24,0,3.07,0,2.95
11.7,15.2,0.00,0.00,0,16.24,0,16.24,0,3.07,0,2.95
10.4,15.5,0.00,0.00,0,16.24,0,16.24,0,3.07,100,3.19
12.3,15.9,0.00,0.00,0,16.24,0,16.24,0,3.07,100,3.19
10.6,15.9,0.00,0.00,0,16.24,0,16.24,0,3.07,100,3.19
10.6,15.9,0.00,0.00,0,16.24,0,16.24,0,3.07,100,3.19
10.4,15.9,0.00,0.00,0,16.24,0,16.24,0,3.07,75,3.19
10.6,15.9,0.00,0.00,0,16.24,0,16.24,0,3.07,0,3.19
10.8,15.9,0.00,0.00,0,16.24,0,16.24,0,3.07,0,3.19
11.0,15.9,0.00,0.00,0,16.24,0,16.24,0,3.07,0,3.19
10.8,15.9,0.00,0.00,0,16.24,0,16.24,0,3.07,0,3.19
10.6,15.9,0.00,0.00,0,16.24,0,16.24,0,3.07,0,3.19
10.8,15.9,0.00,0.00,0,16.24,0,16.24,0,3.07,0,3.19
10.6,15.9,0.00,0.00,0,16.24,0,16.24,0,3.07,0,3.19
12.9,15.9,0.00,0.00,0,16.24,0,16.24,0,3.07,0,3.19
10.6,15.9,0.00,0.00,0,16.24,0,16.24,0,3.07,0,3.19
11.0,15.9,0.00,0.00,0,16.24,0,16.24,0,3.07,0,3.19
10.6,15.9,0.00,0.00,0,16.24,0,16.24,0,3.07,0,3.19
10.8,15.9,0.00,0.00,0,16.24,0,16.24,0,3.07,0,3.19
10.8,15.9,0.00,0.00,0,16.24,0,16.24,0,3.07,0,3.19
10.5,15.9,0.00,0.00,0,16.24,0,16.24,0,3.07,0,3.19
11.2,15.9,0.00,0.00,0,16.24,0,16.24,0,3.07,0,3.19
10.8,15.9,0.00,0.00,0,16.24,0,16.24,0,3.07,0,3.19
10.4,15.9,0.00,0.00,0,16.24,0,16.24,0,3.07,0,3.19
10.4,15.9,0.00,0.00,0,16.24,0,16.24,0,3.07,0,3.19
12.1,15.9,0.00,0.00,0,16.24,0,16.24,0,3.07,0,3.19
10.8,15.9,0.00,0.00,0,16.24,0,16.24,0,3.07,0,3.19
10.8,15.9,0.00,0.00,0,16.24,0,16.24,0,3.07,0,3.19
10.4,15.9,0.00,0.00,0,16.24,0,16.24,0,3.07,0,3.19
10.4,15.9,0.00,0.00,0,16.24,0,16.24,0,3.07,0,3.19
10.6,15.9,0.00,0.00,0,16.24,0,16.24,0,3.07,0,3.19
10.8,15.9,0.00,0.00,0,16.24,0,16.24,0,3.07,0,3.19
10.8,15.9,0.00,0.00,0,16.24,0,16.24,0,3.07,0,3.19
10.4,15.9,0.00,0.00,0,16.24,0,16.24,0,3.07,0,3.19
10.6,15.9,0.00,0.00,0,16.24,0,16.24,0,3.07,0,3.19
10.8,15.9,0.00,0.00,0,16.24,0,16.24,0,3.07,0,3.19
11.7,15.9,0.00,0.00,0,16.24,0,16.24,0,3.07,0,3.19
11.2,15.9,0.00,0.00,0,16.24,0,16.24,0,3.07,0,3.19
10.6,15.9,0.00,0.00,0,16.24,0,16.24,0,3.07,0,3.19
10.6,15.9,0.00,0.00,0,16.24,0,16.24,0,3.07,0,3.19
10.8,15.9,0.00,0.00,0,16.24,0,16.24,0,3.07,0,3.19
10.4,15.9,0.00,0.00,0,16.24,0,16.24,0,3.07,0,3.19
11.4,15.9,0.00,0.00,0,16.24,0,16.24,0,3.07,0,3.19
10.8,15.9,0.00,0.00,0,16.24,0,16.24,0,3.07,0,3.19
10.4,15.9,0.00,0.00,0,16.24,0,16.24,0,3.07,0,3.19
10.6,15.9,0.00,0.00,0,16.24,0,16.24,0,3.07,0,3.19
10.5,15.9,0.00,0.00,0,16.24,0,16.24,0,3.07,0,3.19
10.9,15.9,0.00,0.00,0,16.24,0,16.24,0,3.07,0,3.19
11.1,15.9,0.00,0.00,0,16.24,0,16.24,0,3.07,0,3.19
10.6,15.9,0.00,0.00,0,16.24,0,16.24,0,3.07,0,3.19
11.0,15.9,0.00,0.00,0,16.24,0,16.24,0,3.07,0,3.19
10.4,15.9,0.00,0.00,0,16.24,0,16.24,0,3.07,0,3.19
10.4,15.8,0.00,0.00,0,16.24,0,16.24,0,3.07,0,3.19
11.0,15.8,0.00,0.00,0,16.24,0,16.24,0,3.07,0,3.19
10.4,15.8,0.00,0.00,0,16.24,0,16.24,0,3.07,0,3.19
10.4,15.8,0.00,0.00,0,16.24,0,16.24,0,3.07,0,3.19
10.8,15.8,0.00,0.00,0,16.24,0,16.24,0,3.07,0,3.19
10.8,15.8,0.00,0.00,0,16.24,0,16.24,0,3.07,0,3.19
11.2,15.8,0.00,0.00,0,16.24,0,16.24,0,3.07,0,3.19
11.2,15.8,0.00,0.00,0,16.24,0,16.24,0,3.07,0,3.19
10.8,15.8,0.00,0.00,0,16.24,0,16.24,0,3.07,0,3.19
11.0,15.8,0.00,0.00,0,16.24,0,16.24,0,3.07,0,3.19
10.6,15.8,0.00,0.00,0,16.24,0,16.24,0,3.07,0,3.19
10.8,15.8,0.00,0.00,0,16.24,0,16.24,0,3.07,0,3.19
11.0,15.8,0.00,0.00,0,16.24,0,16.24,0,3.07,0,3.19
10.6,15.8,0.00,0.00,0,16.24,0,16.24,0,3.07,0,3.19
10.8,15.8,0.00,0.00,0,16.24,0,16.24,0,3.07,0,3.19
10.6,15.8,0.00,0.00,0,16.24,0,16.24,0,3.07,0,3.19
10.6,15.8,0.00,0.00,0,16.24,0,16.24,0,3.07,0,3.19
10.8,15.8,0.00,0.00,0,16.24,0,16.24,0,3.07,0,3.19
11.0,15.8,0.00,0.00,0,16.24,0,16.24,0,3.07,0,3.19
11.0,15.8,0.00,0.00,0,16.24,0,16.24,0,3.07,0,3.19
10.6,15.8,0.00,0.00,0,16.24,0,16.24,0,3.07,0,3.19
13.4,15.9,0.00,0.00,0,16.24,0,16.24,0,3.07,0,3.19
13.7,15.9,0.00,0.00,0,16.24,0,16.24,0,3.07,0,3.19
12.1,15.8,0.00,0.00,0,16.24,0,16.24,0,3.07,0,3.19
10.6,15.8,0.00,0.00,0,16.24,0,16.24,0,3.07,0,3.19
11.2,15.8,0.00,0.00,0,16.24,0,16.24,0,3.07,0,3.19
14.6,15.9,0.00,0.00,0,16.24,0,16.24,0,3.07,0,3.19
13.9,15.9,0.00,0.00,0,16.24,0,16.24,0,3.07,0,3.19
13.9,15.9,0.00,0.00,0,16.24,0,16.24,0,3.07,0,3.19
12.5,15.9,0.00,0.00,0,16.24,0,16.24,0,3.07,0,3.19
14.0,15.9,0.00,0.00,0,16.24,0,16.24,0,3.07,0,3.19
13.8,15.9,0.00,0.00,0,16.24,0,16.24,0,3.07,0,3.19
14.6,15.9,0.00,0.00,0,16.24,0,16.24,0,3.07,0,3.19
10.8,15.9,0.00,0.00,0,16.24,0,16.24,0,3.07,0,3.19
10.6,15.9,0.00,0.00,0,16.24,0,16.24,0,3.07,0,3.19
14.6,15.9,0.00,0.00,0,16.24,0,16.24,0,3.07,0,3.19
13.0,15.9,0.00,0.00,0,16.24,0,16.24,0,3.07,0,3.19
10.8,15.9,0.00,0.00,0,16.24,0,16.24,0,3.07,0,3.19
10.8,15.9,0.00,0.00,0,16.24,0,16.24,0,3.07,0,3.19
10.4,15.9,0.00,0.00,0,16.24,0,16.24,0,3.07,0,3.19
12.5,15.9,0.00,0.00,0,16.24,0,16.24,0,3.07,0,3.19
10.8,15.9,0.00,0.00,0,16.24,0,16.24,0,3.07,0,3.19
10.6,15.9,0.00,0.00,0,16.24,0,16.24,0,3.07,0,3.19
10.6,15.9,0.00,0.00,0,16.24,0,16.24,0,3.07,0,3.19
10.6,15.9,0.00,0.00,0,16.24,0,16.24,0,3.07,0,3.19
11.0,15.9,0.00,0.00,0,16.24,0,16.24,0,3.07,0,3.19
10.6,15.9,0.00,0.00,0,16.24,0,16.24,0,3.07,0,3.19
10.4,15.9,0.00,0.00,0,16.24,0,16.24,0,3.07,0,3.19
11.2,15.9,0.00,0.00,0,16.24,0,16.24,0,3.07,0,3.19
10.6,15.9,0.00,0.00,0,16.24,0,16.24,0,3.07,0,3.19
10.6,15.9,0.00,0.00,0,16.24,0,16.24,0,3.07,0,3.19
12.1,15.9,0.00,0.00,0,16.24,0,16.24,0,3.07,0,3.19
10.7,15.9,0.00,0.00,0,16.24,0,16.24,0,3.07,0,3.19
10.8,15.9,0.00,0.00,0,16.24,0,16.24,0,3.07,0,3.19
10.8,15.9,0.00,0.00,0,16.24,0,16.24,0,3.07,0,3.19
10.4,15.9,0.00,0.00,0,16.24,0,16.24,0,3.07,0,3.19
11.2,15.9,0.00,0.00,0,16.24,0,16.24,0,3.07,0,3.19
11.2,15.9,0.00,0.00,0,16.24,0,16.24,0,3.07,0,3.19
10.6,15.9,0.00,0.00,0,16.24,0,16.24,0,3.07,0,3.19
10.6,15.9,0.00,0.00,0,16.24,0,16.24,0,3.07,0,3.19
10.6,15.9,0.00,0.00,0,16.24,0,16.24,0,3.07,0,3.19
10.8,15.9,0.00,0.00,0,16.24,0,16.24,0,3.07,0,3.19
12.3,15.9,0.00,0.00,0,16.24,0,16.24,0,3.07,0,3.19
10.6,15.9,0.00,0.00,0,16.24,0,16.24,0,3.07,0,3.19
10.8,15.9,0.00,0.00,0,16.24,0,16.24,0,3.07,0,3.19
10.4,15.9,0.00,0.00,0,16.24,0,16.24,0,3.07,0,3.19
10.4,15.9,0.00,0.00,0,16.24,0,16.24,0,3.07,0,3.19
10.8,15.9,0.00,0.00,0,16.24,0,16.24,0,3.07,0,3.19
10.6,15.9,0.00,0.00,0,16.24,0,16.24,0,3.07,0,3.19
10.6,15.9,0.00,0.00,0,16.24,0,16.24,0,3.07,0,3.19
10.6,15.9,0.00,0.00,0,16.24,0,16.24,0,3.07,0,3.19
10.6,15.9,0.00,0.00,0,16.24,0,16.24,0,3.07,0,3.19
10.4,15.9,0.00,0.00,0,16.24,0,16.24,0,3.07,0,3.19
13.0,15.9,0.00,0.00,0,16.24,0,16.24,0,3.07,0,3.19
11.0,15.9,0.00,0.00,0,16.24,0,16.24,0,3.07,0,3.19
11.0,15.9,0.00,0.00,0,16.24,0,16.24,0,3.07,0,3.19
11.2,15.9,0.00,0.00,0,16.24,0,16.24,0,3.07,0,3.19
11.3,15.9,0.00,0.00,0,16.24,0,16.24,0,3.07,0,3.19
10.8,15.9,0.00,0.00,0,16.24,0,16.24,0,3.07,0,3.19
10.8,15.9,0.00,0.00,0,16.24,0,16.24,0,3.07,0,3.19
10.8,15.9,0.00,0.00,0,16.24,0,16.24,0,3.07,0,3.19
10.4,15.9,0.00,0.00,0,16.24,0,16.24,0,3.07,0,3.19
10.4,15.9,0.00,0.00,0,16.24,0,16.24,0,3.07,0,3.19
10.4,15.9,0.00,0.00,0,16.24,0,16.24,0,3.07,0,3.19
12.3,15.9,0.00,0.00,0,16.24,0,16.24,0,3.07,0,3.19
10.8,15.9,0.00,0.00,0,16.24,0,16.24,0,3.07,0,3.19
10.6,15.9,0.00,0.00,0,16.24,0,16.24,0,3.07,0,3.19
11.0,15.9,0.00,0.00,0,16.24,0,16.24,0,3.07,0,3.19
10.8,15.9,0.00,0.00,0,16.24,0,16.24,0,3.07,0,3.19
11.0,15.9,0.00,0.00,0,16.24,0,16.24,0,3.07,0,3.19
10.5,15.9,0.00,0.00,0,16.24,0,16.24,0,3.07,0,3.19
11.4,15.9,0.00,0.00,0,16.24,0,16.24,0,3.07,0,3.19
11.0,15.9,0.00,0.00,0,16.24,0,16.24,0,3.07,0,3.19
11.0,15.9,0.00,0.00,0,16.24,0,16.24,0,3.07,0,3.19
13.8,15.9,0.00,0.00,0,16.24,0,16.24,0,3.07,0,3.19
15.0,15.9,0.00,0.00,0,16.24,0,16.24,0,3.07,0,3.19
14.7,15.8,0.00,0.00,0,16.24,0,16.24,0,3.07,0,3.19
10.6,15.8,0.00,0.00,0,16.24,0,16.24,0,3.07,0,3.19
10.4,15.8,0.00,0.00,0,16.24,0,16.24,0,3.07,0,3.19
13.7,15.9,0.00,0.00,0,16.24,0,16.24,0,3.07,0,3.19
13.5,15.9,0.00,0.00,0,16.24,0,16.24,0,3.07,0,3.19
13.4,15.9,0.00,0.00,0,16.24,0,16.24,0,3.07,0,3.19
10.4,15.9,0.00,0.00,0,16.24,0,16.24,0,3.07,0,3.19
10.8,15.9,0.00,0.00,0,16.24,0,16.24,0,3.07,0,3.19
10.8,15.9,0.00,0.00,0,16.24,0,16.24,0,3.07,0,3.19
13.8,15.9,0.00,0.00,0,16.24,0,16.24,0,3.07,0,3.19
16.2,15.9,0.00,0.00,0,16.24,0,16.24,0,3.07,0,3.19
10.6,15.9,0.00,0.00,0,16.24,0,16.24,0,3.07,0,3.19
10.8,15.9,0.00,0.00,0,16.24,0,16.24,0,3.07,0,3.19
10.6,15.9,0.00,0.00,0,16.24,0,16.24,0,3.07,0,3.19
