1.5,7.2,0.00,0.00,0,2.95,0,2.95,0,2.95,0,2.95
4.2,7.2,0.00,0.00,0,2.95,0,2.95,0,2.95,0,2.95
4.0,7.2,0.00,0.00,0,2.95,0,2.95,0,2.95,0,2.95
0.4,7.2,0.00,0.00,0,2.95,0,2.95,0,2.95,0,2.95
0.6,7.2,0.00,0.00,0,2.95,0,2.95,0,2.95,0,2.95
0.4,7.2,0.00,0.00,0,2.95,0,2.95,0,2.95,0,2.95
3.6,7.2,0.00,0.00,0,2.95,0,2.95,0,2.95,0,2.95
4.0,7.2,0.00,0.00,0,2.95,0,2.95,0,2.95,0,2.95
0.6,7.2,0.00,0.00,0,2.95,0,2.95,0,2.95,0,2.95
0.0,7.2,0.00,0.00,0,2.95,0,2.95,0,2.95,0,2.95
0.4,7.2,0.00,0.00,0,2.95,0,2.95,0,2.95,0,2.95
2.9,7.2,0.00,0.00,0,2.95,0,2.95,0,2.95,0,2.95
4.2,7.2,0.00,0.00,0,2.95,0,2.95,0,2.95,0,2.95
