1.7,7.9,0.00,0.00,0,2.67,0,2.67,0,2.67,0,2.67
2.9,7.9,0.00,0.00,0,2.67,0,2.67,0,2.67,0,2.67
2.7,7.9,0.00,0.00,0,2.67,0,2.67,0,2.67,0,2.67
2.9,7.9,0.00,0.00,0,2.67,0,2.67,0,2.67,0,2.67
0.2,7.8,0.00,0.00,0,2.67,0,2.67,0,2.67,0,2.67
0.4,7.8,0.00,0.00,0,2.67,0,2.67,0,2.67,0,2.67
0.2,7.8,0.00,0.00,0,2.67,0,2.67,0,2.67,0,2.67
3.6,7.9,0.00,0.00,0,2.67,0,2.67,0,2.67,0,2.67
4.2,7.9,0.00,0.00,0,2.67,0,2.67,0,2.67,0,2.67
1.7,7.8,0.00,0.00,0,2.67,0,2.67,0,2.67,0,2.67
0.0,7.8,0.00,0.00,0,2.67,0,2.67,0,2.67,0,2.67
0.2,7.8,0.00,0.00,0,2.67,0,2.67,0,2.67,0,2.67
2.7,7.9,0.00,0.00,0,2.67,0,2.67,0,2.67,0,2.67
3.1,7.9,0.00,0.00,0,2.67,0,2.67,0,2.67,0,2.67
3.3,7.9,0.00,0.00,0,2.67,0,2.67,0,2.67,0,2.67
0.2,7.8,0.00,0.00,0,2.67,0,2.67,0,2.67,0,2.67
0.0,7.8,0.00,0.00,0,2.67,0,2.67,0,2.67,0,2.67
0.4,7.8,0.00,0.00,0,2.67,0,2.67,0,2.67,0,2.67
3.4,7.9,0.00,0.00,0,2.67,0,2.67,0,2.67,0,2.67
3.3,7.9,0.00,0.00,0,2.67,0,2.67,0,2.67,0,2.67
0.6,7.8,0.00,0.00,0,2.67,0,2.67,0,2.67,0,2.67
1.7,7.8,0.00,0.00,0,2.67,0,2.67,0,2.67,0,2.67
0.0,7.8,0.00,0.00,0,2.67,0,2.67,0,2.67,0,2.67
