1.2,5.2,0.00,0.00,0,2.2,0,2.2,1,2.2
0.8,5.2,0.00,0.00,0,2.2,0,2.2,0,2.2
0.2,5.2,0.00,0.00,0,2.2,0,2.2,0,2.2
0.6,5.2,0.00,0.00,0,2.2,0,2.2,0,2.2
0.8,5.2,0.00,0.00,0,2.2,0,2.2,0,2.2
2.3,5.2,0.00,0.00,0,2.2,0,2.2,0,2.2
0.4,5.2,0.00,0.00,0,2.2,0,2.2,0,2.2
0.0,5.2,0.00,0.00,0,2.2,0,2.2,0,2.2
0.4,5.2,0.00,0.00,0,2.2,0,2.2,0,2.2
0.0,5.2,0.00,0.00,0,2.2,0,2.2,0,2.2
4.2,5.3,0.00,0.00,0,2.2,0,2.2,0,2.2
4.8,5.4,0.00,0.00,0,2.2,0,2.2,0,2.2
4.2,5.5,0.00,0.00,0,2.2,0,2.2,0,2.2
26.9,5.7,0.00,0.00,0,2.2,0,2.2,0,2.2
4.2,5.8,0.00,0.00,0,2.2,0,2.2,0,2.2
4.0,5.9,0.00,0.00,0,2.2,0,2.2,0,2.2
4.0,6.3,0.00,0.00,0,4.71,2,5.97,0,2.2
4.6,7.6,0.00,0.00,4,9.98,4,9.1,0,2.2
75.2,7.9,0.00,0.00,3,9.98,1,9.1,0,2.2
4.6,8.0,0.00,0.00,0,9.98,0,9.1,0,2.2
5.0,8.1,0.00,0.00,0,9.98,0,9.1,0,2.2
4.0,8.3,0.00,0.00,0,9.98,0,9.1,0,2.2
4.8,8.4,0.00,0.00,0,9.98,0,9.1,0,2.2
4.4,8.5,0.00,0.00,0,9.98,0,9.1,0,2.2
100.0,8.6,0.00,0.00,0,9.98,0,9.1,0,2.2
5.0,8.8,0.00,0.00,0,9.98,0,9.1,0,2.2
4.6,8.9,0.00,0.00,0,9.98,0,9.1,0,2.2
91.3,9.0,0.00,0.00,0,9.98,0,9.1,0,2.2
4.4,9.2,0.00,0.00,0,9.98,0,9.1,0,2.2
4.6,9.3,0.00,0.00,0,9.98,0,9.1,0,2.2
4.2,9.8,0.00,0.00,0,11.87,0,12.12,0,2.2
5.0,11.1,0.00,0.00,4,24.31,3,15.76,0,2.2
12.7,11.3,0.00,0.00,79,24.31,50,15.76,0,2.2
12.8,11.3,0.00,0.00,95,24.31,54,15.76,0,2.2
12.3,11.3,0.00,0.00,95,24.31,54,15.76,0,2.2
12.7,11.3,0.00,0.00,95,24.31,51,15.76,0,2.2
13.3,11.3,0.00,0.00,95,24.31,59,15.76,0,2.2
12.9,11.3,0.00,0.00,93,24.31,61,15.76,0,2.2
12.1,11.3,0.00,0.00,92,24.31,54,15.76,0,2.2
12.9,11.3,0.00,0.00,89,24.31,57,15.76,0,2.2
12.9,11.3,0.00,0.00,89,24.31,58,15.76,0,2.2
12.7,11.3,0.00,0.00,90,24.31,60,15.76,0,2.2
12.7,11.3,0.00,0.00,92,24.31,59,15.76,0,2.2
12.1,11.3,0.00,0.00,93,24.31,58,15.76,0,2.2
12.5,11.3,0.00,0.00,92,24.31,58,15.76,0,2.2
13.3,11.3,0.00,0.00,91,24.31,57,15.76,0,2.2
13.9,11.3,0.00,0.00,92,24.31,54,15.76,0,2.2
12.5,11.3,0.00,0.00,93,24.31,59,15.76,0,2.2
12.4,11.3,0.00,0.00,89,24.31,53,15.76,0,2.2
12.9,11.3,0.00,0.00,88,24.31,55,15.76,0,2.2
13.3,11.3,0.00,0.00,93,24.31,60,15.76,0,2.2
13.3,11.3,0.00,0.00,93,24.31,60,15.76,0,2.2
12.4,11.3,0.00,0.00,92,24.31,59,15.76,0,2.2
12.7,11.3,0.00,0.00,91,24.31,56,15.76,0,2.2
11.9,11.3,0.00,0.00,94,24.31,57,15.76,0,2.2
12.7,11.3,0.00,0.00,93,24.31,60,15.76,0,2.2
12.5,11.3,0.00,0.00,93,24.31,57,15.76,0,2.2
12.9,11.3,0.00,0.00,91,24.31,55,15.76,0,2.2
12.7,11.3,0.00,0.00,90,24.31,56,15.76,0,2.2
12.7,11.3,0.00,0.00,90,24.31,54,15.76,0,2.2
13.5,11.3,0.00,0.00,90,24.31,56,15.77,0,2.2
14.6,11.3,0.00,0.00,91,24.31,31,15.77,0,2.2
7.1,10.5,0.00,0.00,91,24.31,0,15.77,0,2.2
7.3,10.6,0.00,0.00,92,24.31,0,15.77,0,2.2
7.9,10.6,0.00,0.00,93,24.31,0,15.77,0,2.2
44.4,10.7,0.00,0.00,94,24.31,0,15.77,0,2.2
7.7,10.8,0.00,0.00,92,24.31,0,15.77,0,2.2
7.5,10.8,0.00,0.00,91,24.31,0,15.77,0,2.2
39.5,10.9,0.00,0.00,94,24.31,0,15.77,0,2.2
7.7,11.0,0.00,0.00,91,24.31,0,15.77,0,2.2
7.7,11.0,0.00,0.00,94,24.31,0,15.77,0,2.2
8.9,11.1,0.00,0.00,94,24.31,0,15.77,0,2.2
7.5,11.2,0.00,0.00,89,24.31,0,15.77,0,2.2
4.8,11.2,0.00,0.00,90,24.51,0,15.77,0,2.2
9.8,10.4,0.00,0.00,38,23.94,2,15.77,0,2.2
9.8,8.4,0.00,0.00,0,2.2,58,15.77,0,2.2
7.1,8.2,0.00,0.00,6,2.2,61,15.77,0,2.2
35.4,8.3,0.00,0.00,0,2.2,57,15.77,0,2.2
9.1,8.4,0.00,0.00,0,2.2,60,15.77,0,2.2
9.5,8.4,0.00,0.00,0,2.2,55,15.77,0,2.2
10.9,8.5,0.00,0.00,0,2.2,52,15.77,0,2.2
11.0,8.6,0.00,0.00,0,2.2,53,15.77,0,2.2
23.8,8.7,0.00,0.00,0,2.2,52,15.77,0,2.2
6.7,8.8,0.00,0.00,0,2.2,58,15.77,0,2.2
11.8,8.8,0.00,0.00,0,2.56,60,15.77,0,5.56
12.4,9.8,0.00,0.00,1,6.58,56,15.77,5,7.84
9.2,10.6,0.00,0.00,4,7.84,59,15.77,2,7.84
11.0,10.7,0.00,0.00,2,7.84,53,15.77,0,7.84
10.8,10.9,0.00,0.00,0,7.84,53,15.77,0,7.84
11.1,10.9,0.00,0.00,0,7.84,54,15.77,0,7.84
62.6,11.1,0.00,0.00,0,7.84,55,15.77,0,7.84
10.8,11.2,0.00,0.00,0,7.84,52,15.77,0,7.84
10.4,11.3,0.00,0.00,0,7.84,54,15.77,0,7.84
11.3,11.5,0.00,0.00,0,7.84,56,15.77,0,7.84
11.4,11.6,0.00,0.00,0,7.84,53,15.77,0,7.84
12.0,11.7,0.00,0.00,0,7.84,56,15.77,0,7.84
11.0,11.8,0.00,0.00,0,7.84,58,15.77,0,7.84
84.7,12.0,0.00,0.00,0,7.84,56,15.77,0,7.84
11.9,12.1,0.00,0.00,0,7.84,54,15.77,0,7.84
11.9,12.2,0.00,0.00,0,7.84,56,15.77,0,8.53
11.5,12.9,0.00,0.00,1,10.62,58,15.77,2,11.58
12.3,14.1,0.00,0.00,3,20.35,57,15.77,6,20.37
19.8,14.2,0.00,0.00,54,20.37,56,15.77,55,20.37
20.6,14.2,0.00,0.00,64,20.37,59,15.77,64,20.37
18.8,13.4,0.00,0.00,55,20.37,17,15.77,64,20.37
15.2,13.4,0.00,0.00,57,20.37,0,15.77,55,20.37
14.3,13.5,0.00,0.00,66,20.37,0,15.77,59,20.37
15.2,13.5,0.00,0.00,57,20.37,0,15.77,60,20.37
99.0,13.6,0.00,0.00,54,20.37,0,15.77,63,20.37
15.6,13.7,0.00,0.00,51,20.37,0,15.77,64,20.37
14.4,13.7,0.00,0.00,56,20.37,0,15.77,67,20.37
15.8,13.8,0.00,0.00,54,20.37,0,15.77,53,20.37
15.0,13.9,0.00,0.00,60,20.37,0,15.77,57,20.37
14.4,13.9,0.00,0.00,58,20.37,0,15.77,60,20.37
15.2,14.0,0.00,0.00,65,20.37,0,15.77,52,20.37
15.2,14.1,0.00,0.00,59,20.37,0,15.77,56,20.37
15.0,14.1,0.00,0.00,62,20.37,0,15.77,56,20.37
24.2,14.2,0.00,0.00,57,20.37,32,15.77,17,20.37
11.1,12.6,0.00,0.00,3,20.37,57,15.77,0,20.37
11.2,12.8,0.00,0.00,0,20.37,56,15.77,0,20.37
38.1,12.8,0.00,0.00,0,20.37,56,15.77,0,20.37
15.8,13.0,0.00,0.00,0,20.37,55,15.77,0,20.37
12.3,13.1,0.00,0.00,0,20.37,55,15.77,0,20.37
11.4,13.2,0.00,0.00,0,20.37,51,15.77,0,20.37
11.2,13.3,0.00,0.00,0,20.37,58,15.77,0,20.37
21.5,13.4,0.00,0.00,0,20.37,57,15.77,0,20.37
11.5,13.6,0.00,0.00,0,20.37,51,15.77,0,20.37
48.2,13.7,0.00,0.00,0,20.37,56,15.77,0,20.37
10.8,13.8,0.00,0.00,0,20.37,57,15.77,0,20.37
12.4,13.9,0.00,0.00,0,20.37,52,15.77,0,20.37
32.5,14.0,0.00,0.00,0,20.37,53,15.77,0,20.37
18.8,14.2,0.00,0.00,0,20.37,54,15.77,66,20.37
21.0,14.2,0.00,0.00,37,20.37,60,15.77,54,20.37
19.6,14.2,0.00,0.00,67,20.37,56,15.77,55,20.37
21.8,14.2,0.00,0.00,64,20.37,55,15.77,55,20.37
20.4,14.3,0.00,0.00,62,20.37,57,15.77,61,20.37
19.7,14.3,0.00,0.00,57,20.37,58,15.77,61,20.37
20.0,14.3,0.00,0.00,59,20.37,57,15.77,60,20.37
20.9,14.3,0.00,0.00,61,20.37,54,15.77,50,20.37
20.3,14.2,0.00,0.00,55,20.37,59,15.77,56,20.37
20.2,14.2,0.00,0.00,54,20.37,57,15.77,60,20.37
19.0,14.2,0.00,0.00,56,20.37,56,15.77,61,20.37
19.8,14.2,0.00,0.00,60,20.37,53,15.77,59,20.37
20.8,14.2,0.00,0.00,60,20.37,54,15.77,62,20.37
20.9,14.2,0.00,0.00,51,20.37,56,15.77,60,20.37
21.1,14.2,0.00,0.00,56,20.37,56,15.77,60,20.37
21.7,14.2,0.00,0.00,61,20.37,59,15.77,60,20.37
25.5,14.2,0.00,0.00,60,20.37,57,15.77,0,19.86
6.3,11.7,0.00,0.00,0,18.28,3,15.77,6,2.2
4.4,7.7,0.00,0.00,5,2.2,0,15.77,0,2.2
2.1,7.6,0.00,0.00,0,2.2,0,15.77,0,2.2
2.3,7.7,0.00,0.00,0,2.2,0,15.77,0,2.2
2.3,7.8,0.00,0.00,0,2.2,0,15.77,0,2.2
58.8,7.9,0.00,0.00,0,2.2,0,15.77,0,2.2
4.0,8.0,0.00,0.00,0,2.2,0,15.77,0,2.2
4.6,8.1,0.00,0.00,0,2.2,0,15.77,0,2.2
4.0,8.3,0.00,0.00,0,2.2,0,15.77,0,2.2
4.4,8.4,0.00,0.00,0,2.2,0,15.77,0,2.2
4.6,8.5,0.00,0.00,0,2.2,0,15.77,0,2.2
4.1,8.9,0.00,0.00,3,5.87,0,15.77,0,2.2
10.6,9.5,0.00,0.00,4,8.37,21,15.77,0,2.2
10.2,9.6,0.00,0.00,0,8.37,57,15.77,0,2.2
10.2,9.6,0.00,0.00,0,8.37,58,15.77,0,2.2
11.5,9.7,0.00,0.00,0,8.37,58,15.77,0,2.2
80.7,9.8,0.00,0.00,0,8.37,57,15.77,0,2.2
10.1,9.8,0.00,0.00,0,8.37,55,15.77,0,2.2
10.4,9.9,0.00,0.00,0,8.37,57,15.77,0,2.2
9.5,9.9,0.00,0.00,0,8.37,60,15.77,0,2.2
9.6,10.0,0.00,0.00,0,8.37,57,15.77,0,2.2
81.9,10.1,0.00,0.00,0,8.37,62,15.77,0,2.2
16.5,10.1,0.00,0.00,0,8.37,55,15.77,0,2.2
9.0,10.2,0.00,0.00,0,8.37,57,15.77,0,2.2
9.8,10.3,0.00,0.00,0,8.37,52,15.77,0,2.2
9.4,10.3,0.00,0.00,0,8.37,58,15.77,0,2.2
9.6,10.7,0.00,0.00,0,10.98,56,15.77,0,2.2
9.4,11.3,0.00,0.00,3,20.9,59,15.77,0,2.2
16.1,11.3,0.00,0.00,21,20.9,60,15.77,0,2.2
14.6,11.3,0.00,0.00,53,20.9,60,15.77,0,2.2
14.4,11.3,0.00,0.00,50,20.9,58,15.77,0,2.2
14.6,11.3,0.00,0.00,53,20.9,56,15.77,0,2.2
15.6,11.3,0.00,0.00,52,20.9,55,15.77,0,2.2
14.0,11.3,0.00,0.00,51,20.9,53,15.77,0,2.2
13.9,11.3,0.00,0.00,52,20.9,55,15.77,0,2.2
14.6,11.3,0.00,0.00,50,20.9,56,15.77,0,2.2
14.4,11.3,0.00,0.00,49,20.9,56,15.77,0,2.2
13.6,11.3,0.00,0.00,47,20.9,52,15.77,0,2.2
14.2,11.3,0.00,0.00,45,20.9,56,15.77,0,2.2
13.4,11.3,0.00,0.00,50,20.9,56,15.77,0,2.2
14.3,11.3,0.00,0.00,50,20.9,57,15.77,0,2.2
14.6,11.3,0.00,0.00,50,20.9,53,15.77,0,2.2
15.6,11.3,0.00,0.00,50,20.9,43,15.77,0,2.2
9.6,10.5,0.00,0.00,52,20.9,0,15.77,0,2.2
9.0,10.6,0.00,0.00,51,20.9,0,15.77,0,2.2
58.6,10.6,0.00,0.00,52,20.9,0,15.77,0,2.2
8.1,10.7,0.00,0.00,47,20.9,0,15.77,0,2.2
9.2,10.8,0.00,0.00,50,20.9,0,15.77,0,2.2
8.8,10.8,0.00,0.00,49,20.9,0,15.77,0,2.2
9.4,10.9,0.00,0.00,50,20.9,0,15.77,0,2.2
83.8,10.9,0.00,0.00,54,20.9,0,15.77,0,2.2
9.0,11.0,0.00,0.00,49,20.9,0,15.77,0,2.2
9.5,11.0,0.00,0.00,54,20.9,0,15.77,0,2.2
9.5,11.1,0.00,0.00,51,20.9,0,15.77,0,2.2
9.5,11.2,0.00,0.00,54,20.9,0,15.77,0,2.2
8.9,11.2,0.00,0.00,53,20.9,0,15.77,0,2.2
14.4,11.3,0.00,0.00,54,20.9,25,15.77,0,2.2
15.6,11.3,0.00,0.00,56,21.06,58,15.77,0,2.2
9.6,10.4,0.00,0.00,28,18.47,58,15.77,0,2.2
9.6,8.5,0.00,0.00,0,2.2,57,15.77,0,2.2
7.1,8.3,0.00,0.00,0,2.2,59,15.77,0,2.2
7.7,8.3,0.00,0.00,0,2.2,55,15.77,0,2.2
7.5,8.3,0.00,0.00,0,2.2,56,15.77,0,2.2
8.1,8.3,0.00,0.00,0,2.2,56,15.77,0,2.2
7.7,8.3,0.00,0.00,0,2.2,56,15.77,0,2.2
8.2,8.3,0.00,0.00,0,2.2,55,15.77,0,2.2
7.5,8.3,0.00,0.00,0,2.2,57,15.77,0,2.2
7.7,8.2,0.00,0.00,0,2.2,58,15.77,0,2.2
7.5,8.3,0.00,0.00,0,2.2,58,15.77,0,2.2
7.1,8.3,0.00,0.00,0,2.2,57,15.77,0,2.2
6.5,8.2,0.00,0.00,0,2.2,51,15.77,0,2.2
7.5,8.2,0.00,0.00,0,2.2,51,15.77,0,2.2
7.3,8.2,0.00,0.00,0,2.2,56,15.77,0,2.2
7.1,8.2,0.00,0.00,0,2.2,57,15.77,0,2.2
7.5,8.2,0.00,0.00,0,2.2,57,15.77,0,2.2
6.9,8.2,0.00,0.00,0,2.2,54,15.77,0,2.2
8.1,8.2,0.00,0.00,0,2.2,56,15.77,0,2.2
7.9,8.2,0.00,0.00,0,2.2,57,15.77,0,2.2
7.3,8.2,0.00,0.00,0,2.2,55,15.77,0,2.2
6.1,8.2,0.00,0.00,0,2.2,52,15.77,0,2.2
6.9,8.2,0.00,0.00,0,2.2,56,15.77,0,2.2
7.7,8.2,0.00,0.00,0,2.2,56,15.77,0,2.2
7.7,8.2,0.00,0.00,0,2.2,57,15.77,0,2.2
7.9,8.2,0.00,0.00,0,2.2,55,15.77,0,2.2
7.9,8.2,0.00,0.00,0,2.2,57,15.77,0,2.2
7.3,8.2,0.00,0.00,0,2.2,57,15.77,0,2.2
7.1,8.2,0.00,0.00,0,2.2,57,15.77,0,2.2
7.6,7.8,0.00,0.00,0,2.2,10,14.62,0,2.2
2.3,7.2,0.00,0.00,0,2.2,1,2.2,0,2.2
1.0,5.2,0.00,0.00,0,2.2,3,2.2,0,2.2
0.6,5.2,0.00,0.00,0,2.2,0,2.2,0,2.2
2.7,5.3,0.00,0.00,0,2.2,0,2.2,0,2.2
2.7,5.4,0.00,0.00,0,2.2,0,2.2,0,2.2
2.3,5.4,0.00,0.00,0,2.2,0,2.2,0,2.2
94.6,5.6,0.00,0.00,0,2.2,0,2.2,0,2.2
6.5,5.8,0.00,0.00,0,2.2,0,2.2,0,2.2
6.2,5.9,0.00,0.00,0,2.2,0,2.2,0,2.2
0.2,5.9,0.00,0.00,0,2.2,0,2.2,0,2.2
6.4,6.3,0.00,0.00,0,2.29,0,3.89,0,4.68
6.8,7.6,0.00,0.00,0,5.97,6,6.84,4,8.99
6.4,8.6,0.00,0.00,4,13.57,6,13.57,7,13.57
96.7,8.9,0.00,0.00,6,13.57,3,13.57,0,13.57
6.8,9.1,0.00,0.00,3,13.57,0,13.57,0,13.57
6.2,9.2,0.00,0.00,0,13.57,0,13.57,0,13.57
39.6,9.5,0.00,0.00,0,13.57,0,13.57,0,13.57
6.4,9.7,0.00,0.00,0,13.57,0,13.57,0,13.57
6.8,9.8,0.00,0.00,0,13.57,0,13.57,0,13.57
7.2,10.0,0.00,0.00,0,13.57,0,13.57,0,13.57
6.2,10.2,0.00,0.00,0,13.57,0,13.57,0,13.57
16.2,10.4,0.00,0.00,0,13.57,0,13.57,0,13.57
6.4,10.6,0.00,0.00,0,13.57,0,13.57,0,13.57
6.6,10.8,0.00,0.00,0,13.57,0,13.57,0,13.57
6.9,11.0,0.00,0.00,0,13.57,0,13.57,0,13.57
13.0,11.2,0.00,0.00,0,14.65,0,14.89,1,14.83
6.6,12.7,0.00,0.00,2,20.03,4,22.73,3,20.19
9.5,13.8,0.00,0.00,16,24.62,84,24.62,78,24.62
13.3,13.8,0.00,0.00,98,24.62,97,24.62,98,24.62
13.4,13.8,0.00,0.00,97,24.62,98,24.62,98,24.62
14.1,13.8,0.00,0.00,97,24.62,97,24.62,98,24.62
12.5,13.8,0.00,0.00,97,24.62,97,24.62,97,24.62
13.1,13.8,0.00,0.00,96,24.62,97,24.62,97,24.62
13.5,13.8,0.00,0.00,97,24.62,97,24.62,97,24.62
13.1,13.8,0.00,0.00,97,24.62,97,24.62,97,24.62
13.3,13.8,0.00,0.00,97,24.62,97,24.62,98,24.62
13.9,13.8,0.00,0.00,97,24.62,97,24.62,98,24.62
12.9,13.8,0.00,0.00,97,24.62,97,24.62,98,24.62
13.3,13.8,0.00,0.00,98,24.62,97,24.62,98,24.62
13.1,13.8,0.00,0.00,97,24.62,97,24.62,98,24.62
12.7,13.8,0.00,0.00,98,24.62,97,24.62,98,24.62
13.3,13.8,0.00,0.00,98,24.62,97,24.62,98,24.62
13.1,13.8,0.00,0.00,98,24.62,97,24.62,98,24.62
12.7,13.8,0.00,0.00,97,24.62,97,24.62,98,24.62
14.1,13.8,0.00,0.00,98,24.62,97,24.62,98,24.62
12.9,13.8,0.00,0.00,98,24.62,97,24.62,98,24.62
13.3,13.8,0.00,0.00,98,24.62,97,24.62,98,24.62
15.3,13.8,0.00,0.00,97,24.62,97,24.62,98,24.62
13.5,13.8,0.00,0.00,98,24.62,97,24.62,98,24.62
13.3,13.8,0.00,0.00,98,24.62,97,24.62,95,24.62
26.6,13.3,0.00,0.00,98,24.62,31,24.62,0,24.62
6.7,11.6,0.00,0.00,21,24.62,0,24.62,0,24.62
7.0,11.8,0.00,0.00,0,24.62,0,24.62,0,24.62
6.5,11.9,0.00,0.00,0,24.62,0,24.62,0,24.62
7.5,12.1,0.00,0.00,0,24.62,0,24.62,0,24.62
6.4,12.3,0.00,0.00,0,24.62,0,24.62,0,24.62
6.1,12.4,0.00,0.00,0,24.62,0,24.62,0,24.62
8.9,12.6,0.00,0.00,0,24.62,0,24.62,0,24.62
68.3,12.9,0.00,0.00,0,24.62,0,24.62,0,24.62
99.8,13.0,0.00,0.00,0,24.62,0,24.62,0,24.62
8.5,13.2,0.00,0.00,0,24.62,0,24.62,0,24.62
6.7,13.4,0.00,0.00,0,24.62,0,24.62,0,24.62
6.7,13.6,0.00,0.00,0,24.62,0,24.62,0,24.62
19.3,13.7,0.00,0.00,0,24.62,18,24.62,37,24.62
12.3,13.9,0.00,0.00,0,24.62,99,24.62,98,24.62
13.1,13.9,0.00,0.00,66,24.62,97,24.62,97,24.62
13.5,13.9,0.00,0.00,98,24.62,98,24.62,98,24.62
13.9,13.9,0.00,0.00,98,24.62,97,24.62,98,24.62
13.9,13.9,0.00,0.00,98,24.62,98,24.62,97,24.62
12.7,13.9,0.00,0.00,98,24.62,97,24.62,96,24.62
13.8,13.9,0.00,0.00,98,24.62,98,24.62,98,24.62
13.2,13.9,0.00,0.00,98,24.62,98,24.62,97,24.62
12.7,13.9,0.00,0.00,98,24.62,97,24.62,96,24.62
14.9,13.9,0.00,0.00,98,24.62,98,24.62,97,24.62
14.1,13.9,0.00,0.00,98,24.62,98,24.62,97,24.62
12.9,13.9,0.00,0.00,98,24.62,98,24.62,97,24.62
13.5,13.9,0.00,0.00,98,24.62,97,24.62,98,24.62
13.1,13.9,0.00,0.00,98,24.62,98,24.62,98,24.62
13.9,13.9,0.00,0.00,98,24.62,98,24.62,97,24.62
13.5,13.9,0.00,0.00,98,24.62,97,24.62,97,24.62
12.9,13.9,0.00,0.00,98,24.62,98,24.62,97,24.62
12.9,13.9,0.00,0.00,98,24.62,98,24.62,97,24.62
13.7,13.9,0.00,0.00,99,24.62,97,24.62,97,24.62
13.5,13.9,0.00,0.00,99,24.62,97,24.62,98,24.62
12.9,13.9,0.00,0.00,98,24.62,97,24.62,97,24.62
12.9,13.9,0.00,0.00,98,24.62,98,24.62,97,24.62
6.4,13.9,0.00,0.00,98,24.62,98,24.62,71,24.62
6.8,11.4,0.00,0.00,94,24.62,7,24.62,0,24.62
6.5,11.7,0.00,0.00,0,24.62,0,24.62,0,24.62
50.3,11.8,0.00,0.00,0,24.62,0,24.62,0,24.62
25.7,12.0,0.00,0.00,0,24.62,0,24.62,0,24.62
6.4,12.2,0.00,0.00,0,24.62,0,24.62,0,24.62
7.1,12.4,0.00,0.00,0,24.62,0,24.62,0,24.62
6.7,12.5,0.00,0.00,0,24.62,0,24.62,0,24.62
73.8,12.8,0.00,0.00,0,24.62,0,24.62,0,24.62
6.6,13.0,0.00,0.00,0,24.62,0,24.62,0,24.62
6.9,13.1,0.00,0.00,0,24.62,0,24.62,0,24.62
37.6,13.4,0.00,0.00,0,24.62,0,24.62,0,24.62
6.4,13.6,0.00,0.00,0,24.62,0,24.62,0,24.62
9.6,13.7,0.00,0.00,0,24.62,0,24.62,14,24.62
13.3,13.9,0.00,0.00,0,24.62,91,24.62,98,24.62
13.7,13.9,0.00,0.00,82,24.62,98,24.62,97,24.62
12.7,13.9,0.00,0.00,98,24.62,98,24.62,98,24.62
12.9,13.9,0.00,0.00,98,24.62,98,24.62,98,24.62
13.3,13.9,0.00,0.00,98,24.62,98,24.62,97,24.62
13.4,13.9,0.00,0.00,98,24.62,98,24.62,97,24.62
14.1,13.9,0.00,0.00,98,24.62,98,24.62,97,24.62
12.7,13.9,0.00,0.00,98,24.62,98,24.62,97,24.62
12.9,13.9,0.00,0.00,98,24.62,98,24.62,98,24.62
13.5,13.9,0.00,0.00,98,24.62,98,24.62,98,24.62
13.7,13.9,0.00,0.00,98,24.62,98,24.62,98,24.62
12.9,13.9,0.00,0.00,98,24.62,98,24.62,97,24.62
13.6,13.9,0.00,0.00,98,24.62,98,24.62,97,24.62
13.5,13.9,0.00,0.00,98,24.62,98,24.62,98,24.62
13.2,13.9,0.00,0.00,98,24.62,98,24.62,98,24.62
14.4,13.9,0.00,0.00,98,24.62,98,24.62,97,24.62
13.6,13.9,0.00,0.00,95,24.62,96,24.62,98,24.62
13.1,13.9,0.00,0.00,97,24.62,98,24.62,98,24.62
13.3,13.9,0.00,0.00,98,24.62,98,24.62,97,24.62
13.2,13.9,0.00,0.00,98,24.62,98,24.62,97,24.62
12.9,13.9,0.00,0.00,98,24.62,98,24.62,97,24.62
14.0,13.9,0.00,0.00,98,24.62,98,24.62,97,24.62
22.4,13.9,0.00,0.00,98,24.62,84,24.62,50,24.62
6.4,11.5,0.00,0.00,73,24.62,0,24.62,0,24.62
6.2,11.7,0.00,0.00,0,24.62,0,24.62,0,24.62
19.7,11.9,0.00,0.00,0,24.62,0,24.62,0,24.62
16.3,12.0,0.00,0.00,0,24.62,0,24.62,0,24.62
59.5,12.3,0.00,0.00,0,24.62,0,24.62,0,24.62
36.9,12.4,0.00,0.00,0,24.62,0,24.62,0,24.62
15.6,12.6,0.00,0.00,0,24.62,0,24.62,0,24.62
16.4,12.8,0.00,0.00,0,24.62,0,24.62,0,24.62
6.8,13.0,0.00,0.00,0,24.62,0,24.62,0,24.62
6.6,13.1,0.00,0.00,0,24.62,0,24.62,0,24.62
6.0,13.4,0.00,0.00,0,24.62,0,24.62,0,24.62
6.4,13.6,0.00,0.00,0,24.62,0,24.62,0,24.62
6.8,13.7,0.00,0.00,0,24.62,0,24.62,45,24.62
13.3,13.9,0.00,0.00,0,24.62,77,24.62,98,24.62
12.6,13.9,0.00,0.00,71,24.62,97,24.62,97,24.62
12.7,13.9,0.00,0.00,98,24.62,97,24.62,97,24.62
12.9,13.9,0.00,0.00,98,24.62,97,24.62,98,24.62
13.4,13.9,0.00,0.00,98,24.62,97,24.62,97,24.62
13.3,13.9,0.00,0.00,98,24.62,97,24.62,97,24.62
13.2,13.9,0.00,0.00,98,24.62,98,24.62,97,24.62
12.9,13.9,0.00,0.00,98,24.62,97,24.62,97,24.62
14.7,13.9,0.00,0.00,98,24.62,98,24.62,97,24.62
13.1,13.9,0.00,0.00,98,24.62,97,24.62,97,24.62
12.9,13.9,0.00,0.00,98,24.62,97,24.62,97,24.62
12.5,13.9,0.00,0.00,98,24.62,97,24.62,97,24.62
13.3,13.9,0.00,0.00,98,24.62,97,24.62,97,24.62
13.5,13.9,0.00,0.00,98,24.62,97,24.62,98,24.62
13.9,13.9,0.00,0.00,98,24.62,97,24.62,97,24.62
12.9,13.9,0.00,0.00,98,24.62,97,24.62,98,24.62
14.4,13.9,0.00,0.00,98,24.62,98,24.62,98,24.62
13.3,13.9,0.00,0.00,98,24.62,97,24.62,98,24.62
12.9,13.9,0.00,0.00,98,24.62,97,24.62,97,24.62
12.7,13.9,0.00,0.00,98,24.62,98,24.62,98,24.62
14.3,13.9,0.00,0.00,98,24.62,98,24.62,97,24.62
13.1,13.9,0.00,0.00,98,24.62,98,24.62,97,24.62
6.3,13.9,0.00,0.00,98,24.62,96,24.62,60,24.62
6.3,11.4,0.00,0.00,84,24.62,0,24.62,0,24.62
6.5,11.7,0.00,0.00,0,24.62,0,24.62,0,24.62
44.0,11.8,0.00,0.00,0,24.62,0,24.62,0,24.62
15.1,12.0,0.00,0.00,0,24.62,0,24.62,0,24.62
6.7,12.2,0.00,0.00,0,24.62,0,24.62,0,24.62
6.4,12.4,0.00,0.00,0,24.62,0,24.62,0,24.62
6.7,12.6,0.00,0.00,0,24.62,0,24.62,0,24.62
5.6,12.8,0.00,0.00,0,24.62,0,24.62,0,24.62
6.3,13.0,0.00,0.00,0,24.62,0,24.62,0,24.62
6.4,13.1,0.00,0.00,0,24.62,0,24.62,0,24.62
80.7,13.4,0.00,0.00,0,24.62,0,24.62,0,24.62
6.5,13.6,0.00,0.00,0,24.62,0,24.62,0,24.62
5.8,13.7,0.00,0.00,0,24.62,0,24.62,10,24.62
12.3,13.9,0.00,0.00,10,24.62,98,24.62,97,24.62
13.8,13.9,0.00,0.00,98,24.62,97,24.62,97,24.62
13.5,13.9,0.00,0.00,98,24.62,97,24.62,97,24.62
13.5,13.9,0.00,0.00,98,24.62,98,24.62,98,24.62
13.1,13.9,0.00,0.00,98,24.62,97,24.62,98,24.62
12.7,13.9,0.00,0.00,98,24.62,97,24.62,98,24.62
13.8,13.9,0.00,0.00,98,24.62,97,24.62,97,24.62
13.7,13.9,0.00,0.00,98,24.62,98,24.62,97,24.62
12.9,13.9,0.00,0.00,98,24.62,97,24.62,97,24.62
13.1,13.9,0.00,0.00,98,24.62,97,24.62,97,24.62
13.3,13.9,0.00,0.00,98,24.62,97,24.62,97,24.62
13.3,13.9,0.00,0.00,98,24.62,97,24.62,97,24.62
13.1,13.9,0.00,0.00,98,24.62,97,24.62,98,24.62
13.5,13.9,0.00,0.00,98,24.62,98,24.62,98,24.62
13.7,13.9,0.00,0.00,98,24.62,97,24.62,98,24.62
13.3,13.9,0.00,0.00,98,24.62,97,24.62,97,24.62
13.1,13.9,0.00,0.00,98,24.62,97,24.62,97,24.62
12.5,13.9,0.00,0.00,99,24.62,97,24.62,97,24.62
13.2,13.9,0.00,0.00,99,24.62,97,24.62,98,24.62
13.5,13.9,0.00,0.00,99,24.62,98,24.62,97,24.62
12.7,13.9,0.00,0.00,98,24.62,97,24.62,97,24.62
13.1,13.9,0.00,0.00,98,24.62,97,24.62,97,24.62
15.5,13.9,0.00,0.00,98,24.62,86,24.62,51,24.62
7.0,11.4,0.00,0.00,73,24.33,0,22.5,0,22.5
4.8,9.2,0.00,0.00,0,22.59,7,2.2,7,2.2
0.2,5.3,0.00,0.00,1,2.2,0,2.2,0,2.2
0.4,5.3,0.00,0.00,6,2.2,0,2.2,0,2.2
0.0,5.3,0.00,0.00,0,2.2,0,2.2,0,2.2
0.4,5.3,0.00,0.00,0,2.2,0,2.2,0,2.2
0.4,5.3,0.00,0.00,0,2.2,0,2.2,0,2.2
2.5,5.3,0.00,0.00,0,2.2,0,2.2,0,2.2
2.5,5.4,0.00,0.00,0,2.2,0,2.2,0,2.2
2.1,5.4,0.00,0.00,0,2.2,0,2.2,0,2.2
88.9,5.6,0.00,0.00,0,2.2,0,2.2,0,2.2
6.3,5.8,0.00,0.00,0,2.2,0,2.2,0,2.2
6.4,5.9,0.00,0.00,0,2.2,0,2.2,0,2.2
0.6,6.0,0.00,0.00,0,2.2,0,2.2,0,2.29
2.3,6.3,0.00,0.00,0,4.43,1,5.39,3,6.5
6.9,8.2,0.00,0.00,1,8.12,5,8.95,3,8.95
7.1,8.8,0.00,0.00,5,8.95,2,8.95,1,8.95
6.4,9.1,0.00,0.00,1,8.95,0,8.95,0,8.95
93.9,9.2,0.00,0.00,0,8.95,0,8.95,0,8.95
6.6,9.4,0.00,0.00,0,8.95,0,8.95,0,8.95
6.2,9.6,0.00,0.00,0,8.95,0,8.95,0,8.95
6.6,9.8,0.00,0.00,0,8.95,0,8.95,0,8.95
8.1,10.0,0.00,0.00,0,8.95,0,8.95,0,8.95
44.4,10.2,0.00,0.00,0,8.95,0,8.95,0,8.95
75.3,10.4,0.00,0.00,0,8.95,0,8.95,0,8.95
13.8,10.5,0.00,0.00,0,8.95,0,8.95,0,8.95
6.7,10.8,0.00,0.00,0,8.95,0,8.95,0,8.95
6.4,11.0,0.00,0.00,0,8.95,0,8.95,0,8.95
6.2,11.1,0.00,0.00,0,9.36,0,9.72,0,8.99
7.3,12.3,0.00,0.00,1,12.45,4,14.09,3,11.97
6.8,13.8,0.00,0.00,4,14.83,65,15.28,34,15.28
20.0,14.0,0.00,0.00,83,15.28,74,15.28,75,15.28
19.8,14.0,0.00,0.00,71,15.28,75,15.28,75,15.28
19.2,14.0,0.00,0.00,76,15.28,70,15.28,75,15.28
20.1,14.0,0.00,0.00,74,15.28,74,15.28,77,15.28
20.5,14.0,0.00,0.00,66,15.28,75,15.28,75,15.28
20.8,14.0,0.00,0.00,70,15.28,70,15.28,74,15.28
20.0,14.0,0.00,0.00,75,15.28,70,15.28,75,15.28
20.0,14.0,0.00,0.00,68,15.28,73,15.28,67,15.28
20.5,14.0,0.00,0.00,72,15.28,71,15.28,79,15.28
19.7,14.0,0.00,0.00,70,15.28,71,15.28,76,15.28
20.2,14.0,0.00,0.00,74,15.28,70,15.28,74,15.28
25.0,14.0,0.00,0.00,66,15.28,70,15.28,46,15.28
6.0,11.7,0.00,0.00,0,15.28,1,15.28,0,15.28
6.4,11.9,0.00,0.00,0,15.28,0,15.28,0,15.28
20.2,12.0,0.00,0.00,0,15.28,0,15.28,0,15.28
6.8,12.2,0.00,0.00,0,15.28,0,15.28,0,15.28
6.7,12.5,0.00,0.00,0,15.28,0,15.28,0,15.28
57.5,12.6,0.00,0.00,0,15.28,0,15.28,0,15.28
6.5,12.8,0.00,0.00,0,15.28,0,15.28,0,15.28
6.6,13.0,0.00,0.00,0,15.28,0,15.28,0,15.28
34.2,13.2,0.00,0.00,0,15.28,0,15.28,0,15.28
6.5,13.3,0.00,0.00,0,15.28,0,15.28,0,15.28
34.4,13.6,0.00,0.00,0,15.28,0,15.28,0,15.28
6.6,13.8,0.00,0.00,0,15.28,0,15.28,0,15.28
6.4,13.9,0.00,0.00,0,15.28,0,15.28,13,15.28
19.2,14.0,0.00,0.00,0,15.28,45,15.28,82,15.28
18.9,14.0,0.00,0.00,75,15.28,71,15.28,80,15.28
19.1,14.0,0.00,0.00,70,15.28,69,15.28,81,15.28
18.9,14.0,0.00,0.00,69,15.28,72,15.28,81,15.28
20.8,14.0,0.00,0.00,72,15.28,69,15.28,80,15.28
19.9,14.0,0.00,0.00,70,15.28,72,15.28,79,15.28
21.0,14.0,0.00,0.00,71,15.28,72,15.28,76,15.28
19.6,14.0,0.00,0.00,71,15.28,70,15.28,78,15.28
20.2,14.0,0.00,0.00,69,15.28,73,15.28,78,15.28
19.8,14.0,0.00,0.00,70,15.28,70,15.28,82,15.28
19.6,14.0,0.00,0.00,68,15.28,73,15.28,77,15.28
18.8,14.0,0.00,0.00,68,15.28,43,15.28,16,15.28
6.6,11.6,0.00,0.00,33,15.28,0,15.28,0,15.28
6.6,11.8,0.00,0.00,0,15.28,0,15.28,0,15.28
75.9,12.0,0.00,0.00,0,15.28,0,15.28,0,15.28
15.7,12.1,0.00,0.00,0,15.28,0,15.28,0,15.28
6.1,12.4,0.00,0.00,0,15.28,0,15.28,0,15.28
6.7,12.5,0.00,0.00,0,15.28,0,15.28,0,15.28
7.1,12.7,0.00,0.00,0,15.28,0,15.28,0,15.28
46.4,13.0,0.00,0.00,0,15.28,0,15.28,0,15.28
7.1,13.1,0.00,0.00,0,15.28,0,15.28,0,15.28
6.2,13.2,0.00,0.00,0,15.28,0,15.28,0,15.28
75.8,13.5,0.00,0.00,0,15.28,0,15.28,0,15.28
6.8,13.7,0.00,0.00,0,15.28,0,15.28,0,15.28
6.7,13.8,0.00,0.00,0,15.28,0,15.28,0,15.28
19.4,14.0,0.00,0.00,34,15.28,0,15.28,69,15.28
19.1,14.0,0.00,0.00,66,15.28,63,15.28,81,15.28
20.2,14.0,0.00,0.00,73,15.28,69,15.28,79,15.28
19.8,14.0,0.00,0.00,71,15.28,74,15.28,82,15.28
22.1,14.0,0.00,0.00,72,15.28,73,15.28,75,15.28
20.4,14.0,0.00,0.00,74,15.28,79,15.28,77,15.28
19.7,14.0,0.00,0.00,71,15.28,73,15.28,79,15.28
20.6,14.0,0.00,0.00,69,15.28,71,15.28,80,15.28
20.6,14.0,0.00,0.00,73,15.28,74,15.28,79,15.28
20.4,14.0,0.00,0.00,70,15.28,74,15.28,77,15.28
19.6,14.0,0.00,0.00,71,15.28,73,15.28,83,15.28
13.0,14.0,0.00,0.00,67,15.28,66,15.28,52,15.28
6.9,11.5,0.00,0.00,62,15.28,3,14.28,0,12.99
6.8,7.3,0.00,0.00,0,2.2,1,2.2,4,2.2
0.0,5.3,0.00,0.00,1,2.2,3,2.2,0,2.2
0.0,5.3,0.00,0.00,0,2.2,0,2.2,0,2.2
0.2,5.3,0.00,0.00,0,2.2,0,2.2,0,2.2
0.6,5.3,0.00,0.00,0,2.2,0,2.2,0,2.2
0.8,5.3,0.00,0.00,0,2.2,0,2.2,0,2.2
0.2,5.3,0.00,0.00,0,2.2,0,2.2,0,2.2
0.4,5.3,0.00,0.00,0,2.2,0,2.2,0,2.2
2.7,5.3,0.00,0.00,0,2.2,0,2.2,0,2.2
2.1,5.4,0.00,0.00,0,2.2,0,2.2,0,2.2
2.3,5.4,0.00,0.00,0,2.2,0,2.2,0,2.2
77.7,5.6,0.00,0.00,0,2.2,0,2.2,0,2.2
5.0,5.7,0.00,0.00,0,2.2,0,2.2,0,2.2
4.8,5.8,0.00,0.00,0,2.2,0,2.2,0,2.2
2.7,6.0,0.00,0.00,0,4.3,1,5.28,0,2.2
4.2,7.2,0.00,0.00,2,8.05,5,8.95,0,2.2
4.4,7.7,0.00,0.00,5,8.95,1,8.95,0,2.2
4.6,7.8,0.00,0.00,1,8.95,0,8.95,0,2.2
4.4,7.9,0.00,0.00,0,8.95,0,8.95,0,2.2
4.4,8.1,0.00,0.00,0,8.95,0,8.95,0,2.2
4.4,8.2,0.00,0.00,0,8.95,0,8.95,0,2.2
4.4,8.3,0.00,0.00,0,8.95,0,8.95,0,2.2
5.0,8.5,0.00,0.00,0,8.95,0,8.95,0,2.2
4.4,8.6,0.00,0.00,0,8.95,0,8.95,0,2.2
21.0,8.7,0.00,0.00,0,8.95,0,8.95,0,2.2
4.6,8.9,0.00,0.00,0,8.95,0,8.95,0,2.2
4.4,9.0,0.00,0.00,0,8.95,0,8.95,0,2.2
51.5,9.1,0.00,0.00,0,8.95,0,8.95,0,2.2
5.2,9.5,0.00,0.00,0,10.59,0,11.33,0,2.2
4.4,10.9,0.00,0.00,4,15.28,3,15.28,0,2.2
13.1,11.1,0.00,0.00,37,15.28,31,15.28,0,2.2
12.1,11.1,0.00,0.00,68,15.28,74,15.28,0,2.2
12.5,11.1,0.00,0.00,67,15.28,72,15.28,0,2.2
12.7,11.1,0.00,0.00,67,15.28,68,15.28,0,2.2
12.9,11.1,0.00,0.00,72,15.28,68,15.28,0,2.2
12.9,11.1,0.00,0.00,69,15.28,69,15.28,0,2.2
13.1,11.1,0.00,0.00,74,15.28,65,15.28,0,2.2
12.9,11.1,0.00,0.00,75,15.28,63,15.28,0,2.2
12.9,11.1,0.00,0.00,73,15.28,68,15.28,0,2.2
12.8,11.1,0.00,0.00,70,15.28,62,15.28,0,2.2
13.9,11.1,0.00,0.00,73,15.28,64,15.28,0,2.2
14.2,11.1,0.00,0.00,74,15.28,66,15.28,0,2.2
13.6,11.1,0.00,0.00,73,15.28,62,15.28,0,2.2
13.5,11.1,0.00,0.00,74,15.28,63,15.28,0,2.2
13.7,11.1,0.00,0.00,72,15.28,65,15.28,0,2.2
12.7,11.1,0.00,0.00,68,15.28,70,15.28,0,2.2
13.4,11.1,0.00,0.00,70,15.28,68,15.28,0,2.2
16.8,11.1,0.00,0.00,55,15.31,58,15.31,0,2.2
5.2,9.5,0.00,0.00,0,15.31,0,15.31,0,2.2
4.8,9.7,0.00,0.00,0,15.31,0,15.31,0,2.2
22.7,9.8,0.00,0.00,0,15.31,0,15.31,0,2.2
4.4,9.9,0.00,0.00,0,15.31,0,15.31,0,2.2
4.4,10.1,0.00,0.00,0,15.31,0,15.31,0,2.2
8.1,10.2,0.00,0.00,0,15.31,0,15.31,0,2.2
14.7,10.3,0.00,0.00,0,15.31,0,15.31,0,2.2
4.2,10.5,0.00,0.00,0,15.31,0,15.31,0,2.2
3.7,10.6,0.00,0.00,0,15.31,0,15.31,0,2.2
4.4,10.7,0.00,0.00,0,15.31,0,15.31,0,2.2
43.3,10.9,0.00,0.00,0,15.31,0,15.31,0,2.2
3.7,11.0,0.00,0.00,0,15.31,0,15.31,0,2.2
4.4,11.1,0.00,0.00,0,15.31,44,15.31,0,2.2
13.1,11.1,0.00,0.00,0,15.31,81,15.31,0,2.2
13.6,11.1,0.00,0.00,57,15.31,70,15.31,0,2.2
12.6,11.1,0.00,0.00,70,15.31,72,15.31,0,2.2
13.3,11.1,0.00,0.00,67,15.31,74,15.31,0,2.2
14.2,11.1,0.00,0.00,65,15.31,71,15.31,0,2.2
13.1,11.1,0.00,0.00,70,15.31,68,15.31,0,2.2
12.9,11.1,0.00,0.00,65,15.31,75,15.31,0,2.2
12.7,11.1,0.00,0.00,68,15.31,72,15.31,0,2.2
12.8,11.1,0.00,0.00,67,15.31,73,15.31,0,2.2
14.0,11.1,0.00,0.00,69,15.31,72,15.31,0,2.2
13.1,11.1,0.00,0.00,67,15.31,74,15.31,0,2.2
13.5,11.1,0.00,0.00,69,15.31,70,15.31,0,2.2
14.1,11.1,0.00,0.00,70,15.31,71,15.31,0,2.2
14.0,11.1,0.00,0.00,74,15.31,68,15.31,0,2.2
13.7,11.1,0.00,0.00,70,15.31,72,15.31,0,2.2
13.1,11.1,0.00,0.00,71,15.31,71,15.31,0,2.2
13.2,11.1,0.00,0.00,74,15.31,68,15.31,0,2.2
16.8,11.1,0.00,0.00,73,15.31,5,15.24,0,2.2
5.0,9.3,0.00,0.00,1,14.32,1,2.2,0,2.2
2.5,5.4,0.00,0.00,1,2.2,3,2.2,0,2.2
0.6,5.2,0.00,0.00,4,2.2,0,2.2,0,2.2
0.6,5.2,0.00,0.00,0,2.2,0,2.2,0,2.2
0.0,5.2,0.00,0.00,0,2.2,0,2.2,0,2.2
0.0,5.2,0.00,0.00,0,2.2,0,2.2,0,2.2
2.3,5.3,0.00,0.00,0,2.2,0,2.2,0,2.2
36.4,5.4,0.00,0.00,0,2.2,0,2.2,0,2.2
6.6,5.5,0.00,0.00,0,2.2,0,2.2,0,2.2
6.7,5.7,0.00,0.00,0,2.2,0,2.2,0,2.2
66.5,5.9,0.00,0.00,0,2.2,0,2.2,0,2.2
6.7,6.0,0.00,0.00,0,2.29,0,3.86,0,4.78
6.5,7.2,0.00,0.00,0,6.19,0,7.2,3,7.68
9.1,8.5,0.00,0.00,5,7.84,2,7.84,3,7.84
6.6,8.9,0.00,0.00,2,7.84,0,7.84,1,7.84
6.8,9.1,0.00,0.00,0,7.84,0,7.84,0,7.84
6.4,9.2,0.00,0.00,0,7.84,0,7.84,0,7.84
48.6,9.5,0.00,0.00,0,7.84,0,7.84,0,7.84
6.7,9.7,0.00,0.00,0,7.84,0,7.84,0,7.84
6.3,9.8,0.00,0.00,0,7.84,0,7.84,0,7.84
66.0,10.1,0.00,0.00,0,7.84,0,7.84,0,7.84
6.6,10.3,0.00,0.00,0,7.84,0,7.84,0,7.84
6.8,10.4,0.00,0.00,0,7.84,0,7.84,0,7.84
45.9,10.6,0.00,0.00,0,7.84,0,7.84,0,7.84
6.6,10.9,0.00,0.00,0,7.84,0,7.84,0,7.84
54.5,11.0,0.00,0.00,0,7.84,0,8.01,0,7.84
17.5,11.4,0.00,0.00,0,9.19,24,10.22,1,10.54
7.1,13.3,0.00,0.00,3,16.04,10,16.47,4,16.47
15.5,13.9,0.00,0.00,32,16.47,35,16.47,41,16.47
14.2,13.9,0.00,0.00,39,16.47,55,16.47,62,16.47
14.0,13.9,0.00,0.00,49,16.47,38,16.47,55,16.47
13.4,14.0,0.00,0.00,50,16.47,37,16.47,55,16.47
14.0,14.0,0.00,0.00,45,16.47,43,16.47,56,16.47
13.7,14.0,0.00,0.00,44,16.47,39,16.47,54,16.47
14.2,14.0,0.00,0.00,58,16.47,42,16.47,40,16.47
14.1,14.0,0.00,0.00,65,16.47,38,16.47,51,16.47
14.7,14.0,0.00,0.00,59,16.47,50,16.47,54,16.47
15.2,14.0,0.00,0.00,38,16.47,51,16.47,51,16.47
15.1,14.0,0.00,0.00,38,16.47,41,16.47,63,16.47
14.4,14.0,0.00,0.00,43,16.47,42,16.47,59,16.47
14.2,14.0,0.00,0.00,48,16.47,40,16.47,61,16.47
14.0,14.0,0.00,0.00,48,16.47,40,16.47,40,16.47
14.2,14.0,0.00,0.00,47,16.47,50,16.47,51,16.47
14.2,14.0,0.00,0.00,47,16.47,53,16.47,40,16.47
15.2,14.0,0.00,0.00,52,16.47,42,16.47,48,16.47
15.0,14.0,0.00,0.00,38,16.47,42,16.47,67,16.47
14.2,14.0,0.00,0.00,51,16.47,40,16.47,51,16.47
6.7,13.9,0.00,0.00,47,16.47,42,16.47,45,16.47
10.8,12.2,0.00,0.00,22,16.47,24,16.47,0,16.47
99.2,11.7,0.00,0.00,0,16.47,0,16.47,0,16.47
6.7,11.9,0.00,0.00,0,16.47,0,16.47,0,16.47
6.4,12.1,0.00,0.00,0,16.47,0,16.47,0,16.47
6.6,12.3,0.00,0.00,0,16.47,0,16.47,0,16.47
6.5,12.5,0.00,0.00,0,16.47,0,16.47,0,16.47
6.0,12.6,0.00,0.00,0,16.47,0,16.47,0,16.47
91.7,12.9,0.00,0.00,0,16.47,0,16.47,0,16.47
6.4,13.1,0.00,0.00,0,16.47,0,16.47,0,16.47
8.6,13.2,0.00,0.00,0,16.47,0,16.47,0,16.47
15.4,13.4,0.00,0.00,0,16.47,0,16.47,0,16.47
6.8,13.7,0.00,0.00,0,16.47,0,16.47,0,16.47
6.2,13.8,0.00,0.00,0,16.47,0,16.47,0,16.47
6.7,14.0,0.00,0.00,42,16.47,32,16.47,26,16.47
13.3,14.0,0.00,0.00,59,16.47,53,16.47,36,16.47
15.5,14.0,0.00,0.00,51,16.47,55,16.47,38,16.47
15.4,14.0,0.00,0.00,43,16.47,47,16.47,47,16.47
14.6,14.0,0.00,0.00,38,16.47,49,16.47,57,16.47
13.2,14.0,0.00,0.00,36,16.47,50,16.47,51,16.47
13.6,14.0,0.00,0.00,35,16.47,57,16.47,57,16.47
14.2,14.0,0.00,0.00,34,16.47,60,16.47,67,16.47
14.5,14.0,0.00,0.00,36,16.47,61,16.47,70,16.47
13.8,14.0,0.00,0.00,38,16.47,57,16.47,55,16.47
14.2,14.0,0.00,0.00,49,16.47,44,16.47,77,16.47
14.1,14.0,0.00,0.00,41,16.47,50,16.47,70,16.47
14.3,14.0,0.00,0.00,35,16.47,53,16.47,62,16.47
22.8,14.0,0.00,0.00,37,16.47,56,16.47,58,16.47
14.0,14.0,0.00,0.00,36,16.47,57,16.47,61,16.47
13.6,14.0,0.00,0.00,39,16.47,37,16.47,65,16.47
14.8,14.0,0.00,0.00,53,16.47,36,16.47,64,16.47
14.4,14.0,0.00,0.00,54,16.47,49,16.47,58,16.47
14.6,14.0,0.00,0.00,37,16.47,50,16.47,49,16.47
13.5,14.0,0.00,0.00,39,16.47,54,16.47,71,16.47
25.0,14.0,0.00,0.00,26,16.47,32,16.47,4,15.81
7.3,11.3,0.00,0.00,0,14.14,0,14.16,4,2.2
2.1,5.4,0.00,0.00,4,2.2,4,2.2,0,2.2
0.2,5.3,0.00,0.00,0,2.2,0,2.2,0,2.2
0.2,5.2,0.00,0.00,0,2.2,0,2.2,0,2.2
0.4,5.2,0.00,0.00,0,2.2,0,2.2,0,2.2
0.0,5.2,0.00,0.00,0,2.2,0,2.2,0,2.2
0.0,5.2,0.00,0.00,0,2.2,0,2.2,0,2.2
0.4,5.2,0.00,0.00,0,2.2,0,2.2,0,2.2
0.6,5.2,0.00,0.00,0,2.2,0,2.2,0,2.2
730.9