1.5,7.4,0.00,0.00,0,2.95,0,2.95,0,2.95,0,2.95
0.2,7.4,0.00,0.00,0,2.95,0,2.95,0,2.95,0,2.95
0.2,7.4,0.00,0.00,0,2.95,0,2.95,0,2.95,0,2.95
4.0,7.4,0.00,0.00,0,2.95,0,2.95,0,2.95,0,2.95
3.2,7.4,0.00,0.00,0,2.95,0,2.95,0,2.95,0,2.95
0.4,7.4,0.00,0.00,0,2.95,0,2.95,0,2.95,0,2.95
0.0,7.4,0.00,0.00,0,2.95,0,2.95,0,2.95,0,2.95
0.4,7.4,0.00,0.00,0,2.95,0,2.95,0,2.95,0,2.95
3.4,7.4,0.00,0.00,0,2.95,0,2.95,0,2.95,0,2.95
3.2,7.4,0.00,0.00,0,2.95,0,2.95,0,2.95,0,2.95
0.2,7.4,0.00,0.00,0,2.95,0,2.95,0,2.95,0,2.95
0.6,7.4,0.00,0.00,0,2.95,0,2.95,0,2.95,0,2.95
0.2,7.4,0.00,0.00,0,2.95,0,2.95,0,2.95,0,2.95
3.6,7.4,0.00,0.00,0,2.95,0,2.95,0,2.95,0,2.95
3.8,7.4,0.00,0.00,0,2.95,0,2.95,0,2.95,0,2.95
0.2,7.2,0.00,0.00,0,2.95,0,2.95,0,2.95,0,2.95
0.8,7.2,0.00,0.00,0,2.95,0,2.95,0,2.95,0,2.95
0.4,7.2,0.00,0.00,0,2.95,0,2.95,0,2.95,0,2.95
3.2,7.2,0.00,0.00,0,2.95,0,2.95,0,2.95,0,2.95
2.7,7.2,0.00,0.00,0,2.95,0,2.95,0,2.95,0,2.95
0.4,7.2,0.00,0.00,0,2.95,0,2.95,0,2.95,0,2.95
0.4,7.2,0.00,0.00,0,2.95,0,2.95,0,2.95,0,2.95
0.4,7.2,0.00,0.00,0,2.95,0,2.95,0,2.95,0,2.95
3.4,7.2,0.00,0.00,0,2.95,0,2.95,0,2.95,0,2.95
3.4,7.2,0.00,0.00,0,2.95,0,2.95,0,2.95,0,2.95
0.4,7.2,0.00,0.00,0,2.95,0,2.95,0,2.95,0,2.95
0.0,7.2,0.00,0.00,0,2.95,0,2.95,0,2.95,0,2.95
0.6,7.2,0.00,0.00,0,2.95,0,2.95,0,2.95,0,2.95
3.8,7.2,0.00,0.00,0,2.95,0,2.95,0,2.95,0,2.95
3.0,7.2,0.00,0.00,0,2.95,0,2.95,0,2.95,0,2.95
0.0,7.2,0.00,0.00,0,2.95,0,2.95,0,2.95,0,2.95
0.4,7.2,0.00,0.00,0,2.95,0,2.95,0,2.95,0,2.95
57.38