1.5,7.4,0.00,0.00,0,2.95,0,2.95,0,2.95,0,2.95
3.1,7.5,0.00,0.00,0,2.95,0,2.95,0,2.95,0,2.95
3.2,7.5,0.00,0.00,0,2.95,0,2.95,0,2.95,0,2.95
0.2,7.4,0.00,0.00,0,2.95,0,2.95,0,2.95,0,2.95
0.6,7.4,0.00,0.00,0,2.95,0,2.95,0,2.95,0,2.95
0.6,7.4,0.00,0.00,0,2.95,0,2.95,0,2.95,0,2.95
3.4,7.5,0.00,0.00,0,2.95,0,2.95,0,2.95,0,2.95
4.0,7.5,0.00,0.00,0,2.95,0,2.95,0,2.95,0,2.95
0.0,7.4,0.00,0.00,0,2.95,0,2.95,0,2.95,0,2.95
0.4,7.4,0.00,0.00,0,2.95,0,2.95,0,2.95,0,2.95
0.2,7.4,0.00,0.00,0,2.95,0,2.95,0,2.95,0,2.95
3.2,7.5,0.00,0.00,0,2.95,0,2.95,0,2.95,0,2.95
4.4,7.5,0.00,0.00,0,2.95,0,2.95,0,2.95,0,2.95
0.6,7.5,0.00,0.00,0,2.95,0,2.95,0,2.95,0,2.95
0.4,7.5,0.00,0.00,0,2.95,0,2.95,0,2.95,0,2.95
1.0,7.5,0.00,0.00,0,2.95,0,2.95,0,2.95,0,2.95
4.6,7.4,0.00,0.00,0,2.95,0,2.95,0,2.95,0,2.95
3.6,7.4,0.00,0.00,0,2.95,0,2.95,0,2.95,0,2.95
3.4,7.4,0.00,0.00,0,2.95,0,2.95,0,2.95,0,2.95
0.2,7.4,0.00,0.00,0,2.95,0,2.95,0,2.95,0,2.95
0.2,7.4,0.00,0.00,0,2.95,0,2.95,0,2.95,0,2.95
3.1,7.4,0.00,0.00,0,2.95,0,2.95,0,2.95,0,2.95
3.2,7.4,0.00,0.00,0,2.95,0,2.95,0,2.95,0,2.95
3.8,7.4,0.00,0.00,0,2.95,0,2.95,0,2.95,0,2.95
0.6,7.4,0.00,0.00,0,2.95,0,2.95,0,2.95,0,2.95
0.2,7.4,0.00,0.00,0,2.95,0,2.95,0,2.95,0,2.95
2.1,7.4,0.00,0.00,0,2.95,0,2.95,0,2.95,0,2.95
3.2,7.4,0.00,0.00,0,2.95,0,2.95,0,2.95,0,2.95
3.6,7.4,0.00,0.00,0,2.95,0,2.95,0,2.95,0,2.95
0.0,7.4,0.00,0.00,0,2.95,0,2.95,0,2.95,0,2.95
0.6,7.4,0.00,0.00,0,2.95,0,2.95,0,2.95,0,2.95
2.5,7.4,0.00,0.00,0,2.95,0,2.95,0,2.95,0,2.95
4.2,7.4,0.00,0.00,0,2.95,0,2.95,0,2.95,0,2.95
3.4,7.4,0.00,0.00,0,2.95,0,2.95,0,2.95,0,2.95
60.97