1.7,8.5,0.00,0.00,0,2.95,0,2.95,0,2.95,0,2.95
3.4,8.5,0.00,0.00,0,2.95,0,2.95,0,2.95,0,2.95
3.6,8.5,0.00,0.00,0,2.95,0,2.95,0,2.95,0,2.95
1.4,8.5,0.00,0.00,0,2.95,0,2.95,0,2.95,0,2.95
0.4,8.5,0.00,0.00,0,2.95,0,2.95,0,2.95,0,2.95
0.0,8.5,0.00,0.00,0,2.95,0,2.95,0,2.95,0,2.95
7.1,8.7,0.00,0.00,0,2.95,0,2.95,0,2.95,0,2.95
6.1,8.8,0.00,0.00,0,2.95,0,2.95,0,2.95,0,2.95
8.4,9.3,0.00,0.00,0,2.95,0,2.95,0,2.95,0,2.95
6.2,9.8,0.00,0.00,0,2.95,0,2.95,0,2.95,0,2.95
5.8,9.8,0.00,0.00,0,2.95,0,2.95,0,2.95,0,2.95
