2.3,5.2,0.00,0.00,0,2.2,0,2.2,1,2.2
0.2,5.2,0.00,0.00,0,2.2,0,2.2,0,2.2
1.0,5.2,0.00,0.00,0,2.2,0,2.2,0,2.2
0.0,5.2,0.00,0.00,0,2.2,0,2.2,0,2.2
0.4,5.2,0.00,0.00,0,2.2,0,2.2,0,2.2
0.4,5.2,0.00,0.00,0,2.2,0,2.2,0,2.2
0.4,5.2,0.00,0.00,0,2.2,0,2.2,0,2.2
0.2,5.2,0.00,0.00,0,2.2,0,2.2,0,2.2
0.2,5.2,0.00,0.00,0,2.2,0,2.2,0,2.2
0.2,5.2,0.00,0.00,0,2.2,0,2.2,0,2.2
4.8,5.3,0.00,0.00,0,2.2,0,2.2,0,2.2
7.7,5.4,0.00,0.00,0,2.2,0,2.2,0,2.2
7.3,5.5,0.00,0.00,0,2.2,0,2.2,0,2.2
5.0,5.7,0.00,0.00,0,2.2,0,2.2,0,2.2
5.8,5.8,0.00,0.00,0,2.2,0,2.2,0,2.2
4.2,5.9,0.00,0.00,0,2.2,0,2.2,0,2.2
4.6,6.2,0.00,0.00,0,4.45,2,5.12,0,2.2
4.2,7.4,0.00,0.00,3,8.12,5,9.98,0,2.2
3.5,7.8,0.00,0.00,4,9.1,1,9.98,0,2.2
4.4,7.9,0.00,0.00,0,9.1,0,9.98,0,2.2
4.2,8.0,0.00,0.00,0,9.1,0,9.98,0,2.2
4.6,8.2,0.00,0.00,0,9.1,0,9.98,0,2.2
5.0,8.4,0.00,0.00,0,9.1,0,9.98,0,2.2
4.0,8.4,0.00,0.00,0,9.1,0,9.98,0,2.2
4.6,8.6,0.00,0.00,0,9.1,0,9.98,0,2.2
4.6,8.8,0.00,0.00,0,9.1,0,9.98,0,2.2
4.4,8.8,0.00,0.00,0,9.1,0,9.98,0,2.2
4.4,9.0,0.00,0.00,0,9.1,0,9.98,0,2.2
4.6,9.2,0.00,0.00,0,9.1,0,9.98,0,2.2
4.2,9.3,0.00,0.00,0,9.1,0,9.98,0,2.2
6.5,9.7,0.00,0.00,1,11.17,0,12.2,0,2.2
4.8,11.0,0.00,0.00,4,15.76,3,24.31,0,2.2
12.0,11.3,0.00,0.00,48,15.76,21,24.31,0,2.2
12.5,11.3,0.00,0.00,51,15.76,91,24.31,0,2.2
12.4,11.3,0.00,0.00,59,15.76,89,24.31,0,2.2
12.5,11.3,0.00,0.00,56,15.76,88,24.31,0,2.2
12.9,11.3,0.00,0.00,49,15.76,89,24.31,0,2.2
12.5,11.3,0.00,0.00,51,15.76,89,24.31,0,2.2
12.6,11.3,0.00,0.00,55,15.76,93,24.31,0,2.2
12.1,11.3,0.00,0.00,53,15.76,86,24.31,0,2.2
12.6,11.3,0.00,0.00,51,15.76,92,24.31,0,2.2
13.7,11.3,0.00,0.00,57,15.76,93,24.31,0,2.2
12.9,11.3,0.00,0.00,56,15.76,87,24.31,0,2.2
12.3,11.3,0.00,0.00,56,15.76,90,24.31,0,2.2
12.5,11.3,0.00,0.00,55,15.76,90,24.31,0,2.2
12.1,11.3,0.00,0.00,53,15.76,90,24.31,0,2.2
14.0,11.3,0.00,0.00,55,15.76,89,24.31,0,2.2
12.7,11.3,0.00,0.00,53,15.76,91,24.31,0,2.2
12.1,11.3,0.00,0.00,55,15.76,86,24.31,0,2.2
11.9,11.3,0.00,0.00,56,15.76,76,24.31,0,2.2
12.1,11.3,0.00,0.00,51,15.76,84,24.31,0,2.2
11.9,11.3,0.00,0.00,48,15.76,90,24.31,0,2.2
12.7,11.3,0.00,0.00,50,15.76,89,24.31,0,2.2
11.7,11.3,0.00,0.00,51,15.76,86,24.31,0,2.2
12.7,11.3,0.00,0.00,49,15.76,88,24.31,0,2.2
12.1,11.3,0.00,0.00,50,15.76,89,24.31,0,2.2
13.8,11.3,0.00,0.00,57,15.76,88,24.31,0,2.2
12.3,11.3,0.00,0.00,51,15.76,88,24.31,0,2.2
12.9,11.3,0.00,0.00,51,15.76,84,24.31,0,2.2
12.3,11.3,0.00,0.00,54,15.76,91,24.31,0,2.2
11.4,11.3,0.00,0.00,50,15.76,86,24.31,0,2.2
12.9,11.3,0.00,0.00,54,15.76,90,24.31,0,2.2
12.5,11.3,0.00,0.00,58,15.77,91,24.31,0,2.2
8.5,10.5,0.00,0.00,47,15.77,89,24.31,0,2.2
7.5,10.6,0.00,0.00,0,15.77,91,24.31,0,2.2
9.6,10.6,0.00,0.00,0,15.77,89,24.31,0,2.2
8.1,10.6,0.00,0.00,0,15.77,89,24.31,0,2.2
30.4,10.7,0.00,0.00,0,15.77,93,24.31,0,2.2
7.5,10.8,0.00,0.00,0,15.77,93,24.31,0,2.2
7.7,10.8,0.00,0.00,0,15.77,91,24.31,0,2.2
7.7,10.9,0.00,0.00,0,15.77,90,24.31,0,2.2
7.5,11.0,0.00,0.00,0,15.77,94,24.31,0,2.2
6.9,11.0,0.00,0.00,0,15.77,91,24.31,0,2.2
7.9,11.1,0.00,0.00,0,15.77,92,24.51,0,2.2
10.4,11.2,0.00,0.00,0,15.77,26,24.51,0,2.2
32.8,10.3,0.00,0.00,0,15.77,1,2.2,0,2.2
17.7,8.2,0.00,0.00,0,15.77,6,2.2,0,2.2
8.1,8.2,0.00,0.00,49,15.77,0,2.2,0,2.2
7.3,8.2,0.00,0.00,57,15.77,0,2.2,0,2.2
7.5,8.2,0.00,0.00,56,15.77,0,2.2,0,2.2
7.5,8.2,0.00,0.00,58,15.77,0,2.2,0,2.2
7.5,8.2,0.00,0.00,57,15.77,0,2.2,0,2.2
8.1,8.2,0.00,0.00,57,15.77,0,2.2,0,2.2
7.7,8.2,0.00,0.00,56,15.77,0,2.2,0,2.2
7.5,8.2,0.00,0.00,57,15.77,0,2.2,0,2.2
7.3,8.3,0.00,0.00,57,15.77,0,2.2,0,2.2
7.1,8.2,0.00,0.00,56,15.77,0,2.2,0,2.2
7.5,8.2,0.00,0.00,55,15.77,0,2.2,0,2.2
7.3,8.2,0.00,0.00,57,15.77,0,2.2,0,2.2
7.1,8.2,0.00,0.00,51,15.77,0,2.2,0,2.2
7.5,8.2,0.00,0.00,50,15.77,0,2.2,0,2.2
7.3,8.2,0.00,0.00,61,15.77,0,2.2,0,2.2
7.1,8.3,0.00,0.00,58,15.77,0,2.2,0,2.2
7.5,8.2,0.00,0.00,56,15.77,0,2.2,0,2.2
7.7,8.3,0.00,0.00,58,15.77,0,2.2,0,2.2
7.5,8.2,0.00,0.00,58,15.77,0,2.2,0,2.2
7.5,8.3,0.00,0.00,55,15.77,0,2.2,0,2.2
7.5,8.3,0.00,0.00,49,15.77,0,2.2,0,2.2
8.5,8.2,0.00,0.00,52,15.77,0,2.2,0,2.2
7.1,8.2,0.00,0.00,51,15.77,0,2.2,0,2.2
6.8,8.2,0.00,0.00,53,15.77,0,2.2,0,2.2
7.3,8.3,0.00,0.00,52,15.77,0,2.2,0,2.2
7.1,8.3,0.00,0.00,51,15.77,0,2.2,0,2.2
7.5,8.2,0.00,0.00,59,15.77,0,2.2,0,2.2
7.5,8.2,0.00,0.00,58,15.77,0,2.2,0,2.2
7.1,8.2,0.00,0.00,58,15.77,0,2.2,0,2.2
7.3,8.2,0.00,0.00,59,15.77,0,2.2,0,2.2
8.7,8.2,0.00,0.00,43,15.77,0,2.2,0,2.2
58.5,7.5,0.00,0.00,0,15.77,0,2.2,0,2.2
2.3,7.6,0.00,0.00,0,15.77,0,2.2,0,2.2
2.3,7.6,0.00,0.00,0,15.77,0,2.2,0,2.2
2.5,7.7,0.00,0.00,0,15.77,0,2.2,0,2.2
2.3,7.8,0.00,0.00,0,15.77,0,2.2,0,2.2
2.3,7.8,0.00,0.00,0,15.77,0,2.2,0,2.2
2.5,7.9,0.00,0.00,0,15.77,0,2.2,0,2.2
2.3,8.0,0.00,0.00,0,15.77,0,2.2,0,2.2
2.9,8.0,0.00,0.00,0,15.77,0,2.2,0,2.2
2.3,8.1,0.00,0.00,0,15.77,0,2.2,0,2.2
2.3,8.2,0.00,0.00,0,15.77,0,2.2,0,2.2
11.9,8.2,0.00,0.00,0,15.77,0,2.2,0,2.2
7.3,8.2,0.00,0.00,21,15.77,0,2.2,0,2.2
8.3,8.2,0.00,0.00,59,15.77,0,2.2,0,2.2
7.7,8.2,0.00,0.00,58,15.77,0,2.2,0,2.2
7.3,8.2,0.00,0.00,57,15.77,0,2.2,0,2.2
7.3,8.2,0.00,0.00,56,15.77,0,2.2,0,2.2
7.5,8.2,0.00,0.00,56,15.77,0,2.2,0,2.2
7.3,8.2,0.00,0.00,55,15.77,0,2.2,0,2.2
8.3,8.2,0.00,0.00,54,15.77,0,2.2,0,2.2
7.5,8.2,0.00,0.00,56,15.77,0,2.2,0,2.2
7.3,8.2,0.00,0.00,53,15.77,0,2.2,0,2.2
7.3,8.2,0.00,0.00,57,15.77,0,2.2,0,2.2
7.5,8.2,0.00,0.00,58,15.77,0,2.2,0,2.2
7.3,8.2,0.00,0.00,57,15.77,0,2.2,0,2.2
7.5,8.2,0.00,0.00,56,15.77,0,2.2,0,2.2
8.1,8.3,0.00,0.00,58,15.77,0,2.2,0,2.2
7.3,8.2,0.00,0.00,52,15.77,0,2.2,0,2.2
7.1,8.3,0.00,0.00,57,15.77,0,2.2,0,2.2
6.9,8.2,0.00,0.00,52,15.77,0,2.2,0,2.2
7.3,8.2,0.00,0.00,55,15.77,0,2.2,0,2.2
8.1,8.2,0.00,0.00,60,15.77,0,2.2,0,2.2
7.3,8.3,0.00,0.00,60,15.77,0,2.2,0,2.2
7.5,8.2,0.00,0.00,58,15.77,0,2.2,0,2.2
7.5,8.2,0.00,0.00,59,15.77,0,2.2,0,2.2
6.9,8.3,0.00,0.00,58,15.77,0,2.2,0,2.2
7.3,8.2,0.00,0.00,56,15.77,0,2.2,0,2.2
7.0,8.2,0.00,0.00,55,15.77,0,2.2,0,2.2
6.4,8.2,0.00,0.00,52,15.77,0,2.2,0,2.2
7.3,8.2,0.00,0.00,48,15.77,0,2.2,0,2.2
7.7,8.2,0.00,0.00,56,15.77,0,2.2,0,2.2
7.3,8.2,0.00,0.00,57,15.77,0,2.2,0,2.2
8.7,8.2,0.00,0.00,56,15.77,0,2.2,0,2.2
2.5,7.5,0.00,0.00,14,15.77,0,2.2,0,2.2
2.5,7.5,0.00,0.00,0,15.77,0,2.2,0,2.2
2.7,7.6,0.00,0.00,0,15.77,0,2.2,0,2.2
18.2,7.7,0.00,0.00,0,15.77,0,2.2,0,2.2
2.7,7.7,0.00,0.00,0,15.77,0,2.2,0,2.2
2.7,7.8,0.00,0.00,0,15.77,0,2.2,0,2.2
64.8,7.9,0.00,0.00,0,15.77,0,2.2,0,2.2
2.3,7.9,0.00,0.00,0,15.77,0,2.2,0,2.2
2.7,8.0,0.00,0.00,0,15.77,0,2.2,0,2.2
2.3,8.1,0.00,0.00,0,15.77,0,2.2,0,2.2
2.1,8.2,0.00,0.00,0,15.77,0,2.2,0,2.2
2.3,8.2,0.00,0.00,0,15.77,0,2.2,0,2.2
7.3,8.2,0.00,0.00,46,15.77,0,2.2,0,2.2
7.5,8.2,0.00,0.00,60,15.77,0,2.2,0,2.2
7.9,8.2,0.00,0.00,56,15.77,0,2.2,0,2.2
7.3,8.2,0.00,0.00,56,15.77,0,2.2,0,2.2
7.7,8.2,0.00,0.00,54,15.77,0,2.2,0,2.2
7.7,8.2,0.00,0.00,55,15.77,0,2.2,0,2.2
6.9,8.2,0.00,0.00,57,15.77,0,2.2,0,2.2
7.3,8.2,0.00,0.00,57,15.77,0,2.2,0,2.2
7.5,8.2,0.00,0.00,58,15.77,0,2.2,0,2.2
6.9,8.2,0.00,0.00,58,15.77,0,2.2,0,2.2
7.5,8.2,0.00,0.00,57,15.77,0,2.2,0,2.2
7.5,8.2,0.00,0.00,58,15.77,0,2.2,0,2.2
7.7,8.2,0.00,0.00,58,15.77,0,2.2,0,2.2
7.1,8.2,0.00,0.00,58,15.77,0,2.2,0,2.2
7.3,8.2,0.00,0.00,57,15.77,0,2.2,0,2.2
8.1,8.2,0.00,0.00,56,15.77,0,2.2,0,2.2
7.9,8.2,0.00,0.00,57,15.77,0,2.2,0,2.2
7.3,8.2,0.00,0.00,58,15.77,0,2.2,0,2.2
7.3,8.2,0.00,0.00,58,15.77,0,2.2,0,2.2
6.7,8.2,0.00,0.00,57,15.77,0,2.2,0,2.2
7.2,8.2,0.00,0.00,52,15.77,0,2.2,0,2.2
7.1,8.3,0.00,0.00,52,15.77,0,2.2,0,2.2
8.5,8.2,0.00,0.00,52,15.77,0,2.2,0,2.2
7.9,8.2,0.00,0.00,57,15.77,0,2.2,0,2.2
7.5,8.3,0.00,0.00,58,15.77,0,2.2,0,2.2
7.3,8.2,0.00,0.00,55,15.77,0,2.2,0,2.2
7.3,8.2,0.00,0.00,58,15.77,0,2.2,0,2.2
8.1,8.2,0.00,0.00,59,15.77,0,2.2,0,2.2
8.1,8.2,0.00,0.00,58,15.77,0,2.2,0,2.2
8.5,8.2,0.00,0.00,60,15.77,0,2.2,0,2.2
2.3,7.4,0.00,0.00,22,15.77,0,2.2,0,2.2
2.1,7.5,0.00,0.00,0,15.77,0,2.2,0,2.2
34.5,7.6,0.00,0.00,0,15.77,0,2.2,0,2.2
2.7,7.6,0.00,0.00,0,15.77,0,2.2,0,2.2
2.7,7.7,0.00,0.00,0,15.77,0,2.2,0,2.2
35.6,7.8,0.00,0.00,0,15.77,0,2.2,0,2.2
2.9,7.8,0.00,0.00,0,15.77,0,2.2,0,2.2
2.1,7.9,0.00,0.00,0,15.77,0,2.2,0,2.2
2.1,8.0,0.00,0.00,0,15.77,0,2.2,0,2.2
2.1,8.0,0.00,0.00,0,15.77,0,2.2,0,2.2
2.1,8.1,0.00,0.00,0,15.77,0,2.2,0,2.2
2.1,8.2,0.00,0.00,0,15.77,0,2.2,0,2.2
7.1,8.2,0.00,0.00,0,15.77,0,2.2,0,2.2
7.4,8.2,0.00,0.00,44,15.77,0,2.2,0,2.2
7.5,8.2,0.00,0.00,59,15.77,0,2.2,0,2.2
6.9,8.2,0.00,0.00,58,15.77,0,2.2,0,2.2
6.5,8.2,0.00,0.00,58,15.77,0,2.2,0,2.2
7.3,8.2,0.00,0.00,46,15.77,0,2.2,0,2.2
7.1,8.2,0.00,0.00,60,15.77,0,2.2,0,2.2
7.1,8.2,0.00,0.00,54,15.77,0,2.2,0,2.2
7.3,8.2,0.00,0.00,57,15.77,0,2.2,0,2.2
9.6,8.2,0.00,0.00,61,15.77,0,2.2,0,2.2
8.1,8.2,0.00,0.00,70,15.77,0,2.2,0,2.2
8.1,8.2,0.00,0.00,68,15.77,0,2.2,0,2.2
8.1,8.2,0.00,0.00,58,15.77,0,2.2,0,2.2
7.5,8.2,0.00,0.00,58,15.77,0,2.2,0,2.2
7.7,8.2,0.00,0.00,59,15.77,0,2.2,0,2.2
7.1,8.2,0.00,0.00,59,15.77,0,2.2,0,2.2
7.7,8.2,0.00,0.00,58,15.77,0,2.2,0,2.2
7.3,8.2,0.00,0.00,58,15.77,0,2.2,0,2.2
7.7,8.2,0.00,0.00,56,15.77,0,2.2,0,2.2
7.5,8.2,0.00,0.00,52,15.77,0,2.2,0,2.2
7.5,8.2,0.00,0.00,58,15.77,0,2.2,0,2.2
8.1,8.2,0.00,0.00,55,15.77,0,2.2,0,2.2
7.3,8.2,0.00,0.00,58,15.77,0,2.2,0,2.2
7.6,8.2,0.00,0.00,57,15.77,0,2.2,0,2.2
7.7,8.2,0.00,0.00,57,15.77,0,2.2,0,2.2
7.5,8.2,0.00,0.00,58,15.77,0,2.2,0,2.2
7.5,8.2,0.00,0.00,58,15.77,0,2.2,0,2.2
7.3,8.2,0.00,0.00,60,15.77,0,2.2,0,2.2
7.3,8.2,0.00,0.00,56,15.77,0,2.2,0,2.2
7.3,8.2,0.00,0.00,55,15.77,0,2.2,0,2.2
8.9,8.2,0.00,0.00,57,15.77,0,2.2,0,2.2
2.7,7.4,0.00,0.00,3,12.93,0,2.2,0,2.2
0.6,5.2,0.00,0.00,1,2.2,0,2.2,0,2.2
0.8,5.2,0.00,0.00,3,2.2,0,2.2,0,2.2
0.0,5.2,0.00,0.00,0,2.2,0,2.2,0,2.2
0.2,5.2,0.00,0.00,0,2.2,0,2.2,0,2.2
2.1,5.3,0.00,0.00,0,2.2,0,2.2,0,2.2
2.7,5.4,0.00,0.00,0,2.2,0,2.2,0,2.2
6.5,5.4,0.00,0.00,0,2.2,0,2.2,0,2.2
6.7,5.7,0.00,0.00,0,2.2,0,2.2,0,2.2
97.9,5.8,0.00,0.00,0,2.2,0,2.2,0,2.2
4.4,5.9,0.00,0.00,0,2.2,0,2.2,0,2.2
1.0,6.0,0.00,0.00,0,2.2,0,2.2,0,2.29
3.7,6.7,0.00,0.00,0,4.37,0,5.53,4,6.34
6.3,8.6,0.00,0.00,3,9.45,5,9.59,7,13.57
6.3,8.7,0.00,0.00,6,13.57,6,13.57,0,13.57
6.4,9.0,0.00,0.00,3,13.57,0,13.57,0,13.57
9.6,9.1,0.00,0.00,0,13.57,0,13.57,0,13.57
13.9,9.3,0.00,0.00,0,13.57,0,13.57,0,13.57
6.7,9.5,0.00,0.00,0,13.57,0,13.57,0,13.57
47.2,9.7,0.00,0.00,0,13.57,0,13.57,0,13.57
10.9,9.9,0.00,0.00,0,13.57,0,13.57,0,13.57
34.9,10.1,0.00,0.00,0,13.57,0,13.57,0,13.57
6.5,10.3,0.00,0.00,0,13.57,0,13.57,0,13.57
6.5,10.4,0.00,0.00,0,13.57,0,13.57,0,13.57
88.0,10.7,0.00,0.00,0,13.57,0,13.57,0,13.57
6.4,10.9,0.00,0.00,0,13.57,0,13.57,0,13.57
6.4,11.0,0.00,0.00,0,13.57,0,13.73,0,14.37
7.1,11.9,0.00,0.00,0,14.92,3,17.0,2,20.0
6.4,13.7,0.00,0.00,3,24.62,36,24.62,14,24.62
13.5,13.8,0.00,0.00,53,24.62,98,24.62,98,24.62
13.3,13.8,0.00,0.00,97,24.62,98,24.62,96,24.62
13.4,13.8,0.00,0.00,98,24.62,98,24.62,97,24.62
12.5,13.8,0.00,0.00,98,24.62,98,24.62,98,24.62
13.9,13.8,0.00,0.00,98,24.62,98,24.62,98,24.62
13.4,13.8,0.00,0.00,97,24.62,98,24.62,99,24.62
13.9,13.8,0.00,0.00,97,24.62,97,24.62,98,24.62
13.8,13.8,0.00,0.00,98,24.62,97,24.62,98,24.62
13.2,13.8,0.00,0.00,98,24.62,97,24.62,98,24.62
13.5,13.8,0.00,0.00,98,24.62,97,24.62,98,24.62
13.6,13.8,0.00,0.00,98,24.62,98,24.62,98,24.62
13.1,13.8,0.00,0.00,98,24.62,97,24.62,98,24.62
12.9,13.8,0.00,0.00,98,24.62,98,24.62,98,24.62
13.6,13.8,0.00,0.00,98,24.62,98,24.62,98,24.62
13.8,13.8,0.00,0.00,98,24.62,98,24.62,98,24.62
13.7,13.8,0.00,0.00,98,24.62,98,24.62,98,24.62
14.0,13.8,0.00,0.00,97,24.62,98,24.62,98,24.62
13.7,13.8,0.00,0.00,98,24.62,97,24.62,98,24.62
13.1,13.8,0.00,0.00,98,24.62,96,24.62,98,24.62
12.9,13.8,0.00,0.00,98,24.62,97,24.62,98,24.62
14.2,13.8,0.00,0.00,98,24.62,98,24.62,98,24.62
13.5,13.8,0.00,0.00,98,24.62,98,24.62,74,24.62
25.2,13.8,0.00,0.00,99,24.62,69,24.62,0,24.62
87.9,11.5,0.00,0.00,12,24.62,0,24.62,0,24.62
6.4,11.7,0.00,0.00,0,24.62,0,24.62,0,24.62
6.9,11.9,0.00,0.00,0,24.62,0,24.62,0,24.62
43.8,12.1,0.00,0.00,0,24.62,0,24.62,0,24.62
6.2,12.3,0.00,0.00,0,24.62,0,24.62,0,24.62
31.3,12.4,0.00,0.00,0,24.62,0,24.62,0,24.62
15.7,12.6,0.00,0.00,0,24.62,0,24.62,0,24.62
6.7,12.9,0.00,0.00,0,24.62,0,24.62,0,24.62
6.0,13.0,0.00,0.00,0,24.62,0,24.62,0,24.62
6.3,13.2,0.00,0.00,0,24.62,0,24.62,0,24.62
36.7,13.4,0.00,0.00,0,24.62,0,24.62,0,24.62
10.0,13.6,0.00,0.00,0,24.62,0,24.62,0,24.62
9.0,13.7,0.00,0.00,0,24.62,16,24.62,0,24.62
12.7,13.8,0.00,0.00,0,24.62,100,24.62,50,24.62
13.1,13.9,0.00,0.00,77,24.62,99,24.62,98,24.62
13.5,13.8,0.00,0.00,98,24.62,98,24.62,98,24.62
13.3,13.8,0.00,0.00,97,24.62,98,24.62,98,24.62
13.3,13.8,0.00,0.00,97,24.62,98,24.62,98,24.62
14.1,13.8,0.00,0.00,97,24.62,98,24.62,98,24.62
13.4,13.8,0.00,0.00,98,24.62,98,24.62,98,24.62
13.2,13.8,0.00,0.00,98,24.62,98,24.62,98,24.62
12.9,13.8,0.00,0.00,98,24.62,98,24.62,98,24.62
14.0,13.8,0.00,0.00,97,24.62,97,24.62,98,24.62
14.6,13.8,0.00,0.00,98,24.62,98,24.62,97,24.62
15.2,13.8,0.00,0.00,98,24.62,98,24.62,98,24.62
13.5,13.8,0.00,0.00,98,24.62,98,24.62,98,24.62
12.7,13.8,0.00,0.00,98,24.62,98,24.62,98,24.62
14.4,13.8,0.00,0.00,98,24.62,98,24.62,98,24.62
13.5,13.8,0.00,0.00,98,24.62,98,24.62,98,24.62
13.1,13.8,0.00,0.00,98,24.62,98,24.62,98,24.62
13.7,13.8,0.00,0.00,98,24.62,98,24.62,98,24.62
14.7,13.8,0.00,0.00,98,24.62,98,24.62,98,24.62
13.7,13.8,0.00,0.00,98,24.62,98,24.62,97,24.62
12.9,13.8,0.00,0.00,98,24.62,98,24.62,98,24.62
13.3,13.8,0.00,0.00,98,24.62,98,24.62,98,24.62
22.1,13.8,0.00,0.00,98,24.62,98,24.62,31,24.62
6.3,11.4,0.00,0.00,65,24.62,26,24.62,0,24.62
6.3,11.7,0.00,0.00,0,24.62,0,24.62,0,24.62
9.3,11.8,0.00,0.00,0,24.62,0,24.62,0,24.62
15.8,12.0,0.00,0.00,0,24.62,0,24.62,0,24.62
10.5,12.2,0.00,0.00,0,24.62,0,24.62,0,24.62
21.6,12.4,0.00,0.00,0,24.62,0,24.62,0,24.62
10.6,12.6,0.00,0.00,0,24.62,0,24.62,0,24.62
74.3,12.8,0.00,0.00,0,24.62,0,24.62,0,24.62
55.2,13.0,0.00,0.00,0,24.62,0,24.62,0,24.62
6.5,13.1,0.00,0.00,0,24.62,0,24.62,0,24.62
6.4,13.4,0.00,0.00,0,24.62,0,24.62,0,24.62
61.2,13.6,0.00,0.00,0,24.62,0,24.62,0,24.62
7.5,13.7,0.00,0.00,0,24.62,8,24.62,0,24.62
13.6,13.8,0.00,0.00,0,24.62,100,24.62,20,24.62
12.6,13.8,0.00,0.00,92,24.62,98,24.62,97,24.62
13.2,13.8,0.00,0.00,98,24.62,98,24.62,97,24.62
13.3,13.8,0.00,0.00,97,24.62,98,24.62,97,24.62
13.1,13.8,0.00,0.00,98,24.62,98,24.62,97,24.62
13.2,13.8,0.00,0.00,97,24.62,98,24.62,98,24.62
13.1,13.8,0.00,0.00,98,24.62,98,24.62,98,24.62
13.7,13.9,0.00,0.00,98,24.62,98,24.62,98,24.62
13.1,13.8,0.00,0.00,98,24.62,98,24.62,97,24.62
12.9,13.8,0.00,0.00,98,24.62,98,24.62,98,24.62
13.1,13.8,0.00,0.00,98,24.62,98,24.62,97,24.62
13.3,13.8,0.00,0.00,98,24.62,98,24.62,98,24.62
13.2,13.8,0.00,0.00,98,24.62,98,24.62,98,24.62
12.6,13.9,0.00,0.00,98,24.62,98,24.62,98,24.62
13.1,13.8,0.00,0.00,98,24.62,98,24.62,97,24.62
13.3,13.8,0.00,0.00,98,24.62,98,24.62,98,24.62
13.3,13.8,0.00,0.00,98,24.62,98,24.62,98,24.62
13.1,13.8,0.00,0.00,98,24.62,98,24.62,98,24.62
12.8,13.8,0.00,0.00,98,24.62,98,24.62,97,24.62
13.5,13.8,0.00,0.00,98,24.62,97,24.62,98,24.62
13.3,13.8,0.00,0.00,97,24.62,98,24.62,97,24.62
12.9,13.8,0.00,0.00,98,24.62,98,24.62,98,24.62
25.0,13.9,0.00,0.00,98,24.62,98,24.62,31,24.62
6.7,11.4,0.00,0.00,65,24.62,27,24.62,0,24.62
6.8,11.7,0.00,0.00,0,24.62,0,24.62,0,24.62
59.6,11.8,0.00,0.00,0,24.62,0,24.62,0,24.62
6.4,12.0,0.00,0.00,0,24.62,0,24.62,0,24.62
6.4,12.3,0.00,0.00,0,24.62,0,24.62,0,24.62
66.8,12.4,0.00,0.00,0,24.62,0,24.62,0,24.62
6.2,12.5,0.00,0.00,0,24.62,0,24.62,0,24.62
77.6,12.8,0.00,0.00,0,24.62,0,24.62,0,24.62
6.2,13.0,0.00,0.00,0,24.62,0,24.62,0,24.62
7.0,13.1,0.00,0.00,0,24.62,0,24.62,0,24.62
6.4,13.3,0.00,0.00,0,24.62,0,24.62,0,24.62
6.4,13.6,0.00,0.00,0,24.62,0,24.62,0,24.62
6.8,13.7,0.00,0.00,0,24.62,0,24.62,0,24.62
13.2,13.9,0.00,0.00,0,24.62,57,24.62,97,24.62
13.5,13.9,0.00,0.00,84,24.62,98,24.62,98,24.62
14.3,13.9,0.00,0.00,98,24.62,98,24.62,98,24.62
12.9,13.9,0.00,0.00,98,24.62,98,24.62,98,24.62
14.2,13.9,0.00,0.00,98,24.62,98,24.62,98,24.62
14.2,13.9,0.00,0.00,97,24.62,98,24.62,98,24.62
12.9,13.9,0.00,0.00,97,24.62,98,24.62,98,24.62
13.1,13.9,0.00,0.00,97,24.62,98,24.62,98,24.62
13.1,13.9,0.00,0.00,98,24.62,98,24.62,97,24.62
12.8,13.9,0.00,0.00,98,24.62,98,24.62,97,24.62
13.0,13.9,0.00,0.00,98,24.62,98,24.62,97,24.62
12.9,13.9,0.00,0.00,98,24.62,98,24.62,98,24.62
13.9,13.9,0.00,0.00,98,24.62,98,24.62,97,24.62
13.5,13.9,0.00,0.00,98,24.62,98,24.62,98,24.62
12.5,13.9,0.00,0.00,98,24.62,98,24.62,97,24.62
13.1,13.9,0.00,0.00,98,24.62,98,24.62,98,24.62
13.1,13.9,0.00,0.00,98,24.62,98,24.62,97,24.62
13.1,13.9,0.00,0.00,98,24.62,98,24.62,98,24.62
12.8,13.9,0.00,0.00,98,24.62,98,24.62,97,24.62
13.3,13.9,0.00,0.00,98,24.62,98,24.62,97,24.62
13.9,13.9,0.00,0.00,98,24.62,98,24.62,98,24.62
14.5,13.9,0.00,0.00,97,24.62,98,24.62,98,24.62
26.2,13.9,0.00,0.00,98,24.62,98,24.62,35,24.62
6.4,11.5,0.00,0.00,67,24.62,30,24.62,0,24.62
6.7,11.7,0.00,0.00,0,24.62,0,24.62,0,24.62
89.6,11.8,0.00,0.00,0,24.62,0,24.62,0,24.62
14.6,12.0,0.00,0.00,0,24.62,0,24.62,0,24.62
6.2,12.3,0.00,0.00,0,24.62,0,24.62,0,24.62
14.8,12.4,0.00,0.00,0,24.62,0,24.62,0,24.62
6.7,12.6,0.00,0.00,0,24.62,0,24.62,0,24.62
98.1,12.8,0.00,0.00,0,24.62,0,24.62,0,24.62
6.6,13.0,0.00,0.00,0,24.62,0,24.62,0,24.62
5.8,13.1,0.00,0.00,0,24.62,0,24.62,0,24.62
6.2,13.3,0.00,0.00,0,24.62,0,24.62,0,24.62
6.9,13.5,0.00,0.00,0,24.62,0,24.62,0,24.62
51.7,13.7,0.00,0.00,0,24.62,0,24.62,0,24.62
25.5,13.8,0.00,0.00,0,24.62,56,24.62,77,24.62
12.7,13.9,0.00,0.00,43,24.62,99,24.62,97,24.62
13.7,13.9,0.00,0.00,97,24.62,99,24.62,98,24.62
13.9,13.9,0.00,0.00,97,24.62,99,24.62,98,24.62
13.1,13.9,0.00,0.00,98,24.62,99,24.62,98,24.62
13.1,13.9,0.00,0.00,98,24.62,98,24.62,98,24.62
12.7,13.9,0.00,0.00,98,24.62,98,24.62,97,24.62
13.4,13.9,0.00,0.00,98,24.62,98,24.62,98,24.62
12.9,13.9,0.00,0.00,98,24.62,98,24.62,98,24.62
13.7,13.9,0.00,0.00,98,24.62,98,24.62,97,24.62
14.4,13.9,0.00,0.00,98,24.62,98,24.62,98,24.62
14.0,13.9,0.00,0.00,97,24.62,98,24.62,98,24.62
13.3,13.9,0.00,0.00,98,24.62,98,24.62,97,24.62
12.9,13.9,0.00,0.00,98,24.62,98,24.62,98,24.62
13.3,13.9,0.00,0.00,98,24.62,99,24.62,98,24.62
12.9,13.9,0.00,0.00,98,24.62,98,24.62,98,24.62
13.0,13.9,0.00,0.00,98,24.62,99,24.62,98,24.62
13.8,13.9,0.00,0.00,98,24.62,99,24.62,98,24.62
14.1,13.9,0.00,0.00,98,24.62,98,24.62,98,24.62
13.8,13.9,0.00,0.00,98,24.62,98,24.62,98,24.62
12.9,13.9,0.00,0.00,98,24.62,98,24.62,98,24.62
13.3,13.9,0.00,0.00,98,24.62,98,24.62,98,24.62
6.7,13.8,0.00,0.00,98,24.62,97,24.62,76,24.62
6.9,11.6,0.00,0.00,98,24.62,70,22.68,0,22.72
5.6,8.6,0.00,0.00,10,2.2,0,2.2,7,2.2
0.0,5.2,0.00,0.00,0,2.2,0,2.2,0,2.2
0.2,5.2,0.00,0.00,0,2.2,0,2.2,0,2.2
0.2,5.2,0.00,0.00,0,2.2,0,2.2,0,2.2
0.8,5.2,0.00,0.00,0,2.2,0,2.2,0,2.2
0.2,5.2,0.00,0.00,0,2.2,0,2.2,0,2.2
2.7,5.3,0.00,0.00,0,2.2,0,2.2,0,2.2
2.9,5.4,0.00,0.00,0,2.2,0,2.2,0,2.2
2.3,5.4,0.00,0.00,0,2.2,0,2.2,0,2.2
73.2,5.5,0.00,0.00,0,2.2,0,2.2,0,2.2
4.8,5.7,0.00,0.00,0,2.2,0,2.2,0,2.2
4.2,5.8,0.00,0.00,0,2.2,0,2.2,0,2.2
0.6,5.8,0.00,0.00,0,2.2,0,2.2,0,2.2
4.8,6.1,0.00,0.00,0,4.6,0,5.6,0,2.2
4.6,7.3,0.00,0.00,1,7.78,3,7.84,0,2.2
4.4,7.7,0.00,0.00,4,7.84,3,7.84,0,2.2
4.8,7.8,0.00,0.00,1,7.84,0,7.84,0,2.2
5.0,7.9,0.00,0.00,0,7.84,0,7.84,0,2.2
4.0,8.1,0.00,0.00,0,7.84,0,7.84,0,2.2
5.2,8.2,0.00,0.00,0,7.84,0,7.84,0,2.2
77.5,8.3,0.00,0.00,0,7.84,0,7.84,0,2.2
4.4,8.4,0.00,0.00,0,7.84,0,7.84,0,2.2
4.6,8.6,0.00,0.00,0,7.84,0,7.84,0,2.2
4.8,8.7,0.00,0.00,0,7.84,0,7.84,0,2.2
9.4,8.8,0.00,0.00,0,7.84,0,7.84,0,2.2
4.4,9.0,0.00,0.00,0,7.84,0,7.84,0,2.2
4.4,9.1,0.00,0.00,0,7.84,0,8.16,0,2.2
4.4,9.3,0.00,0.00,0,7.84,48,8.67,0,2.2
5.4,10.1,0.00,0.00,0,10.64,38,12.08,0,2.2
7.9,11.1,0.00,0.00,4,20.37,14,20.37,0,2.2
13.4,11.1,0.00,0.00,44,20.37,53,20.37,0,2.2
13.7,11.2,0.00,0.00,68,20.37,58,20.37,0,2.2
13.3,11.2,0.00,0.00,61,20.37,66,20.37,0,2.2
13.8,11.1,0.00,0.00,56,20.37,66,20.37,0,2.2
13.9,11.2,0.00,0.00,55,20.37,62,20.37,0,2.2
13.3,11.2,0.00,0.00,56,20.37,60,20.37,0,2.2
13.5,11.2,0.00,0.00,58,20.37,60,20.37,0,2.2
14.1,11.2,0.00,0.00,56,20.37,59,20.37,0,2.2
14.3,11.2,0.00,0.00,59,20.37,59,20.37,0,2.2
14.0,11.2,0.00,0.00,60,20.37,59,20.37,0,2.2
15.1,11.2,0.00,0.00,66,20.37,57,20.37,0,2.2
14.5,11.2,0.00,0.00,61,20.37,64,20.37,0,2.2
13.3,11.2,0.00,0.00,61,20.37,58,20.37,0,2.2
13.3,11.2,0.00,0.00,63,20.37,62,20.37,0,2.2
17.7,11.2,0.00,0.00,35,20.37,14,20.37,0,2.2
20.7,9.6,0.00,0.00,0,20.37,0,20.37,0,2.2
4.4,9.8,0.00,0.00,0,20.37,0,20.37,0,2.2
4.4,9.9,0.00,0.00,0,20.37,0,20.37,0,2.2
100.0,10.0,0.00,0.00,0,20.37,0,20.37,0,2.2
4.6,10.2,0.00,0.00,0,20.37,0,20.37,0,2.2
4.2,10.2,0.00,0.00,0,20.37,0,20.37,0,2.2
3.7,10.4,0.00,0.00,0,20.37,0,20.37,0,2.2
4.4,10.6,0.00,0.00,0,20.37,0,20.37,0,2.2
4.2,10.6,0.00,0.00,0,20.37,0,20.37,0,2.2
4.8,10.8,0.00,0.00,0,20.37,0,20.37,0,2.2
4.4,10.9,0.00,0.00,0,20.37,0,20.37,0,2.2
25.3,11.0,0.00,0.00,0,20.37,0,20.37,0,2.2
17.2,11.2,0.00,0.00,0,20.37,20,20.37,0,2.2
13.3,11.2,0.00,0.00,16,20.37,77,20.37,0,2.2
12.5,11.2,0.00,0.00,60,20.37,63,20.37,0,2.2
12.7,11.2,0.00,0.00,62,20.37,60,20.37,0,2.2
13.8,11.2,0.00,0.00,57,20.37,68,20.37,0,2.2
12.9,11.2,0.00,0.00,62,20.37,56,20.37,0,2.2
14.0,11.2,0.00,0.00,60,20.37,62,20.37,0,2.2
13.5,11.2,0.00,0.00,58,20.37,62,20.37,0,2.2
13.7,11.2,0.00,0.00,58,20.37,61,20.37,0,2.2
13.4,11.2,0.00,0.00,59,20.37,57,20.37,0,2.2
13.6,11.2,0.00,0.00,59,20.37,64,20.37,0,2.2
14.1,11.2,0.00,0.00,57,20.37,63,20.37,0,2.2
12.9,11.2,0.00,0.00,57,20.37,56,20.37,0,2.2
14.2,11.2,0.00,0.00,61,20.37,58,20.37,0,2.2
14.4,11.2,0.00,0.00,58,20.37,59,20.37,0,2.2
17.3,11.2,0.00,0.00,59,20.37,35,20.37,0,2.2
4.2,9.4,0.00,0.00,0,18.05,0,2.2,0,2.2
2.1,5.4,0.00,0.00,1,2.2,5,2.2,0,2.2
0.0,5.2,0.00,0.00,5,2.2,0,2.2,0,2.2
0.0,5.2,0.00,0.00,0,2.2,0,2.2,0,2.2
0.4,5.2,0.00,0.00,0,2.2,0,2.2,0,2.2
0.4,5.2,0.00,0.00,0,2.2,0,2.2,0,2.2
0.2,5.2,0.00,0.00,0,2.2,0,2.2,0,2.2
0.2,5.2,0.00,0.00,0,2.2,0,2.2,0,2.2
1.0,5.2,0.00,0.00,0,2.2,0,2.2,0,2.2
0.0,5.2,0.00,0.00,0,2.2,0,2.2,0,2.2
87.9,5.3,0.00,0.00,0,2.2,0,2.2,0,2.2
2.5,5.4,0.00,0.00,0,2.2,0,2.2,0,2.2
2.5,5.4,0.00,0.00,0,2.2,0,2.2,0,2.2
6.3,5.6,0.00,0.00,0,2.2,0,2.2,0,2.2
7.1,5.8,0.00,0.00,0,2.2,0,2.2,0,2.2
6.4,5.9,0.00,0.00,0,2.2,0,2.2,0,2.2
0.2,5.9,0.00,0.00,0,2.2,0,2.2,0,2.31
5.4,6.4,0.00,0.00,0,4.64,2,5.83,4,6.59
5.2,8.3,0.00,0.00,4,8.12,4,8.95,4,8.95
6.2,8.8,0.00,0.00,3,8.95,1,8.95,0,8.95
6.6,9.0,0.00,0.00,0,8.95,0,8.95,0,8.95
96.5,9.1,0.00,0.00,0,8.95,0,8.95,0,8.95
6.8,9.4,0.00,0.00,0,8.95,0,8.95,0,8.95
6.6,9.6,0.00,0.00,0,8.95,0,8.95,0,8.95
95.5,9.7,0.00,0.00,0,8.95,0,8.95,0,8.95
10.4,9.9,0.00,0.00,0,8.95,0,8.95,0,8.95
29.3,10.2,0.00,0.00,0,8.95,0,8.95,0,8.95
6.9,10.3,0.00,0.00,0,8.95,0,8.95,0,8.95
6.2,10.4,0.00,0.00,0,8.95,0,8.95,0,8.95
6.3,10.7,0.00,0.00,0,8.95,0,8.95,0,8.95
6.7,10.9,0.00,0.00,0,8.95,0,8.95,0,8.95
6.9,11.0,0.00,0.00,0,8.95,0,9.03,0,8.95
10.4,11.8,0.00,0.00,0,10.91,24,12.22,0,11.65
7.5,13.6,0.00,0.00,2,14.83,4,15.28,3,15.28
19.2,13.9,0.00,0.00,12,15.28,65,15.28,44,15.28
20.0,13.9,0.00,0.00,79,15.28,75,15.28,71,15.28
20.5,13.9,0.00,0.00,71,15.28,79,15.28,76,15.28
20.0,13.9,0.00,0.00,69,15.28,77,15.28,74,15.28
19.6,13.9,0.00,0.00,67,15.28,76,15.28,74,15.28
19.2,13.9,0.00,0.00,70,15.28,78,15.28,77,15.28
20.4,13.9,0.00,0.00,67,15.28,73,15.28,76,15.28
19.4,13.9,0.00,0.00,67,15.28,77,15.28,75,15.28
21.7,13.9,0.00,0.00,66,15.28,78,15.28,71,15.28
19.9,13.9,0.00,0.00,72,15.28,78,15.28,66,15.28
20.0,13.9,0.00,0.00,74,15.28,78,15.28,65,15.28
6.5,13.9,0.00,0.00,75,15.28,74,15.28,49,15.28
6.7,11.5,0.00,0.00,36,15.28,3,15.28,0,15.28
6.3,11.8,0.00,0.00,0,15.28,0,15.28,0,15.28
8.5,11.9,0.00,0.00,0,15.28,0,15.28,0,15.28
6.9,12.1,0.00,0.00,0,15.28,0,15.28,0,15.28
6.5,12.3,0.00,0.00,0,15.28,0,15.28,0,15.28
6.4,12.5,0.00,0.00,0,15.28,0,15.28,0,15.28
6.4,12.6,0.00,0.00,0,15.28,0,15.28,0,15.28
44.1,12.9,0.00,0.00,0,15.28,0,15.28,0,15.28
6.7,13.1,0.00,0.00,0,15.28,0,15.28,0,15.28
6.4,13.2,0.00,0.00,0,15.28,0,15.28,0,15.28
86.2,13.4,0.00,0.00,0,15.28,0,15.28,0,15.28
6.4,13.7,0.00,0.00,0,15.28,0,15.28,0,15.28
12.6,13.8,0.00,0.00,0,15.28,0,15.28,0,15.28
17.0,14.0,0.00,0.00,0,15.28,68,15.28,42,15.28
19.3,14.0,0.00,0.00,68,15.28,78,15.28,73,15.28
21.0,14.0,0.00,0.00,73,15.28,77,15.28,74,15.28
19.4,14.0,0.00,0.00,71,15.28,76,15.28,72,15.28
21.1,14.0,0.00,0.00,71,15.28,75,15.28,72,15.28
20.0,14.0,0.00,0.00,71,15.28,76,15.28,75,15.28
20.8,14.0,0.00,0.00,71,15.28,70,15.28,74,15.28
19.8,14.0,0.00,0.00,69,15.28,74,15.28,71,15.28
19.8,14.0,0.00,0.00,71,15.28,79,15.28,72,15.28
20.7,14.0,0.00,0.00,69,15.28,76,15.28,69,15.28
19.1,14.0,0.00,0.00,74,15.28,78,15.28,73,15.28
21.0,14.0,0.00,0.00,69,15.28,73,15.28,73,15.28
19.1,12.3,0.00,0.00,71,15.28,53,15.28,27,15.28
40.5,11.7,0.00,0.00,14,15.28,0,15.28,0,15.28
6.7,11.9,0.00,0.00,0,15.28,0,15.28,0,15.28
6.7,12.0,0.00,0.00,0,15.28,0,15.28,0,15.28
7.1,12.3,0.00,0.00,0,15.28,0,15.28,0,15.28
6.8,12.5,0.00,0.00,0,15.28,0,15.28,0,15.28
6.4,12.6,0.00,0.00,0,15.28,0,15.28,0,15.28
78.9,12.8,0.00,0.00,0,15.28,0,15.28,0,15.28
6.8,13.0,0.00,0.00,0,15.28,0,15.28,0,15.28
65.6,13.2,0.00,0.00,0,15.28,0,15.28,0,15.28
14.8,13.4,0.00,0.00,0,15.28,0,15.28,0,15.28
6.4,13.6,0.00,0.00,0,15.28,0,15.28,0,15.28
6.2,13.7,0.00,0.00,0,15.28,0,15.28,0,15.28
6.2,13.9,0.00,0.00,0,15.28,39,15.28,0,15.28
18.2,14.0,0.00,0.00,0,15.28,98,15.28,35,15.28
20.4,14.0,0.00,0.00,67,15.28,74,15.28,75,15.28
20.2,14.0,0.00,0.00,72,15.28,77,15.28,73,15.28
19.2,14.0,0.00,0.00,69,15.28,74,15.28,71,15.28
19.4,14.0,0.00,0.00,71,15.28,74,15.28,71,15.28
20.6,14.0,0.00,0.00,72,15.28,74,15.28,73,15.28
20.4,14.0,0.00,0.00,68,15.28,75,15.28,74,15.28
19.8,14.0,0.00,0.00,73,15.28,71,15.28,75,15.28
18.7,14.0,0.00,0.00,68,15.28,70,15.28,78,15.28
19.2,14.0,0.00,0.00,77,15.28,63,15.28,76,15.28
20.3,14.0,0.00,0.00,73,15.28,74,15.28,73,15.28
6.3,14.0,0.00,0.00,70,15.28,71,15.28,45,15.28
6.5,11.5,0.00,0.00,30,15.24,0,12.93,0,12.93
4.4,8.2,0.00,0.00,0,2.2,4,2.2,4,2.2
1.0,5.2,0.00,0.00,4,2.2,0,2.2,0,2.2
0.8,5.2,0.00,0.00,0,2.2,0,2.2,0,2.2
0.6,5.2,0.00,0.00,0,2.2,0,2.2,0,2.2
0.0,5.2,0.00,0.00,0,2.2,0,2.2,0,2.2
0.4,5.2,0.00,0.00,0,2.2,0,2.2,0,2.2
0.0,5.2,0.00,0.00,0,2.2,0,2.2,0,2.2
2.1,5.3,0.00,0.00,0,2.2,0,2.2,0,2.2
2.3,5.4,0.00,0.00,0,2.2,0,2.2,0,2.2
2.5,5.4,0.00,0.00,0,2.2,0,2.2,0,2.2
2.5,5.5,0.00,0.00,0,2.2,0,2.2,0,2.2
25.9,5.6,0.00,0.00,0,2.2,0,2.2,0,2.2
2.5,5.6,0.00,0.00,0,2.29,0,2.2,0,2.2
2.1,6.1,0.00,0.00,3,6.86,0,2.2,0,2.2
2.1,6.5,0.00,0.00,4,8.37,0,2.2,0,2.2
2.5,6.6,0.00,0.00,0,8.37,0,2.2,0,2.2
2.5,6.6,0.00,0.00,0,8.37,0,2.2,0,2.2
2.9,6.7,0.00,0.00,0,8.37,0,2.2,0,2.2
2.7,6.8,0.00,0.00,0,8.37,0,2.2,0,2.2
2.5,6.8,0.00,0.00,0,8.37,0,2.2,0,2.2
56.6,6.9,0.00,0.00,0,8.37,0,2.2,0,2.2
2.5,7.0,0.00,0.00,0,8.37,0,2.2,0,2.2
2.3,7.1,0.00,0.00,0,8.37,0,2.2,0,2.2
39.3,7.2,0.00,0.00,0,8.37,0,2.2,0,2.2
2.7,7.2,0.00,0.00,0,8.37,0,2.2,0,2.2
2.5,7.3,0.00,0.00,0,8.78,0,2.2,0,2.2
2.3,7.8,0.00,0.00,0,11.64,0,2.2,0,2.2
7.7,8.3,0.00,0.00,4,20.9,0,2.2,0,2.2
7.1,8.3,0.00,0.00,33,20.9,0,2.2,0,2.2
6.9,8.3,0.00,0.00,54,20.9,0,2.2,0,2.2
7.9,8.3,0.00,0.00,54,20.9,0,2.2,0,2.2
7.7,8.3,0.00,0.00,55,20.9,0,2.2,0,2.2
7.9,8.3,0.00,0.00,54,20.9,0,2.2,0,2.2
6.7,8.3,0.00,0.00,52,20.9,0,2.2,0,2.2
7.5,8.3,0.00,0.00,52,20.9,0,2.2,0,2.2
6.7,8.3,0.00,0.00,54,20.9,0,2.2,0,2.2
6.9,8.3,0.00,0.00,55,20.9,0,2.2,0,2.2
7.1,8.3,0.00,0.00,52,20.9,0,2.2,0,2.2
6.8,8.3,0.00,0.00,49,20.9,0,2.2,0,2.2
7.5,8.3,0.00,0.00,52,20.9,0,2.2,0,2.2
7.3,8.3,0.00,0.00,55,20.9,0,2.2,0,2.2
7.3,8.3,0.00,0.00,56,20.9,0,2.2,0,2.2
7.5,8.3,0.00,0.00,56,20.9,0,2.2,0,2.2
7.3,8.3,0.00,0.00,54,20.9,0,2.2,0,2.2
8.1,8.3,0.00,0.00,54,20.9,0,2.2,0,2.2
7.3,8.3,0.00,0.00,54,20.9,0,2.2,0,2.2
7.5,8.3,0.00,0.00,54,20.9,0,2.2,0,2.2
7.1,8.3,0.00,0.00,53,20.9,0,2.2,0,2.2
6.3,8.3,0.00,0.00,53,20.9,0,2.2,0,2.2
6.7,8.3,0.00,0.00,45,20.9,0,2.2,0,2.2
7.1,8.3,0.00,0.00,52,20.9,0,2.2,0,2.2
7.3,8.3,0.00,0.00,55,20.9,0,2.2,0,2.2
7.5,8.3,0.00,0.00,53,20.9,0,2.2,0,2.2
7.1,8.3,0.00,0.00,55,20.9,0,2.2,0,2.2
7.1,8.3,0.00,0.00,54,20.9,0,2.2,0,2.2
7.1,8.3,0.00,0.00,52,21.03,0,2.2,0,2.2
9.9,7.4,0.00,0.00,52,21.06,0,2.2,0,2.2
2.9,6.2,0.00,0.00,1,2.2,0,2.2,0,2.2
0.0,5.2,0.00,0.00,6,2.2,0,2.2,0,2.2
0.4,5.2,0.00,0.00,0,2.2,0,2.2,0,2.2
0.2,5.2,0.00,0.00,0,2.2,0,2.2,0,2.2
0.2,5.2,0.00,0.00,0,2.2,0,2.2,0,2.2
0.6,5.2,0.00,0.00,0,2.2,0,2.2,0,2.2
0.4,5.2,0.00,0.00,0,2.2,0,2.2,0,2.2
0.4,5.2,0.00,0.00,0,2.2,0,2.2,0,2.2
2.3,5.3,0.00,0.00,0,2.2,0,2.2,0,2.2
2.1,5.4,0.00,0.00,0,2.2,0,2.2,0,2.2
3.5,5.4,0.00,0.00,0,2.2,0,2.2,0,2.2
6.2,5.7,0.00,0.00,0,2.2,0,2.2,0,2.2
13.9,5.8,0.00,0.00,0,2.2,0,2.2,0,2.2
5.6,5.9,0.00,0.00,0,2.2,0,2.2,0,2.2
4.2,6.0,0.00,0.00,0,2.2,0,2.31,0,4.55
6.6,6.9,0.00,0.00,0,5.69,0,6.56,4,7.2
6.0,8.5,0.00,0.00,4,7.84,5,7.84,2,7.84
93.9,8.9,0.00,0.00,4,7.84,2,7.84,0,7.84
6.2,9.1,0.00,0.00,0,7.84,0,7.84,0,7.84
6.2,9.2,0.00,0.00,0,7.84,0,7.84,0,7.84
5.6,9.4,0.00,0.00,0,7.84,0,7.84,0,7.84
7.0,9.7,0.00,0.00,0,7.84,0,7.84,0,7.84
7.1,9.8,0.00,0.00,0,7.84,0,7.84,0,7.84
6.4,10.0,0.00,0.00,0,7.84,0,7.84,0,7.84
76.2,10.2,0.00,0.00,0,7.84,0,7.84,0,7.84
78.1,10.4,0.00,0.00,0,7.84,0,7.84,0,7.84
6.1,10.6,0.00,0.00,0,7.84,0,7.84,0,7.84
6.5,10.8,0.00,0.00,0,7.84,0,7.84,0,7.84
73.5,11.0,0.00,0.00,0,7.84,0,7.84,0,7.84
54.3,11.2,0.00,0.00,0,8.62,0,9.49,0,10.38
6.4,12.9,0.00,0.00,2,11.71,9,16.06,8,16.47
13.8,13.9,0.00,0.00,9,16.47,15,16.47,23,16.47
12.7,13.9,0.00,0.00,48,16.47,53,16.47,50,16.47
13.9,13.9,0.00,0.00,47,16.47,38,16.47,49,16.47
13.7,13.9,0.00,0.00,49,16.47,43,16.47,53,16.47
14.4,13.9,0.00,0.00,40,16.47,47,16.47,55,16.47
13.7,13.9,0.00,0.00,44,16.47,49,16.47,40,16.47
14.0,13.9,0.00,0.00,48,16.47,52,16.47,53,16.47
14.2,13.9,0.00,0.00,46,16.47,48,16.47,51,16.47
14.0,13.9,0.00,0.00,47,16.47,50,16.47,56,16.47
14.8,14.0,0.00,0.00,51,16.47,54,16.47,49,16.47
14.6,14.0,0.00,0.00,45,16.47,51,16.47,55,16.47
14.3,13.9,0.00,0.00,41,16.47,42,16.47,66,16.47
13.2,13.9,0.00,0.00,46,16.47,40,16.47,65,16.47
13.7,13.9,0.00,0.00,48,16.47,40,16.47,55,16.47
14.1,14.0,0.00,0.00,54,16.47,36,16.47,47,16.47
13.3,14.0,0.00,0.00,61,16.47,51,16.47,37,16.47
13.7,13.9,0.00,0.00,58,16.47,39,16.47,57,16.47
14.8,14.0,0.00,0.00,41,16.47,51,16.47,45,16.47
14.6,14.0,0.00,0.00,47,16.47,47,16.47,42,16.47
14.7,13.9,0.00,0.00,44,16.47,46,16.47,53,16.47
6.3,13.9,0.00,0.00,46,16.47,38,16.47,11,16.47
6.5,11.5,0.00,0.00,17,16.47,8,16.47,0,16.47
6.5,11.8,0.00,0.00,0,16.47,0,16.47,0,16.47
6.5,11.9,0.00,0.00,0,16.47,0,16.47,0,16.47
6.8,12.1,0.00,0.00,0,16.47,0,16.47,0,16.47
56.1,12.3,0.00,0.00,0,16.47,0,16.47,0,16.47
6.6,12.5,0.00,0.00,0,16.47,0,16.47,0,16.47
6.8,12.6,0.00,0.00,0,16.47,0,16.47,0,16.47
6.4,12.9,0.00,0.00,0,16.47,0,16.47,0,16.47
6.3,13.1,0.00,0.00,0,16.47,0,16.47,0,16.47
6.6,13.2,0.00,0.00,0,16.47,0,16.47,0,16.47
94.3,13.4,0.00,0.00,0,16.47,0,16.47,0,16.47
7.2,13.6,0.00,0.00,0,16.47,0,16.47,0,16.47
6.9,13.8,0.00,0.00,0,16.47,0,16.47,0,16.47
6.5,13.9,0.00,0.00,0,16.47,0,16.47,64,16.47
13.5,14.0,0.00,0.00,36,16.47,35,16.47,79,16.47
13.7,14.0,0.00,0.00,42,16.47,38,16.47,70,16.47
13.5,14.0,0.00,0.00,40,16.47,42,16.47,71,16.47
14.1,14.0,0.00,0.00,37,16.47,50,16.47,62,16.47
12.9,14.0,0.00,0.00,39,16.47,51,16.47,69,16.47
14.2,14.0,0.00,0.00,41,16.47,36,16.47,65,16.47
14.2,14.0,0.00,0.00,47,16.47,44,16.47,56,16.47
13.6,14.0,0.00,0.00,49,16.47,37,16.47,53,16.47
14.6,14.0,0.00,0.00,41,16.47,45,16.47,58,16.47
13.7,14.0,0.00,0.00,40,16.47,44,16.47,60,16.47
14.7,14.0,0.00,0.00,36,16.47,43,16.47,56,16.47
15.0,14.0,0.00,0.00,40,16.47,41,16.47,67,16.47
14.0,14.0,0.00,0.00,47,16.47,49,16.47,63,16.47
13.9,14.0,0.00,0.00,34,16.47,39,16.47,61,16.47
13.8,14.0,0.00,0.00,42,16.47,57,16.47,65,16.47
13.9,14.0,0.00,0.00,34,16.47,57,16.47,60,16.47
14.8,14.0,0.00,0.00,50,16.47,51,16.47,40,16.47
14.3,14.0,0.00,0.00,49,16.47,46,16.47,46,16.47
13.4,14.0,0.00,0.00,37,16.47,54,16.47,64,16.47
6.7,14.0,0.00,0.00,35,16.47,56,16.47,58,16.47
9.1,11.5,0.00,0.00,13,16.47,5,16.43,5,2.2
4.8,9.3,0.00,0.00,0,15.28,0,14.21,4,2.2
4.1,5.4,0.00,0.00,1,2.2,1,2.2,0,2.2
0.0,5.2,0.00,0.00,4,2.2,4,2.2,0,2.2
0.2,5.2,0.00,0.00,0,2.2,0,2.2,0,2.2
0.2,5.2,0.00,0.00,0,2.2,0,2.2,0,2.2
0.4,5.2,0.00,0.00,0,2.2,0,2.2,0,2.2
4.4,5.3,0.00,0.00,0,2.2,0,2.2,0,2.2
4.2,5.5,0.00,0.00,0,2.2,0,2.2,0,2.2
4.4,5.5,0.00,0.00,0,2.2,0,2.2,0,2.2
6.8,5.7,0.00,0.00,0,2.2,0,2.2,0,2.2
6.4,6.0,0.00,0.00,0,2.2,0,2.2,0,2.2
6.2,6.1,0.00,0.00,0,2.2,0,2.2,0,2.2
2.5,6.2,0.00,0.00,0,2.2,0,2.2,2,5.97
6.4,6.9,0.00,0.00,0,3.88,0,5.03,3,8.37
6.7,8.4,0.00,0.00,3,7.53,5,7.91,1,8.37
6.5,9.0,0.00,0.00,3,8.95,2,8.95,0,8.37
48.2,9.2,0.00,0.00,0,8.95,0,8.95,0,8.37
48.3,9.3,0.00,0.00,0,8.95,0,8.95,0,8.37
19.9,9.5,0.00,0.00,0,8.95,0,8.95,0,8.37
7.0,9.8,0.00,0.00,0,8.95,0,8.95,0,8.37
11.1,9.9,0.00,0.00,0,8.95,0,8.95,0,8.37
6.3,10.1,0.00,0.00,0,8.95,0,8.95,0,8.37
35.8,10.3,0.00,0.00,0,8.95,0,8.95,0,8.37
6.2,10.5,0.00,0.00,0,8.95,0,8.95,0,8.37
27.8,10.7,0.00,0.00,0,8.95,0,8.95,0,8.37
82.8,10.9,0.00,0.00,0,8.95,0,8.95,0,8.37
6.4,11.1,0.00,0.00,0,8.95,0,8.95,1,9.75
6.7,11.6,0.00,0.00,0,8.95,0,8.97,4,16.45
6.7,12.8,0.00,0.00,0,10.84,0,12.1,26,17.0
10.8,14.0,0.00,0.00,1,15.28,39,15.28,38,17.0
18.7,14.1,0.00,0.00,63,15.28,70,15.28,33,17.0
18.3,14.1,0.00,0.00,74,15.28,67,15.28,34,17.0
19.0,14.1,0.00,0.00,74,15.28,68,15.28,36,17.0
19.0,14.1,0.00,0.00,75,15.28,67,15.28,34,17.0
18.2,14.1,0.00,0.00,71,15.28,67,15.28,38,17.0
18.8,14.1,0.00,0.00,68,15.28,71,15.28,38,17.0
18.7,14.1,0.00,0.00,68,15.28,71,15.28,37,17.0
19.0,14.1,0.00,0.00,72,15.28,67,15.28,37,17.0
18.7,14.1,0.00,0.00,72,15.28,68,15.28,37,17.0
18.6,14.1,0.00,0.00,67,15.28,73,15.28,36,17.0
17.9,14.1,0.00,0.00,68,15.28,73,15.28,36,17.0
18.1,14.1,0.00,0.00,67,15.28,68,15.28,38,17.0
18.9,14.1,0.00,0.00,75,15.28,69,15.28,37,17.0
19.2,14.1,0.00,0.00,72,15.28,65,15.28,36,17.0
17.7,14.1,0.00,0.00,69,15.28,70,15.28,36,17.0
19.6,14.1,0.00,0.00,70,15.28,71,15.28,36,17.0
22.0,14.1,0.00,0.00,70,15.31,66,15.31,36,17.0
9.4,12.5,0.00,0.00,50,15.31,0,15.31,36,17.0
9.4,12.7,0.00,0.00,0,15.31,0,15.31,39,17.0
24.7,12.8,0.00,0.00,0,15.31,0,15.31,36,17.0
17.8,12.9,0.00,0.00,0,15.31,0,15.31,33,17.0
9.5,13.0,0.00,0.00,0,15.31,0,15.31,34,17.0
9.2,13.1,0.00,0.00,0,15.31,0,15.31,37,17.0
8.6,13.2,0.00,0.00,0,15.31,0,15.31,38,17.0
9.0,13.4,0.00,0.00,0,15.31,0,15.31,35,17.0
9.6,13.5,0.00,0.00,0,15.31,0,15.31,40,17.0
36.2,13.6,0.00,0.00,0,15.31,0,15.31,31,17.0
9.5,13.7,0.00,0.00,0,15.31,0,15.31,37,17.0
9.1,13.9,0.00,0.00,0,15.31,0,15.31,32,17.0
27.0,14.0,0.00,0.00,0,15.31,0,15.31,36,17.0
14.2,14.1,0.00,0.00,0,15.31,0,15.31,38,17.0
18.3,14.1,0.00,0.00,10,15.31,74,15.31,35,17.0
18.3,14.1,0.00,0.00,71,15.31,72,15.31,36,17.0
18.4,14.1,0.00,0.00,70,15.31,76,15.31,36,17.0
17.7,14.1,0.00,0.00,69,15.31,75,15.31,37,17.0
17.9,14.1,0.00,0.00,67,15.31,73,15.31,34,17.0
18.8,14.1,0.00,0.00,70,15.31,71,15.31,38,17.0
17.6,14.1,0.00,0.00,67,15.31,73,15.31,37,17.0
17.9,14.1,0.00,0.00,69,15.31,73,15.31,36,17.0
18.2,14.1,0.00,0.00,66,15.31,72,15.31,36,17.0
18.4,14.1,0.00,0.00,70,15.31,72,15.31,37,17.0
18.9,14.1,0.00,0.00,64,15.31,74,15.31,37,17.0
18.8,14.1,0.00,0.00,68,15.31,75,15.31,35,17.0
19.2,14.1,0.00,0.00,67,15.31,73,15.31,38,17.0
18.3,14.1,0.00,0.00,68,15.31,75,15.31,36,17.0
19.0,14.1,0.00,0.00,66,15.31,74,15.31,35,17.0
17.9,14.1,0.00,0.00,68,15.31,74,15.31,36,17.0
23.0,14.1,0.00,0.00,69,15.31,49,15.31,38,17.0
9.6,12.3,0.00,0.00,5,13.0,0,2.2,37,17.0
7.1,8.4,0.00,0.00,1,2.2,4,2.2,41,17.0
5.0,8.2,0.00,0.00,3,2.2,0,2.2,40,17.0
4.6,8.2,0.00,0.00,0,2.2,0,2.2,35,17.0
871.13