3.6,8.2,0.00,0.00,0,2.95,0,2.95,0,2.95,0,2.95
2.3,8.2,0.00,0.00,0,2.95,0,2.95,0,2.95,0,2.95
0.2,8.2,0.00,0.00,0,2.95,0,2.95,0,2.95,0,2.95
0.4,8.2,0.00,0.00,0,2.95,0,2.95,0,2.95,0,2.95
4.9,8.2,0.00,0.00,0,2.95,0,2.95,0,2.95,0,2.95
3.4,8.2,0.00,0.00,0,2.95,0,2.95,0,2.95,0,2.95
5.6,8.3,0.00,0.00,0,2.95,0,2.95,0,2.95,0,2.95
2.3,8.5,0.00,0.00,0,2.95,0,2.95,0,2.95,0,2.95
6.3,9.1,0.00,0.00,0,2.95,0,2.95,0,2.95,0,2.95
8.8,9.6,0.00,0.00,0,2.95,0,2.95,0,2.95,0,2.95
4.9,9.7,0.00,0.00,0,2.95,0,2.95,0,2.95,0,2.95
9.3,10.5,0.00,0.00,0,2.95,0,2.95,0,2.95,0,2.95
11.0,12.8,0.00,0.00,0,3.07,0,5.35,1,6.7,0,2.95
11.9,17.3,0.00,0.00,2,15.9,5,16.24,8,28.94,0,2.95
88.1,16.8,0.00,0.00,11,28.94,2,28.94,0,28.94,0,2.95
12.8,17.6,0.00,0.00,0,28.94,0,28.94,0,28.94,0,2.95
10.6,18.2,0.00,0.00,0,28.94,0,28.94,0,28.94,2,14.35
12.3,22.0,0.00,0.00,0,28.94,0,28.94,0,28.94,4,19.7
9.1,23.0,0.00,0.00,0,28.94,0,28.94,0,28.94,0,19.7
8.5,23.9,0.00,0.00,0,28.94,0,28.94,0,28.94,0,19.7
10.9,24.7,0.00,0.00,0,28.94,0,28.94,0,28.94,0,19.7
10.0,25.5,0.00,0.00,0,28.94,0,28.94,0,28.94,0,19.7
27.0,26.2,0.00,0.00,0,29.7,0,29.7,0,31.89,0,19.7
12.7,31.3,0.00,0.00,4,57.04,3,66.63,20,66.63,0,19.7
13.1,32.6,0.00,0.00,100,66.63,99,66.63,100,66.63,0,19.7
14.4,33.2,0.00,0.00,100,66.63,100,66.63,100,66.63,0,20.33
22.9,33.9,0.00,0.00,100,66.63,100,66.63,100,66.63,6,27.78
18.3,35.8,0.00,0.00,100,66.63,100,66.63,100,66.63,11,33.92
19.9,37.3,0.00,0.00,100,66.63,100,66.63,100,66.63,12,38.51
21.4,38.9,0.00,0.00,100,66.63,100,66.63,100,66.63,88,49.97
25.7,40.6,0.00,0.00,100,66.63,100,66.63,100,66.63,83,65.23
28.7,40.4,0.00,0.00,100,66.63,100,66.63,100,66.63,78,65.23
18.7,40.8,0.00,0.00,100,66.63,100,66.63,100,66.63,20,65.23
17.5,41.0,0.00,0.00,100,66.63,100,66.63,100,66.63,20,65.23
62.2,41.5,0.00,0.00,100,66.63,100,66.63,100,66.63,20,65.23
95.2,41.7,0.00,0.00,100,66.63,100,66.63,100,66.63,11,65.23
31.4,42.1,0.00,0.00,100,66.63,100,66.63,100,66.63,78,65.23
19.2,42.3,0.00,0.00,100,66.63,100,66.63,100,66.63,85,65.23
21.2,42.4,0.00,0.00,100,66.63,100,66.63,100,66.63,87,69.58
17.1,44.2,0.00,0.00,100,66.63,100,66.63,100,66.63,26,77.1
58.9,44.7,0.00,0.00,100,66.63,100,66.63,100,66.63,26,77.1
16.7,44.9,0.00,0.00,100,66.63,100,66.63,100,66.63,36,77.1
18.8,45.0,0.00,0.00,99,66.63,100,66.63,100,66.63,29,77.1
27.2,45.2,0.00,0.00,100,66.63,100,66.63,100,66.63,59,77.1
20.8,45.4,0.00,0.00,100,66.63,100,66.63,100,66.63,38,77.1
18.7,45.5,0.00,0.00,100,66.63,100,66.63,100,66.63,34,77.1
19.0,45.7,0.00,0.00,100,66.63,100,66.63,100,66.63,28,77.1
22.1,45.9,0.00,0.00,100,66.63,100,66.63,100,66.63,39,77.1
19.8,46.0,0.00,0.00,100,66.63,100,66.63,100,66.63,29,77.1
19.0,46.2,0.00,0.00,100,66.63,100,66.63,100,66.63,36,77.1
15.1,46.2,0.00,0.00,100,66.63,100,66.63,100,66.63,39,77.1
17.4,46.1,0.00,0.00,100,66.63,100,66.63,100,66.63,38,77.1
25.2,46.1,0.00,0.00,100,66.63,100,66.63,100,66.63,97,77.1
21.0,46.1,0.00,0.00,100,66.63,100,66.63,100,66.63,96,77.1
20.1,46.1,0.00,0.00,100,66.63,100,66.63,100,66.63,88,77.1
15.4,46.1,0.00,0.00,100,66.63,100,66.63,100,66.63,30,77.1
15.9,46.1,0.00,0.00,100,66.63,100,66.63,100,66.63,30,77.1
18.1,46.1,0.00,0.00,100,66.63,100,66.63,100,66.63,31,77.1
17.3,46.1,0.00,0.00,100,66.63,100,66.63,100,66.63,30,77.12
24.4,45.0,0.00,0.00,100,66.63,100,66.63,100,66.63,45,81.9
19.8,46.2,0.00,0.00,100,66.63,100,66.63,100,66.63,69,88.98
23.0,46.6,0.00,0.00,100,66.63,100,66.63,100,66.63,64,88.98
18.5,46.9,0.00,0.00,100,66.63,100,66.63,100,66.63,36,88.98
81.2,47.0,0.00,0.00,100,66.63,100,66.63,100,66.63,32,88.98
18.2,47.1,0.00,0.00,100,66.63,100,66.63,100,66.63,32,88.98
17.9,47.3,0.00,0.00,100,66.63,100,66.63,100,66.63,36,88.98
23.5,47.4,0.00,0.00,100,66.63,100,66.63,100,66.63,73,88.98
22.8,47.6,0.00,0.00,100,66.63,100,66.63,100,66.63,71,88.98
21.9,47.8,0.00,0.00,100,66.63,100,66.63,100,66.63,75,88.98
17.2,48.0,0.00,0.00,100,66.63,100,66.63,100,66.63,37,88.98
16.6,48.0,0.00,0.00,100,71.13,100,71.13,48,71.13,42,88.98
15.2,43.3,0.00,0.00,20,71.13,0,71.13,0,71.13,38,88.98
13.8,43.8,0.00,0.00,0,71.13,0,71.13,0,71.13,72,88.98
16.5,44.2,0.00,0.00,0,71.13,0,71.13,0,71.13,71,88.98
16.0,44.9,0.00,0.00,0,71.13,0,71.13,0,71.13,69,88.98
17.6,45.4,0.00,0.00,0,71.13,0,71.13,0,71.13,59,88.98
17.1,46.1,0.00,0.00,0,71.13,0,71.13,0,71.13,38,88.98
14.7,46.5,0.00,0.00,0,71.13,0,71.13,0,71.13,42,88.98
50.1,47.2,0.00,0.00,0,71.13,0,71.13,0,71.13,51,88.98
39.3,47.6,0.00,0.00,0,71.13,0,71.13,0,71.13,73,88.98
19.8,47.9,0.00,0.00,71,71.13,100,71.13,100,71.13,74,88.98
20.4,47.9,0.00,0.00,100,71.13,100,71.13,100,71.13,75,88.98
20.3,48.0,0.00,0.00,100,71.13,100,71.13,100,71.13,33,88.98
17.5,48.0,0.00,0.00,100,71.13,100,71.13,100,71.13,38,88.98
18.2,48.0,0.00,0.00,100,71.13,100,71.13,100,71.13,34,88.98
18.6,48.0,0.00,0.00,100,71.13,100,71.13,100,71.13,50,88.98
17.2,47.9,0.00,0.00,100,71.13,100,71.13,100,71.13,76,88.98
17.7,47.9,0.00,0.00,100,71.13,100,71.13,100,71.13,75,88.98
20.5,47.9,0.00,0.00,100,71.13,100,71.13,100,71.13,44,88.98
17.9,48.0,0.00,0.00,100,71.13,100,71.13,100,71.13,34,88.98
20.2,47.9,0.00,0.00,100,71.13,100,71.13,100,71.13,37,88.98
18.5,47.9,0.00,0.00,100,71.13,100,71.13,100,71.13,38,88.98
18.5,47.9,0.00,0.00,100,71.13,100,71.13,100,71.13,32,89.5
15.8,46.6,0.00,0.00,100,71.13,100,71.13,100,71.13,39,99.56
24.0,48.2,0.00,0.00,100,71.13,100,71.13,100,71.13,38,99.17
17.9,46.7,0.00,0.00,100,71.13,100,71.13,100,71.13,28,62.34
18.0,42.8,0.00,0.00,100,71.13,100,71.13,100,71.13,22,62.34
17.1,42.9,0.00,0.00,100,71.13,100,71.13,100,71.13,23,62.34
17.1,43.1,0.00,0.00,100,71.13,100,71.13,100,71.13,23,62.34
61.5,43.2,0.00,0.00,100,71.13,100,71.13,100,71.13,42,62.34
15.3,43.4,0.00,0.00,100,71.13,100,71.13,100,71.13,41,62.34
17.2,43.6,0.00,0.00,100,71.13,100,71.13,100,71.13,45,62.34
16.2,43.8,0.00,0.00,100,71.13,100,71.13,100,71.13,19,62.34
17.8,43.8,0.00,0.00,100,71.13,100,71.13,100,71.13,25,62.34
16.9,43.8,0.00,0.00,100,71.13,100,71.13,100,71.13,25,62.34
16.7,43.8,0.00,0.00,100,71.13,100,71.13,100,71.13,44,62.34
18.1,43.8,0.00,0.00,100,71.13,100,71.13,100,71.13,43,62.34
13.4,43.8,0.00,0.00,100,71.13,100,71.13,100,71.13,43,62.34
12.1,43.7,0.00,0.00,100,71.13,100,71.13,100,71.13,15,62.41
15.4,42.2,0.00,0.00,100,71.13,100,71.13,100,71.13,20,62.41
16.2,42.4,0.00,0.00,100,71.13,100,71.13,100,71.13,20,62.41
16.2,42.5,0.00,0.00,99,71.13,100,71.13,100,71.13,20,62.41
23.1,42.7,0.00,0.00,99,71.13,100,71.13,100,71.13,89,62.41
21.7,42.9,0.00,0.00,100,71.13,100,71.13,100,71.13,88,62.41
99.8,43.1,0.00,0.00,99,71.13,100,71.13,100,71.13,85,62.41
15.7,43.3,0.00,0.00,100,71.13,100,71.13,100,71.13,10,62.41
15.2,43.4,0.00,0.00,100,71.13,100,71.13,100,71.13,10,62.41
16.9,43.7,0.00,0.00,100,71.13,100,71.13,100,71.13,10,62.41
19.7,43.7,0.00,0.00,100,71.13,100,71.13,100,71.13,18,62.41
18.5,43.8,0.00,0.00,100,71.13,100,71.13,100,71.13,89,62.41
18.4,43.8,0.00,0.00,100,71.13,100,71.13,100,71.13,90,62.41
17.3,43.8,0.00,0.00,100,71.13,100,71.13,100,71.13,31,62.41
15.5,43.8,0.00,0.00,100,71.13,100,71.13,100,71.13,17,62.41
14.5,43.8,0.00,0.00,100,71.13,100,71.13,100,71.13,16,62.41
13.8,43.8,0.00,0.00,100,71.13,100,71.13,100,71.13,11,62.41
15.1,43.8,0.00,0.00,99,71.13,100,71.13,100,71.13,42,62.41
34.9,43.8,0.00,0.00,100,71.13,92,71.13,12,71.13,90,62.41
95.6,39.2,0.00,0.00,1,71.13,0,71.13,0,71.13,91,62.41
92.5,39.7,0.00,0.00,0,71.13,0,71.13,0,71.13,15,62.41
13.1,40.5,0.00,0.00,0,71.13,0,71.13,0,71.13,20,62.41
56.1,40.9,0.00,0.00,0,71.13,0,71.13,0,71.13,16,62.41
12.5,41.6,0.00,0.00,0,71.13,0,71.13,0,71.13,35,62.41
