4.0,7.4,0.00,0.00,0,2.95,0,2.95,0,2.95,0,2.95
4.4,7.4,0.00,0.00,0,2.95,0,2.95,0,2.95,0,2.95
2.5,7.4,0.00,0.00,0,2.95,0,2.95,0,2.95,0,2.95
1.7,7.4,0.00,0.00,0,2.95,0,2.95,0,2.95,0,2.95
3.6,7.4,0.00,0.00,0,2.95,0,2.95,0,2.95,0,2.95
3.2,7.4,0.00,0.00,0,2.95,0,2.95,0,2.95,0,2.95
0.6,7.4,0.00,0.00,0,2.95,0,2.95,0,2.95,0,2.95
0.2,7.4,0.00,0.00,0,2.95,0,2.95,0,2.95,0,2.95
0.2,7.4,0.00,0.00,0,2.95,0,2.95,0,2.95,0,2.95
2.8,7.4,0.00,0.00,0,2.95,0,2.95,0,2.95,0,2.95
3.8,7.4,0.00,0.00,0,2.95,0,2.95,0,2.95,0,2.95
0.2,7.4,0.00,0.00,0,2.95,0,2.95,0,2.95,0,2.95
0.4,7.4,0.00,0.00,0,2.95,0,2.95,0,2.95,0,2.95
0.4,7.4,0.00,0.00,0,2.95,0,2.95,0,2.95,0,2.95
3.2,7.4,0.00,0.00,0,2.95,0,2.95,0,2.95,0,2.95
3.4,7.4,0.00,0.00,0,2.95,0,2.95,0,2.95,0,2.95
0.6,7.4,0.00,0.00,0,2.95,0,2.95,0,2.95,0,2.95
0.0,7.4,0.00,0.00,0,2.95,0,2.95,0,2.95,0,2.95
0.4,7.4,0.00,0.00,0,2.95,0,2.95,0,2.95,0,2.95
3.0,7.4,0.00,0.00,0,2.95,0,2.95,0,2.95,0,2.95
3.4,7.4,0.00,0.00,0,2.95,0,2.95,0,2.95,0,2.95
0.2,7.4,0.00,0.00,0,2.95,0,2.95,0,2.95,0,2.95
0.2,7.4,0.00,0.00,0,2.95,0,2.95,0,2.95,0,2.95
0.2,7.4,0.00,0.00,0,2.95,0,2.95,0,2.95,0,2.95
3.4,7.4,0.00,0.00,0,2.95,0,2.95,0,2.95,0,2.95
3.4,7.4,0.00,0.00,0,2.95,0,2.95,0,2.95,0,2.95
0.8,7.4,0.00,0.00,0,2.95,0,2.95,0,2.95,0,2.95
2.3,7.4,0.00,0.00,0,2.95,0,2.95,0,2.95,0,2.95
0.4,7.4,0.00,0.00,0,2.95,0,2.95,0,2.95,0,2.95
3.4,7.5,0.00,0.00,0,2.95,0,2.95,0,2.95,0,2.95
3.2,7.5,0.00,0.00,0,2.95,0,2.95,0,2.95,0,2.95
0.4,7.4,0.00,0.00,0,2.95,0,2.95,0,2.95,0,2.95
0.2,7.4,0.00,0.00,0,2.95,0,2.95,0,2.95,0,2.95
0.2,7.4,0.00,0.00,0,2.95,0,2.95,0,2.95,0,2.95
3.0,7.5,0.00,0.00,0,2.95,0,2.95,0,2.95,0,2.95
3.4,7.5,0.00,0.00,0,2.95,0,2.95,0,2.95,0,2.95
0.8,7.4,0.00,0.00,0,2.95,0,2.95,0,2.95,0,2.95
0.2,7.4,0.00,0.00,0,2.95,0,2.95,0,2.95,0,2.95
0.4,7.4,0.00,0.00,0,2.95,0,2.95,0,2.95,0,2.95
3.4,7.5,0.00,0.00,0,2.95,0,2.95,0,2.95,0,2.95
3.8,7.5,0.00,0.00,0,2.95,0,2.95,0,2.95,0,2.95
2.3,7.4,0.00,0.00,0,2.95,0,2.95,0,2.95,0,2.95
0.2,7.5,0.00,0.00,0,2.95,0,2.95,0,2.95,0,2.95
0.4,7.5,0.00,0.00,0,2.95,0,2.95,0,2.95,0,2.95
5.0,7.5,0.00,0.00,0,2.95,0,2.95,0,2.95,0,2.95
2.9,7.5,0.00,0.00,0,2.95,0,2.95,0,2.95,0,2.95
3.1,7.5,0.00,0.00,0,2.95,0,2.95,0,2.95,0,2.95
