1.3,5.2,0.00,0.00,0,2.2,0,2.2,1,2.2
1.0,5.2,0.00,0.00,0,2.2,0,2.2,0,2.2
2.1,5.2,0.00,0.00,0,2.2,0,2.2,0,2.2
1.0,5.2,0.00,0.00,0,2.2,0,2.2,0,2.2
0.6,5.2,0.00,0.00,0,2.2,0,2.2,0,2.2
0.8,5.2,0.00,0.00,0,2.2,0,2.2,0,2.2
0.0,5.2,0.00,0.00,0,2.2,0,2.2,0,2.2
0.6,5.2,0.00,0.00,0,2.2,0,2.2,0,2.2
0.4,5.2,0.00,0.00,0,2.2,0,2.2,0,2.2
0.6,5.2,0.00,0.00,0,2.2,0,2.2,0,2.2
5.2,5.3,0.00,0.00,0,2.2,0,2.2,0,2.2
5.0,5.4,0.00,0.00,0,2.2,0,2.2,0,2.2
4.4,5.5,0.00,0.00,0,2.2,0,2.2,0,2.2
3.7,5.7,0.00,0.00,0,2.2,0,2.2,0,2.2
4.4,5.8,0.00,0.00,0,2.2,0,2.2,0,2.2
4.0,5.9,0.00,0.00,0,2.2,0,2.2,0,2.2
4.2,6.2,0.00,0.00,0,3.79,2,5.39,0,2.2
4.4,7.3,0.00,0.00,3,6.88,4,9.1,0,2.2
4.2,7.8,0.00,0.00,4,9.98,1,9.1,0,2.2
4.6,8.0,0.00,0.00,0,9.98,0,9.1,0,2.2
3.7,8.0,0.00,0.00,0,9.98,0,9.1,0,2.2
4.4,8.2,0.00,0.00,0,9.98,0,9.1,0,2.2
4.6,8.3,0.00,0.00,0,9.98,0,9.1,0,2.2
79.1,8.4,0.00,0.00,0,9.98,0,9.1,0,2.2
13.7,8.5,0.00,0.00,0,9.98,0,9.1,0,2.2
4.6,8.7,0.00,0.00,0,9.98,0,9.1,0,2.2
4.4,8.8,0.00,0.00,0,9.98,0,9.1,0,2.2
4.4,8.9,0.00,0.00,0,9.98,0,9.1,0,2.2
4.4,9.1,0.00,0.00,0,9.98,0,9.1,0,2.2
4.6,9.2,0.00,0.00,0,9.98,0,9.1,0,2.2
4.4,9.3,0.00,0.00,0,9.98,0,9.29,0,2.2
4.6,9.9,0.00,0.00,0,12.19,0,12.15,0,2.2
4.8,11.1,0.00,0.00,2,24.31,3,15.76,0,2.2
12.3,11.3,0.00,0.00,9,24.31,36,15.76,0,2.2
11.3,11.3,0.00,0.00,90,24.31,57,15.76,0,2.2
11.7,11.3,0.00,0.00,87,24.31,47,15.76,0,2.2
12.5,11.3,0.00,0.00,82,24.31,53,15.76,0,2.2
12.9,11.3,0.00,0.00,86,24.31,52,15.76,0,2.2
13.8,11.3,0.00,0.00,90,24.31,54,15.76,0,2.2
12.9,11.3,0.00,0.00,90,24.31,57,15.76,0,2.2
13.2,11.3,0.00,0.00,90,24.31,61,15.76,0,2.2
12.7,11.3,0.00,0.00,89,24.31,55,15.76,0,2.2
12.8,11.3,0.00,0.00,90,24.31,52,15.76,0,2.2
13.0,11.3,0.00,0.00,86,24.31,54,15.76,0,2.2
12.5,11.3,0.00,0.00,84,24.31,54,15.76,0,2.2
12.9,11.3,0.00,0.00,90,24.31,54,15.76,0,2.2
12.3,11.3,0.00,0.00,89,24.31,51,15.76,0,2.2
13.3,11.3,0.00,0.00,88,24.31,54,15.76,0,2.2
12.5,11.3,0.00,0.00,89,24.31,55,15.76,0,2.2
13.5,11.3,0.00,0.00,89,24.31,56,15.76,0,2.2
14.2,11.3,0.00,0.00,90,24.31,56,15.76,0,2.2
13.6,11.3,0.00,0.00,91,24.31,54,15.76,0,2.2
12.5,11.3,0.00,0.00,91,24.31,55,15.76,0,2.2
12.5,11.3,0.00,0.00,92,24.31,56,15.76,0,2.2
12.3,11.3,0.00,0.00,89,24.31,52,15.76,0,2.2
12.9,11.3,0.00,0.00,87,24.31,53,15.76,0,2.2
12.9,11.3,0.00,0.00,85,24.31,52,15.76,0,2.2
12.1,11.3,0.00,0.00,90,24.31,50,15.76,0,2.2
12.5,11.3,0.00,0.00,89,24.31,52,15.76,0,2.2
13.1,11.3,0.00,0.00,87,24.31,51,15.76,0,2.2
13.0,11.3,0.00,0.00,89,24.31,53,15.76,0,2.2
13.1,11.3,0.00,0.00,88,24.31,55,15.76,0,2.2
12.3,11.3,0.00,0.00,88,24.31,58,15.76,0,2.2
14.3,11.3,0.00,0.00,89,24.31,40,15.77,0,2.2
7.1,10.5,0.00,0.00,92,24.31,0,15.77,0,2.2
7.3,10.6,0.00,0.00,93,24.31,0,15.77,0,2.2
65.6,10.6,0.00,0.00,92,24.31,0,15.77,0,2.2
7.3,10.7,0.00,0.00,94,24.31,0,15.77,0,2.2
7.1,10.7,0.00,0.00,92,24.31,0,15.77,0,2.2
7.5,10.8,0.00,0.00,95,24.31,0,15.77,0,2.2
7.5,10.8,0.00,0.00,90,24.31,0,15.77,0,2.2
27.7,10.9,0.00,0.00,93,24.31,0,15.77,0,2.2
7.1,11.0,0.00,0.00,93,24.31,0,15.77,0,2.2
7.5,11.0,0.00,0.00,93,24.31,0,15.77,0,2.2
7.5,11.1,0.00,0.00,95,24.31,0,15.77,0,2.2
4.8,11.2,0.00,0.00,89,24.51,0,15.77,0,2.2
4.8,10.4,0.00,0.00,27,23.46,0,15.77,0,2.2
10.2,8.4,0.00,0.00,1,2.2,0,15.77,0,2.2
6.9,8.2,0.00,0.00,6,2.2,40,15.77,0,2.2
6.3,8.2,0.00,0.00,0,2.2,61,15.77,0,2.2
7.5,8.2,0.00,0.00,0,2.2,58,15.77,0,2.2
7.9,8.2,0.00,0.00,0,2.2,55,15.77,0,2.2
8.1,8.2,0.00,0.00,0,2.2,56,15.77,0,2.2
7.9,8.2,0.00,0.00,0,2.2,57,15.77,0,2.2
6.9,8.2,0.00,0.00,0,2.2,55,15.77,0,2.2
6.7,8.2,0.00,0.00,0,2.2,51,15.77,0,2.2
7.5,8.2,0.00,0.00,0,2.2,55,15.77,0,2.2
7.7,8.2,0.00,0.00,0,2.2,55,15.77,0,2.2
7.7,8.2,0.00,0.00,0,2.2,54,15.77,0,2.2
6.9,8.2,0.00,0.00,0,2.2,53,15.77,0,2.2
7.3,8.2,0.00,0.00,0,2.2,54,15.77,0,2.2
7.3,8.2,0.00,0.00,0,2.2,55,15.77,0,2.2
6.9,8.2,0.00,0.00,0,2.2,54,15.77,0,2.2
7.3,8.2,0.00,0.00,0,2.2,56,15.77,0,2.2
7.5,8.2,0.00,0.00,0,2.2,55,15.77,0,2.2
7.9,8.2,0.00,0.00,0,2.2,55,15.77,0,2.2
7.3,8.2,0.00,0.00,0,2.2,53,15.77,0,2.2
8.1,8.2,0.00,0.00,0,2.2,54,15.77,0,2.2
7.3,8.2,0.00,0.00,0,2.2,55,15.77,0,2.2
6.5,8.2,0.00,0.00,0,2.2,56,15.77,0,2.2
7.1,8.2,0.00,0.00,0,2.2,55,15.77,0,2.2
6.7,8.2,0.00,0.00,0,2.2,56,15.77,0,2.2
8.1,8.2,0.00,0.00,0,2.2,55,15.77,0,2.2
7.9,8.2,0.00,0.00,0,2.2,57,15.77,0,2.2
6.9,8.2,0.00,0.00,0,2.2,56,15.77,0,2.2
7.9,8.2,0.00,0.00,0,2.2,52,15.77,0,2.2
7.1,8.2,0.00,0.00,0,2.2,63,15.77,0,2.2
6.9,8.2,0.00,0.00,0,2.2,56,15.77,0,2.2
8.0,7.8,0.00,0.00,0,2.2,41,15.77,0,2.2
2.7,7.5,0.00,0.00,0,2.2,0,15.77,0,2.2
2.7,7.5,0.00,0.00,0,2.2,0,15.77,0,2.2
2.7,7.6,0.00,0.00,0,2.2,0,15.77,0,2.2
2.5,7.7,0.00,0.00,0,2.2,0,15.77,0,2.2
2.3,7.7,0.00,0.00,0,2.2,0,15.77,0,2.2
2.3,7.8,0.00,0.00,0,2.2,0,15.77,0,2.2
57.1,7.9,0.00,0.00,0,2.2,0,15.77,0,2.2
2.3,7.9,0.00,0.00,0,2.2,0,15.77,0,2.2
2.3,8.0,0.00,0.00,0,2.2,0,15.77,0,2.2
93.5,8.1,0.00,0.00,0,2.2,0,15.77,0,2.2
2.3,8.1,0.00,0.00,0,2.2,0,15.77,0,2.2
2.3,8.2,0.00,0.00,0,2.2,0,15.77,0,2.2
7.3,8.2,0.00,0.00,0,2.2,40,15.77,0,2.2
6.9,8.2,0.00,0.00,0,2.2,59,15.77,0,2.2
7.5,8.2,0.00,0.00,0,2.2,58,15.77,0,2.2
7.5,8.2,0.00,0.00,0,2.2,59,15.77,0,2.2
7.5,8.2,0.00,0.00,0,2.2,55,15.77,0,2.2
7.1,8.2,0.00,0.00,0,2.2,57,15.77,0,2.2
7.1,8.2,0.00,0.00,0,2.2,57,15.77,0,2.2
7.3,8.2,0.00,0.00,0,2.2,56,15.77,0,2.2
7.1,8.2,0.00,0.00,0,2.2,56,15.77,0,2.2
7.9,8.2,0.00,0.00,0,2.2,56,15.77,0,2.2
7.3,8.2,0.00,0.00,0,2.2,57,15.77,0,2.2
7.5,8.2,0.00,0.00,0,2.2,57,15.77,0,2.2
7.1,8.2,0.00,0.00,0,2.2,57,15.77,0,2.2
7.3,8.2,0.00,0.00,0,2.2,56,15.77,0,2.2
7.5,8.2,0.00,0.00,0,2.2,56,15.77,0,2.2
7.5,8.2,0.00,0.00,0,2.2,57,15.77,0,2.2
8.7,8.2,0.00,0.00,0,2.2,56,15.77,0,2.2
7.1,8.2,0.00,0.00,0,2.2,56,15.77,0,2.2
7.3,8.2,0.00,0.00,0,2.2,57,15.77,0,2.2
8.1,8.2,0.00,0.00,0,2.2,57,15.77,0,2.2
7.1,8.2,0.00,0.00,0,2.2,57,15.77,0,2.2
7.5,8.2,0.00,0.00,0,2.2,57,15.77,0,2.2
6.5,8.2,0.00,0.00,0,2.2,56,15.77,0,2.2
7.1,8.2,0.00,0.00,0,2.2,56,15.77,0,2.2
7.9,8.2,0.00,0.00,0,2.2,57,15.77,0,2.2
7.5,8.2,0.00,0.00,0,2.2,57,15.77,0,2.2
7.5,8.2,0.00,0.00,0,2.2,56,15.77,0,2.2
7.3,8.2,0.00,0.00,0,2.2,54,15.77,0,2.2
7.7,8.2,0.00,0.00,0,2.2,52,15.77,0,2.2
6.9,8.2,0.00,0.00,0,2.2,50,15.77,0,2.2
8.7,8.2,0.00,0.00,0,2.2,28,15.77,0,2.2
2.5,7.4,0.00,0.00,0,2.2,0,15.77,0,2.2
2.5,7.5,0.00,0.00,0,2.2,0,15.77,0,2.2
2.3,7.6,0.00,0.00,0,2.2,0,15.77,0,2.2
2.3,7.6,0.00,0.00,0,2.2,0,15.77,0,2.2
2.1,7.7,0.00,0.00,0,2.2,0,15.77,0,2.2
2.1,7.8,0.00,0.00,0,2.2,0,15.77,0,2.2
2.1,7.8,0.00,0.00,0,2.2,0,15.77,0,2.2
2.3,7.9,0.00,0.00,0,2.2,0,15.77,0,2.2
1.7,8.0,0.00,0.00,0,2.2,0,15.77,0,2.2
2.1,8.0,0.00,0.00,0,2.2,0,15.77,0,2.2
2.3,8.1,0.00,0.00,0,2.2,0,15.77,0,2.2
2.1,8.2,0.00,0.00,0,2.2,0,15.77,0,2.2
8.1,8.2,0.00,0.00,0,2.2,0,15.77,0,2.2
7.1,8.2,0.00,0.00,0,2.2,62,15.77,0,2.2
7.7,8.2,0.00,0.00,0,2.2,57,15.77,0,2.2
7.5,8.2,0.00,0.00,0,2.2,56,15.77,0,2.2
7.1,8.2,0.00,0.00,0,2.2,57,15.77,0,2.2
7.1,8.2,0.00,0.00,0,2.2,57,15.77,0,2.2
7.3,8.2,0.00,0.00,0,2.2,56,15.77,0,2.2
7.3,8.2,0.00,0.00,0,2.2,57,15.77,0,2.2
7.7,8.2,0.00,0.00,0,2.2,56,15.77,0,2.2
7.9,8.2,0.00,0.00,0,2.2,55,15.77,0,2.2
7.3,8.2,0.00,0.00,0,2.2,54,15.77,0,2.2
6.9,8.2,0.00,0.00,0,2.2,54,15.77,0,2.2
7.3,8.2,0.00,0.00,0,2.2,57,15.77,0,2.2
7.1,8.2,0.00,0.00,0,2.2,57,15.77,0,2.2
7.3,8.2,0.00,0.00,0,2.2,57,15.77,0,2.2
7.9,8.2,0.00,0.00,0,2.2,57,15.77,0,2.2
7.5,8.2,0.00,0.00,0,2.2,58,15.77,0,2.2
7.3,8.2,0.00,0.00,0,2.2,56,15.77,0,2.2
7.3,8.2,0.00,0.00,0,2.2,56,15.77,0,2.2
7.1,8.2,0.00,0.00,0,2.2,56,15.77,0,2.2
7.3,8.2,0.00,0.00,0,2.2,57,15.77,0,2.2
7.1,8.2,0.00,0.00,0,2.2,56,15.77,0,2.2
7.9,8.3,0.00,0.00,0,2.2,57,15.77,0,2.2
6.7,8.2,0.00,0.00,0,2.2,56,15.77,0,2.2
7.3,8.2,0.00,0.00,0,2.2,55,15.77,0,2.2
7.5,8.2,0.00,0.00,0,2.2,55,15.77,0,2.2
7.5,8.2,0.00,0.00,0,2.2,56,15.77,0,2.2
7.7,8.2,0.00,0.00,0,2.2,57,15.77,0,2.2
7.5,8.2,0.00,0.00,0,2.2,58,15.77,0,2.2
8.5,8.2,0.00,0.00,0,2.2,57,15.77,0,2.2
8.7,8.2,0.00,0.00,0,2.2,57,15.77,0,2.2
2.3,7.4,0.00,0.00,0,2.2,2,15.77,0,2.2
2.3,7.5,0.00,0.00,0,2.2,0,15.77,0,2.2
2.3,7.6,0.00,0.00,0,2.2,0,15.77,0,2.2
2.7,7.6,0.00,0.00,0,2.2,0,15.77,0,2.2
2.7,7.7,0.00,0.00,0,2.2,0,15.77,0,2.2
2.1,7.8,0.00,0.00,0,2.2,0,15.77,0,2.2
2.1,7.8,0.00,0.00,0,2.2,0,15.77,0,2.2
2.3,7.9,0.00,0.00,0,2.2,0,15.77,0,2.2
2.3,8.0,0.00,0.00,0,2.2,0,15.77,0,2.2
2.5,8.0,0.00,0.00,0,2.2,0,15.77,0,2.2
2.7,8.1,0.00,0.00,0,2.2,0,15.77,0,2.2
2.7,8.2,0.00,0.00,0,2.2,0,15.77,0,2.2
8.7,8.2,0.00,0.00,0,2.2,32,15.77,0,2.2
6.9,8.2,0.00,0.00,0,2.2,58,15.77,0,2.2
6.5,8.2,0.00,0.00,0,2.2,59,15.77,0,2.2
7.5,8.2,0.00,0.00,0,2.2,60,15.77,0,2.2
7.1,8.2,0.00,0.00,0,2.2,56,15.77,0,2.2
7.1,8.2,0.00,0.00,0,2.2,57,15.77,0,2.2
7.5,8.2,0.00,0.00,0,2.2,56,15.77,0,2.2
7.1,8.2,0.00,0.00,0,2.2,55,15.77,0,2.2
7.3,8.2,0.00,0.00,0,2.2,53,15.77,0,2.2
7.3,8.2,0.00,0.00,0,2.2,55,15.77,0,2.2
6.9,8.2,0.00,0.00,0,2.2,53,15.77,0,2.2
7.1,8.2,0.00,0.00,0,2.2,56,15.77,0,2.2
7.4,8.2,0.00,0.00,0,2.2,51,15.77,0,2.2
7.3,8.2,0.00,0.00,0,2.2,55,15.77,0,2.2
7.7,8.2,0.00,0.00,0,2.2,58,15.77,0,2.2
8.1,8.2,0.00,0.00,0,2.2,57,15.77,0,2.2
6.7,8.2,0.00,0.00,0,2.2,57,15.77,0,2.2
7.6,8.2,0.00,0.00,0,2.2,57,15.77,0,2.2
7.5,8.2,0.00,0.00,0,2.2,56,15.77,0,2.2
7.3,8.2,0.00,0.00,0,2.2,58,15.77,0,2.2
7.3,8.2,0.00,0.00,0,2.2,57,15.77,0,2.2
7.3,8.2,0.00,0.00,0,2.2,58,15.77,0,2.2
7.3,8.2,0.00,0.00,0,2.2,57,15.77,0,2.2
7.9,8.2,0.00,0.00,0,2.2,55,15.77,0,2.2
7.5,8.2,0.00,0.00,0,2.2,56,15.77,0,2.2
7.5,8.2,0.00,0.00,0,2.2,57,15.77,0,2.2
7.9,8.2,0.00,0.00,0,2.2,58,15.77,0,2.2
8.7,8.2,0.00,0.00,0,2.2,58,15.77,0,2.2
7.7,8.2,0.00,0.00,0,2.2,56,15.77,0,2.2
7.3,8.2,0.00,0.00,0,2.2,57,15.77,0,2.2
3.8,8.2,0.00,0.00,0,2.2,33,15.77,0,2.2
2.3,7.4,0.00,0.00,0,2.2,0,12.91,0,2.2
99.2,5.4,0.00,0.00,0,2.2,4,2.2,0,2.2
2.5,5.2,0.00,0.00,0,2.2,0,2.2,0,2.2
2.7,5.2,0.00,0.00,0,2.2,0,2.2,0,2.2
2.5,5.3,0.00,0.00,0,2.2,0,2.2,0,2.2
2.3,5.4,0.00,0.00,0,2.2,0,2.2,0,2.2
6.6,5.6,0.00,0.00,0,2.2,0,2.2,0,2.2
6.2,5.8,0.00,0.00,0,2.2,0,2.2,0,2.2
6.6,5.9,0.00,0.00,0,2.2,0,2.2,0,2.2
0.4,5.9,0.00,0.00,0,2.2,0,2.2,0,2.2
6.2,6.2,0.00,0.00,0,2.2,0,2.31,0,4.46
6.5,7.4,0.00,0.00,2,5.69,4,6.5,4,8.99
1.9,8.3,0.00,0.00,4,9.59,5,13.57,7,13.57
12.7,8.9,0.00,0.00,5,13.57,2,13.57,0,13.57
6.1,9.1,0.00,0.00,0,13.57,0,13.57,0,13.57
6.6,9.2,0.00,0.00,0,13.57,0,13.57,0,13.57
60.2,9.4,0.00,0.00,0,13.57,0,13.57,0,13.57
6.2,9.6,0.00,0.00,0,13.57,0,13.57,0,13.57
69.8,9.8,0.00,0.00,0,13.57,0,13.57,0,13.57
6.3,10.0,0.00,0.00,0,13.57,0,13.57,0,13.57
6.4,10.2,0.00,0.00,0,13.57,0,13.57,0,13.57
6.2,10.4,0.00,0.00,0,13.57,0,13.57,0,13.57
6.3,10.5,0.00,0.00,0,13.57,0,13.57,0,13.57
6.1,10.8,0.00,0.00,0,13.57,0,13.57,0,13.57
16.5,10.9,0.00,0.00,0,13.57,0,13.57,0,13.57
6.7,11.1,0.00,0.00,0,13.84,0,13.91,0,15.2
6.8,12.5,0.00,0.00,0,16.77,1,17.02,18,24.62
13.7,13.8,0.00,0.00,41,24.62,4,24.62,98,24.62
12.9,13.8,0.00,0.00,98,24.62,80,24.62,98,24.62
13.3,13.8,0.00,0.00,98,24.62,98,24.62,98,24.62
13.3,13.8,0.00,0.00,98,24.62,98,24.62,98,24.62
13.1,13.8,0.00,0.00,97,24.62,98,24.62,97,24.62
13.7,13.8,0.00,0.00,98,24.62,98,24.62,96,24.62
13.8,13.8,0.00,0.00,97,24.62,98,24.62,97,24.62
13.3,13.8,0.00,0.00,97,24.62,97,24.62,98,24.62
13.1,13.8,0.00,0.00,97,24.62,97,24.62,98,24.62
12.8,13.8,0.00,0.00,98,24.62,98,24.62,97,24.62
13.9,13.8,0.00,0.00,98,24.62,98,24.62,97,24.62
13.5,13.8,0.00,0.00,98,24.62,98,24.62,97,24.62
13.1,13.8,0.00,0.00,98,24.62,99,24.62,98,24.62
13.1,13.8,0.00,0.00,98,24.62,98,24.62,98,24.62
13.5,13.8,0.00,0.00,98,24.62,98,24.62,98,24.62
13.5,13.8,0.00,0.00,98,24.62,98,24.62,98,24.62
13.2,13.8,0.00,0.00,98,24.62,98,24.62,98,24.62
12.9,13.8,0.00,0.00,98,24.62,98,24.62,98,24.62
13.5,13.8,0.00,0.00,97,24.62,98,24.62,98,24.62
13.3,13.8,0.00,0.00,97,24.62,98,24.62,99,24.62
13.5,13.8,0.00,0.00,97,24.62,98,24.62,98,24.62
13.3,13.8,0.00,0.00,98,24.62,98,24.62,98,24.62
6.9,13.8,0.00,0.00,98,24.62,68,24.62,50,24.62
6.5,11.4,0.00,0.00,35,24.62,0,24.62,0,24.62
6.7,11.6,0.00,0.00,0,24.62,0,24.62,0,24.62
51.4,11.8,0.00,0.00,0,24.62,0,24.62,0,24.62
6.4,11.9,0.00,0.00,0,24.62,0,24.62,0,24.62
37.5,12.2,0.00,0.00,0,24.62,0,24.62,0,24.62
34.8,12.4,0.00,0.00,0,24.62,0,24.62,0,24.62
6.9,12.5,0.00,0.00,0,24.62,0,24.62,0,24.62
6.2,12.8,0.00,0.00,0,24.62,0,24.62,0,24.62
6.2,12.9,0.00,0.00,0,24.62,0,24.62,0,24.62
6.4,13.0,0.00,0.00,0,24.62,0,24.62,0,24.62
60.4,13.3,0.00,0.00,0,24.62,0,24.62,0,24.62
6.2,13.5,0.00,0.00,0,24.62,0,24.62,0,24.62
47.9,13.6,0.00,0.00,0,24.62,0,24.62,0,24.62
12.3,13.8,0.00,0.00,0,24.62,0,24.62,99,24.62
14.0,13.8,0.00,0.00,41,24.62,72,24.62,99,24.62
13.5,13.8,0.00,0.00,97,24.62,98,24.62,99,24.62
13.9,13.8,0.00,0.00,98,24.62,98,24.62,99,24.62
12.9,13.8,0.00,0.00,98,24.62,98,24.62,99,24.62
13.8,13.8,0.00,0.00,97,24.62,98,24.62,99,24.62
13.5,13.8,0.00,0.00,98,24.62,98,24.62,99,24.62
13.5,13.8,0.00,0.00,97,24.62,98,24.62,98,24.62
25.6,13.8,0.00,0.00,98,24.62,66,24.62,48,24.62
7.5,5.8,0.00,0.00,32,2.2,5,2.2,5,2.2
0.8,5.2,0.00,0.00,5,2.2,0,2.2,0,2.2
0.4,5.2,0.00,0.00,0,2.2,0,2.2,0,2.2
