1.3,8.0,0.00,0.00,0,2.95,0,2.95,0,2.95,0,2.95
3.6,8.1,0.00,0.00,0,2.95,0,2.95,0,2.95,0,2.95
3.2,8.1,0.00,0.00,0,2.95,0,2.95,0,2.95,0,2.95
3.4,8.1,0.00,0.00,0,2.95,0,2.95,0,2.95,0,2.95
1.2,8.0,0.00,0.00,0,2.95,0,2.95,0,2.95,0,2.95
0.6,8.0,0.00,0.00,0,2.95,0,2.95,0,2.95,0,2.95
8.6,8.4,0.00,0.00,0,2.95,0,2.95,0,2.95,0,2.95
71.9,8.7,0.00,0.00,0,2.95,0,2.95,0,2.95,0,2.95
71.8,9.0,0.00,0.00,0,2.95,0,2.95,0,2.95,0,2.95
89.2,9.3,0.00,0.00,0,2.95,0,2.95,0,2.95,0,2.95
3.1,10.1,0.00,0.00,0,9.2,0,2.95,0,2.95,0,2.95
2.5,13.0,0.00,0.00,9,21.92,0,2.95,0,2.95,0,2.95
4.6,13.3,0.00,0.00,0,21.92,0,2.95,0,2.95,0,2.95
5.4,13.5,0.00,0.00,0,21.92,0,2.95,0,2.95,0,2.95
2.9,13.7,0.00,0.00,0,21.92,0,2.95,0,2.95,0,2.95
6.1,13.9,0.00,0.00,0,21.92,0,2.95,0,2.95,0,2.95
6.3,14.1,0.00,0.00,0,21.92,0,2.95,0,2.95,0,2.95
70.6,14.4,0.00,0.00,0,21.92,0,2.95,0,2.95,0,2.95
7.1,14.8,0.00,0.00,0,21.92,0,2.95,0,2.95,0,2.95
23.3,15.3,0.00,0.00,0,22.75,0,2.95,0,2.95,0,2.95
94.2,17.8,0.00,0.00,4,31.32,0,2.95,0,2.95,0,2.95
10.2,18.3,0.00,0.00,43,31.32,0,2.95,0,2.95,0,3.07
10.9,20.2,0.00,0.00,66,31.32,1,7.26,3,8.72,3,11.68
14.5,24.0,0.00,0.00,22,31.32,11,17.98,5,17.98,6,17.98
84.4,25.1,0.00,0.00,23,31.32,0,17.98,0,17.98,0,17.98
16.7,25.6,0.00,0.00,25,31.32,0,17.98,0,17.98,0,17.98
15.5,26.6,0.00,0.00,60,31.32,0,17.98,0,17.98,0,17.98
15.9,27.3,0.00,0.00,68,31.32,0,17.98,0,17.98,0,17.98
78.3,28.1,0.00,0.00,63,31.32,0,17.98,0,17.98,0,17.98
33.7,28.7,0.00,0.00,21,31.32,0,17.98,0,17.98,0,17.98
11.7,29.3,0.00,0.00,26,31.32,0,17.98,0,17.98,0,17.98
12.3,29.9,0.00,0.00,23,31.32,0,17.98,0,17.98,0,17.98
36.1,30.6,0.00,0.00,69,31.32,0,21.03,2,22.83,4,32.48
20.0,35.5,0.00,0.00,66,31.32,30,32.72,99,32.72,99,32.72
15.4,35.6,0.00,0.00,68,31.32,99,32.72,99,32.72,99,32.72
12.4,35.6,0.00,0.00,16,31.32,83,32.72,82,32.72,83,32.72
13.2,35.6,0.00,0.00,20,31.32,84,32.72,84,32.72,82,32.72
11.8,35.6,0.00,0.00,20,31.32,84,32.72,94,32.72,94,32.72
12.7,35.6,0.00,0.00,20,31.32,84,32.72,89,32.72,98,32.72
19.3,35.5,0.00,0.00,67,31.32,99,32.72,99,32.72,99,32.72
19.1,35.5,0.00,0.00,64,31.32,99,32.72,99,32.72,99,32.72
20.5,35.6,0.00,0.00,69,31.32,99,32.72,99,32.72,97,32.72
11.4,35.6,0.00,0.00,18,31.32,90,32.72,77,32.72,90,32.72
13.0,35.6,0.00,0.00,20,31.32,83,32.72,71,32.72,87,32.72
11.8,35.6,0.00,0.00,17,31.32,96,32.72,78,32.72,88,32.72
13.2,35.6,0.00,0.00,18,31.32,96,32.72,76,32.72,97,32.72
20.0,35.5,0.00,0.00,66,31.32,99,32.72,99,32.72,99,32.72
20.5,35.5,0.00,0.00,65,31.32,99,32.72,99,32.72,99,32.72
19.7,35.5,0.00,0.00,68,31.32,99,32.72,99,32.72,99,32.72
21.8,35.5,0.00,0.00,68,31.32,99,32.72,99,32.72,99,32.72
21.9,35.3,0.00,0.00,49,31.95,99,32.72,99,32.72,99,32.72
16.8,35.4,0.00,0.00,7,47.87,99,32.72,99,32.72,99,32.72
20.0,36.0,0.00,0.00,89,51.26,99,32.72,99,32.72,99,32.72
18.8,36.2,0.00,0.00,90,51.26,99,32.72,99,32.72,99,32.72
18.3,36.4,0.00,0.00,93,51.26,99,32.72,99,32.72,28,32.72
15.1,31.5,0.00,0.00,93,51.26,0,31.72,0,2.95,5,2.95
10.2,20.0,0.00,0.00,95,51.26,6,2.95,0,2.95,0,2.95
8.1,19.9,0.00,0.00,95,51.26,0,2.95,0,2.95,0,2.95
7.3,20.1,0.00,0.00,95,51.26,0,2.95,0,2.95,0,2.95
6.4,20.2,0.00,0.00,96,51.26,0,2.95,0,2.95,0,2.95
9.4,20.3,0.00,0.00,96,51.26,0,2.95,0,2.95,0,2.95
9.6,20.7,0.00,0.00,91,51.26,0,2.95,0,2.95,0,2.95
13.6,21.3,0.00,0.00,92,51.26,0,2.95,0,2.95,0,2.95
14.4,22.0,0.00,0.00,96,51.26,0,2.95,0,2.95,0,2.95
9.6,22.5,0.00,0.00,96,51.26,0,5.65,0,8.44,0,2.95
13.6,27.1,0.00,0.00,95,51.26,5,18.35,8,18.77,0,2.95
10.5,29.8,0.00,0.00,95,51.26,1,18.77,0,18.77,0,2.95
9.6,30.2,0.00,0.00,91,51.26,0,18.77,0,18.77,0,2.95
78.5,30.7,0.00,0.00,96,51.26,0,18.77,0,18.77,0,2.95
59.2,31.0,0.00,0.00,95,51.26,0,18.77,0,18.77,0,2.95
59.0,31.5,0.00,0.00,95,51.26,0,18.77,0,18.77,0,2.95
9.0,31.9,0.00,0.00,94,51.26,0,18.77,0,18.77,0,2.95
10.0,32.4,0.00,0.00,94,51.26,0,18.77,0,18.77,0,2.95
10.1,32.7,0.00,0.00,96,51.26,0,19.26,5,20.7,0,2.95
40.7,35.3,0.00,0.00,94,51.26,2,34.76,10,36.01,0,2.95
33.8,37.5,0.00,0.00,95,51.26,69,36.01,69,36.01,0,2.95
24.4,37.9,0.00,0.00,95,51.26,60,36.01,72,36.01,0,2.95
94.1,38.2,0.00,0.00,96,51.26,72,36.01,68,36.01,0,2.95
34.3,38.7,0.00,0.00,92,51.26,66,36.01,68,36.01,0,2.95
23.3,39.1,0.00,0.00,95,51.26,74,36.01,66,36.01,0,2.95
31.3,39.4,0.00,0.00,94,51.26,71,36.01,65,36.01,0,2.95
24.1,39.8,0.00,0.00,93,51.26,72,36.01,70,36.01,0,2.95
28.1,40.2,0.00,0.00,91,51.26,75,36.01,72,36.01,0,2.95
23.3,38.6,0.00,0.00,23,49.95,68,36.01,81,36.01,0,2.95
23.1,34.2,0.00,0.00,68,21.25,73,36.01,66,36.03,0,2.95
17.4,31.7,0.00,0.00,68,21.25,1,16.32,5,20.47,0,2.95
20.6,25.8,0.00,0.00,67,21.25,47,20.47,80,20.47,0,2.95
20.8,25.8,0.00,0.00,67,21.25,76,20.47,77,20.47,0,2.95
20.6,25.8,0.00,0.00,67,21.25,76,20.47,75,20.47,0,2.95
22.9,25.8,0.00,0.00,65,21.25,77,20.47,78,20.47,0,2.95
21.6,25.8,0.00,0.00,63,21.25,76,20.47,79,20.47,0,2.95
21.0,25.8,0.00,0.00,64,21.25,76,20.47,76,20.47,0,2.95
20.4,25.8,0.00,0.00,63,21.25,76,20.47,76,20.47,0,2.95
20.4,25.8,0.00,0.00,65,21.25,75,20.47,73,20.47,0,2.95
20.5,25.8,0.00,0.00,62,21.25,75,20.47,75,20.47,0,2.95
23.1,25.8,0.00,0.00,63,21.25,77,20.47,78,20.47,0,2.95
21.4,25.8,0.00,0.00,64,21.25,77,20.47,76,20.47,0,2.95
22.1,25.8,0.00,0.00,65,21.25,77,20.52,72,20.52,0,2.95
13.3,22.4,0.00,0.00,65,21.25,0,2.95,1,2.95,0,2.95
7.3,14.1,0.00,0.00,69,21.25,0,2.95,0,2.95,0,2.95
8.6,14.1,0.00,0.00,66,21.25,0,2.95,0,2.95,0,2.95
8.1,14.1,0.00,0.00,65,21.25,0,2.95,0,2.95,0,2.95
8.7,14.0,0.00,0.00,56,21.25,0,2.95,0,2.95,0,2.95
2.5,12.6,0.00,0.00,0,21.25,0,2.95,0,2.95,0,2.95
6.8,13.2,0.00,0.00,0,21.25,0,2.95,0,2.95,0,2.95
6.7,13.7,0.00,0.00,0,21.25,0,2.95,0,2.95,0,2.95
23.0,15.3,0.00,0.00,0,21.25,0,2.95,0,2.95,0,2.95
15.6,16.3,0.00,0.00,0,21.25,0,2.95,0,3.19,0,6.68
15.0,19.6,0.00,0.00,0,21.25,0,12.96,6,15.94,11,18.72
11.8,27.8,0.00,0.00,0,21.25,6,18.77,3,18.77,0,18.77
14.0,28.7,0.00,0.00,36,21.25,0,18.77,0,18.77,0,18.77
14.0,29.3,0.00,0.00,62,21.25,0,18.77,0,18.77,0,18.77
14.0,30.0,0.00,0.00,61,21.25,0,18.77,0,18.77,0,18.77
14.6,30.4,0.00,0.00,65,21.25,0,18.77,0,18.77,0,18.77
14.2,31.2,0.00,0.00,63,21.25,0,18.77,0,18.77,0,18.77
29.2,31.6,0.00,0.00,65,21.25,0,18.77,0,18.77,0,18.77
14.2,32.4,0.00,0.00,67,21.25,0,18.77,0,18.77,0,18.77
33.6,33.0,0.00,0.00,60,21.25,0,21.36,25,22.77,2,23.92
19.5,38.9,0.00,0.00,60,21.25,4,30.64,51,30.64,34,30.64
28.0,39.6,0.00,0.00,58,21.25,57,30.64,55,30.64,51,30.64
28.1,40.4,0.00,0.00,60,21.25,49,30.64,54,30.64,52,30.64
28.0,40.8,0.00,0.00,60,21.25,49,30.64,61,30.64,52,30.64
27.0,41.5,0.00,0.00,61,21.25,48,30.64,53,30.64,60,30.64
31.3,42.0,0.00,0.00,58,21.25,48,30.64,59,30.64,45,30.64
66.1,42.7,0.00,0.00,70,21.25,52,30.64,58,30.64,42,30.64
30.4,43.1,0.00,0.00,64,21.25,49,30.64,58,30.64,56,30.64
23.6,43.7,0.00,0.00,63,21.25,58,30.64,49,30.64,50,30.64
23.2,43.7,0.00,0.00,67,21.25,46,30.64,52,30.64,61,30.64
21.8,43.7,0.00,0.00,66,21.25,47,30.64,48,30.64,45,30.64
23.6,43.7,0.00,0.00,45,21.25,55,30.64,64,30.64,60,30.64
17.2,42.3,0.00,0.00,0,21.25,51,30.64,50,30.64,60,30.64
16.8,42.5,0.00,0.00,0,21.25,50,30.64,31,30.76,28,32.17
14.2,40.0,0.00,0.00,0,21.25,2,35.57,3,38.86,4,39.47
36.2,44.1,0.00,0.00,0,21.25,74,39.47,73,39.47,79,39.47
27.6,44.9,0.00,0.00,0,21.25,81,39.47,77,39.47,77,39.47
27.4,45.6,0.00,0.00,0,21.25,78,39.47,79,39.47,78,39.47
27.9,46.2,0.00,0.00,0,21.25,77,39.47,80,39.47,77,39.47
50.8,47.0,0.00,0.00,0,21.25,74,39.47,75,39.47,82,39.47
34.9,47.6,0.00,0.00,25,21.25,77,39.47,78,39.47,80,39.47
97.7,48.2,0.00,0.00,61,21.25,77,39.47,74,39.47,78,39.47
35.7,48.7,0.00,0.00,59,21.25,77,39.47,76,39.47,74,39.47
34.7,48.9,0.00,0.00,56,21.25,15,39.47,16,39.47,48,39.47
30.3,44.9,0.00,0.00,63,21.25,57,39.47,51,39.47,55,39.47
27.8,45.2,0.00,0.00,65,21.25,54,39.47,57,39.47,54,39.47
29.9,45.9,0.00,0.00,66,21.25,51,39.47,60,39.47,50,39.47
92.7,46.4,0.00,0.00,67,21.25,56,39.47,55,39.47,50,39.47
27.3,47.0,0.00,0.00,64,21.25,60,39.47,54,39.47,53,39.47
71.5,47.5,0.00,0.00,66,21.25,52,39.47,56,39.47,50,39.47
28.3,48.1,0.00,0.00,60,21.25,55,39.47,56,39.47,42,39.47
28.5,48.7,0.00,0.00,60,21.25,54,39.47,51,39.47,43,39.47
37.6,49.2,0.00,0.00,61,21.25,56,39.47,55,39.47,53,39.47
21.4,49.2,0.00,0.00,68,21.25,53,39.47,59,39.47,49,39.47
21.5,49.2,0.00,0.00,70,21.25,43,39.47,45,39.47,52,39.47
22.9,49.2,0.00,0.00,65,21.25,59,39.47,50,39.47,56,39.47
22.5,49.2,0.00,0.00,63,21.25,58,39.47,52,39.47,13,39.47
28.6,44.3,0.00,0.00,61,21.25,4,36.25,64,20.47,77,36.64
29.2,36.0,0.00,0.00,66,21.25,85,20.47,84,20.47,76,20.47
29.0,31.7,0.00,0.00,63,21.25,82,20.47,78,20.47,79,20.47
22.7,30.2,0.00,0.00,0,21.25,76,20.47,77,20.47,84,20.47
22.3,30.3,0.00,0.00,0,21.25,76,20.47,82,20.47,81,20.47
22.8,30.6,0.00,0.00,0,21.25,78,20.47,78,20.47,81,20.47
40.3,30.7,0.00,0.00,0,21.25,80,20.47,79,20.47,81,20.47
21.8,30.9,0.00,0.00,0,21.25,80,20.47,78,20.47,32,20.47
42.7,28.2,0.00,0.00,0,21.25,5,17.68,0,19.44,0,2.95
44.4,18.1,0.00,0.00,0,21.25,3,2.95,3,2.95,0,2.95
1.9,14.0,0.00,0.00,0,21.25,0,2.95,0,2.95,0,2.95
7.5,14.1,0.00,0.00,53,21.25,0,2.95,0,2.95,0,2.95
7.8,14.1,0.00,0.00,65,21.25,0,2.95,0,2.95,0,2.95
97.5,14.4,0.00,0.00,65,21.25,0,2.95,0,2.95,0,2.95
26.8,14.9,0.00,0.00,68,21.25,0,2.95,0,2.95,0,2.95
95.8,15.5,0.00,0.00,68,21.25,0,2.95,0,2.95,0,2.95
99.4,16.1,0.00,0.00,67,21.25,0,2.95,0,2.95,0,2.95
12.5,16.9,0.00,0.00,70,21.25,0,10.79,2,8.31,0,2.95
12.8,21.6,0.00,0.00,63,21.25,8,26.58,1,10.82,0,2.95
11.7,22.1,0.00,0.00,65,21.25,0,26.58,0,10.82,0,2.95
23.7,22.4,0.00,0.00,66,21.25,0,26.58,0,10.82,0,2.95
12.1,22.9,0.00,0.00,65,21.25,0,26.58,0,10.82,0,2.95
21.2,23.3,0.00,0.00,65,21.25,0,26.58,0,10.82,0,2.95
11.9,23.7,0.00,0.00,66,21.25,0,26.58,0,10.82,0,2.95
12.3,24.1,0.00,0.00,64,21.25,0,26.58,0,10.82,0,2.95
13.0,24.5,0.00,0.00,66,21.25,0,26.58,0,10.82,0,2.95
26.4,24.8,0.00,0.00,66,21.25,1,29.22,0,14.22,0,2.95
20.8,28.5,0.00,0.00,63,21.25,4,41.33,9,22.69,0,2.95
24.9,28.9,0.00,0.00,67,21.25,95,41.33,40,22.69,0,2.95
25.3,29.2,0.00,0.00,67,21.25,92,41.33,42,22.69,0,2.95
19.9,27.6,0.00,0.00,43,17.78,96,41.33,42,22.69,0,2.95
18.3,23.5,0.00,0.00,3,2.95,95,41.33,46,22.69,0,2.95
17.2,23.6,0.00,0.00,0,2.95,97,41.33,41,22.69,0,2.95
18.8,23.9,0.00,0.00,0,2.95,96,41.33,41,22.69,0,2.95
17.9,24.0,0.00,0.00,0,2.95,96,41.33,42,22.69,0,2.95
15.3,24.3,0.00,0.00,0,2.95,96,41.33,38,22.69,0,2.95
14.7,24.3,0.00,0.00,0,2.95,95,41.33,41,22.69,0,2.95
16.9,24.3,0.00,0.00,0,2.95,96,41.33,42,22.69,0,2.95
15.8,24.3,0.00,0.00,0,2.95,96,41.33,40,22.69,0,2.95
16.0,24.3,0.00,0.00,0,2.95,96,41.33,41,22.69,0,2.95
10.2,22.7,0.00,0.00,0,2.95,3,41.5,43,22.69,0,2.95
12.8,20.2,0.00,0.00,0,2.95,33,28.06,45,22.69,0,2.95
12.8,20.2,0.00,0.00,0,2.95,68,28.06,38,22.69,0,2.95
13.6,20.1,0.00,0.00,0,2.95,70,28.06,44,22.69,0,2.95
14.0,20.1,0.00,0.00,0,2.95,70,28.06,43,22.69,0,2.95
14.7,20.1,0.00,0.00,0,2.95,66,28.06,47,22.69,0,2.95
12.5,20.1,0.00,0.00,0,2.95,69,28.06,37,22.69,0,2.95
13.6,20.1,0.00,0.00,0,2.95,66,28.06,43,22.69,0,2.95
15.3,20.1,0.00,0.00,0,2.95,64,28.06,43,22.69,0,2.95
12.2,20.1,0.00,0.00,0,2.95,62,28.06,44,22.69,0,2.95
13.8,20.1,0.00,0.00,0,2.95,74,28.06,43,22.69,0,2.95
14.2,20.1,0.00,0.00,0,2.95,69,28.06,44,22.69,0,2.95
13.2,20.1,0.00,0.00,0,2.95,68,28.06,41,22.69,0,2.95
14.0,20.1,0.00,0.00,0,2.95,66,28.06,40,22.69,0,2.95
13.2,20.1,0.00,0.00,0,2.95,67,28.06,37,22.69,0,2.95
13.2,20.1,0.00,0.00,0,2.95,67,28.06,44,22.69,0,2.95
13.2,20.1,0.00,0.00,0,2.95,64,28.06,40,22.69,0,2.95
13.7,20.1,0.00,0.00,0,2.95,68,28.06,42,22.69,0,2.95
14.0,20.1,0.00,0.00,0,2.95,68,28.28,44,22.69,0,2.95
9.5,18.4,0.00,0.00,0,2.95,1,24.35,44,22.69,0,2.95
5.6,14.0,0.00,0.00,0,2.95,4,2.95,42,22.76,0,2.95
6.7,12.4,0.00,0.00,0,2.95,0,2.95,0,2.95,0,2.95
2.3,8.3,0.00,0.00,0,2.95,0,2.95,0,2.95,0,2.95
402.06