1.7,8.0,0.00,0.00,0,2.95,0,2.95,0,2.95,0,2.95
0.8,8.0,0.00,0.00,0,2.95,0,2.95,0,2.95,0,2.95
0.4,8.0,0.00,0.00,0,2.95,0,2.95,0,2.95,0,2.95
0.4,8.0,0.00,0.00,0,2.95,0,2.95,0,2.95,0,2.95
0.6,8.0,0.00,0.00,0,2.95,0,2.95,0,2.95,0,2.95
1.7,8.0,0.00,0.00,0,2.95,0,2.95,0,2.95,0,2.95
5.4,8.3,0.00,0.00,0,2.95,0,2.95,0,2.95,0,2.95
4.6,8.6,0.00,0.00,0,2.95,0,2.95,0,2.95,0,2.95
4.0,9.1,0.00,0.00,0,2.95,0,2.95,0,2.95,0,2.95
4.2,9.4,0.00,0.00,0,2.95,0,2.95,0,2.95,0,2.95
4.6,11.8,0.00,0.00,0,13.3,0,2.95,0,2.95,0,2.95
2.1,13.1,0.00,0.00,10,34.47,0,2.95,0,2.95,0,2.95
2.1,13.3,0.00,0.00,0,34.47,0,2.95,0,2.95,0,2.95
2.3,13.6,0.00,0.00,0,34.47,0,2.95,0,2.95,0,2.95
2.7,13.8,0.00,0.00,0,34.47,0,2.95,0,2.95,0,2.95
2.9,14.1,0.00,0.00,0,34.47,0,2.95,0,2.95,0,2.95
2.3,14.3,0.00,0.00,0,34.47,0,2.95,0,2.95,0,2.95
96.1,14.7,0.00,0.00,0,34.47,0,2.95,0,2.95,0,2.95
91.8,16.3,0.00,0.00,2,38.55,0,2.95,0,2.95,0,2.95
35.6,18.2,0.00,0.00,5,49.7,0,2.95,0,2.95,0,2.95
76.8,19.2,0.00,0.00,71,49.7,0,2.95,0,2.95,0,2.95
11.7,19.7,0.00,0.00,68,49.7,0,2.95,0,3.24,0,5.65
55.6,23.3,0.00,0.00,64,49.7,7,14.79,8,16.89,4,10.09
29.7,29.5,0.00,0.00,67,49.7,1,17.23,2,17.23,0,10.09
17.9,30.4,0.00,0.00,65,49.7,0,17.23,0,17.23,0,10.09
52.5,31.1,0.00,0.00,74,49.7,0,17.23,0,17.23,0,10.09
16.0,32.1,0.00,0.00,69,49.7,0,17.23,0,17.23,0,10.09
15.8,32.6,0.00,0.00,63,49.7,0,17.23,0,17.23,0,10.09
15.2,33.3,0.00,0.00,58,49.7,0,17.23,0,17.23,0,10.09
25.0,33.8,0.00,0.00,57,49.7,0,17.23,0,17.23,0,10.09
15.7,34.5,0.00,0.00,56,49.75,0,17.23,0,17.23,0,10.53
80.8,34.5,0.00,0.00,1,54.22,0,20.26,0,20.04,3,14.29
45.4,40.5,0.00,0.00,51,64.99,3,34.47,5,34.47,67,27.33
34.4,42.1,0.00,0.00,42,64.99,69,34.47,64,34.47,71,27.33
34.7,42.8,0.00,0.00,51,64.99,67,34.47,66,34.47,67,27.33
35.5,43.3,0.00,0.00,56,64.99,69,34.47,66,34.47,73,27.33
32.8,44.0,0.00,0.00,46,64.99,69,34.47,73,34.47,75,27.33
41.5,44.4,0.00,0.00,54,64.99,68,34.47,67,34.47,67,27.33
35.4,45.1,0.00,0.00,46,64.99,66,34.47,68,34.47,72,27.33
36.2,45.5,0.00,0.00,50,64.99,67,34.47,74,34.57,44,27.42
41.1,45.8,0.00,0.00,55,64.99,31,36.71,0,37.5,0,27.42
20.5,44.6,0.00,0.00,57,64.99,3,51.8,13,51.8,0,27.42
29.1,45.8,0.00,0.00,69,64.99,64,51.8,73,51.8,0,27.42
27.2,46.6,0.00,0.00,61,64.99,70,51.8,71,51.8,0,27.42
30.2,47.0,0.00,0.00,62,64.99,65,51.8,72,51.8,0,27.42
99.2,47.7,0.00,0.00,59,64.99,60,51.8,69,51.8,0,27.42
31.6,46.5,0.00,0.00,17,63.74,73,51.8,66,51.8,0,27.42
72.3,42.8,0.00,0.00,65,33.99,76,51.8,54,51.8,0,27.42
66.5,43.3,0.00,0.00,58,33.99,76,51.8,64,51.8,30,27.42
33.5,43.9,0.00,0.00,48,33.99,67,51.8,69,51.8,100,27.42
25.7,43.9,0.00,0.00,52,33.99,72,51.8,71,51.8,100,27.42
25.4,43.9,0.00,0.00,58,33.99,75,51.8,27,51.8,100,27.42
35.1,40.3,0.00,0.00,69,33.99,65,48.63,68,27.42,69,27.42
28.3,32.0,0.00,0.00,53,33.99,69,27.42,69,27.42,75,27.42
30.8,32.0,0.00,0.00,51,33.99,67,27.42,72,27.42,75,27.42
26.7,32.0,0.00,0.00,51,33.99,69,27.42,70,27.42,68,27.42
28.1,32.0,0.00,0.00,46,33.99,70,27.42,73,27.42,70,27.42
28.2,32.0,0.00,0.00,49,33.99,68,27.42,71,27.42,70,27.42
26.9,32.0,0.00,0.00,52,33.99,62,27.42,74,27.42,75,27.42
35.6,32.0,0.00,0.00,51,33.99,6,27.42,33,27.42,0,27.42
19.6,27.4,0.00,0.00,64,33.99,0,27.42,0,27.42,0,27.42
27.7,26.4,0.00,0.00,0,33.99,0,27.42,0,27.42,0,27.42
48.6,27.3,0.00,0.00,0,33.99,0,27.42,0,27.42,0,27.42
39.6,28.0,0.00,0.00,0,33.99,0,27.42,0,27.42,0,27.42
71.2,28.9,0.00,0.00,0,33.99,0,27.42,0,27.42,0,27.42
8.5,29.6,0.00,0.00,0,33.99,0,27.42,0,27.42,0,27.42
8.1,30.5,0.00,0.00,0,33.99,0,27.42,0,27.42,0,27.42
8.1,31.2,0.00,0.00,0,33.99,0,27.42,21,27.42,83,27.42
22.9,31.8,0.00,0.00,0,33.99,66,27.42,71,27.42,79,27.42
27.5,32.0,0.00,0.00,4,33.99,70,27.42,69,27.42,68,27.42
27.2,31.9,0.00,0.00,43,33.99,70,27.42,71,27.42,75,27.42
27.1,32.0,0.00,0.00,49,33.99,67,27.42,72,27.42,72,27.42
30.3,32.0,0.00,0.00,46,33.99,66,27.42,66,27.42,78,27.42
27.9,32.0,0.00,0.00,46,33.99,64,27.42,66,27.42,78,27.42
26.3,32.0,0.00,0.00,51,33.99,65,27.42,68,27.42,78,27.42
18.9,27.3,0.00,0.00,50,33.99,0,26.99,0,24.3,1,2.95
12.5,18.5,0.00,0.00,69,33.99,0,2.95,0,2.95,0,2.95
10.6,14.1,0.00,0.00,72,33.99,0,2.95,0,2.95,0,2.95
10.4,14.1,0.00,0.00,66,33.99,0,2.95,0,2.95,0,2.95
9.4,14.1,0.00,0.00,71,33.99,0,2.95,0,2.95,0,2.95
9.8,14.1,0.00,0.00,65,33.99,0,2.95,0,2.95,0,2.95
9.8,14.1,0.00,0.00,70,33.99,0,2.95,0,2.95,0,2.95
10.8,14.3,0.00,0.00,62,33.99,0,2.95,0,2.95,0,2.95
4.2,12.9,0.00,0.00,0,33.99,0,2.95,0,2.95,0,2.95
12.1,13.4,0.00,0.00,0,33.99,0,2.95,0,2.95,0,2.95
4.2,13.8,0.00,0.00,0,33.99,0,2.95,0,2.95,0,2.95
4.6,15.1,0.00,0.00,0,33.99,5,13.04,0,2.95,0,2.95
4.4,16.1,0.00,0.00,0,33.99,0,13.04,0,2.95,0,2.95
4.4,16.6,0.00,0.00,0,33.99,0,13.04,0,2.95,0,2.95
22.7,17.0,0.00,0.00,0,33.99,0,13.04,0,2.95,0,2.95
11.1,17.3,0.00,0.00,53,33.99,0,13.04,0,2.95,0,2.95
11.3,17.6,0.00,0.00,61,33.99,0,13.04,0,2.95,0,2.95
11.9,17.8,0.00,0.00,63,33.99,0,13.04,0,2.95,0,2.95
12.3,18.0,0.00,0.00,67,33.99,0,13.04,0,2.95,0,2.95
12.3,18.5,0.00,0.00,64,33.99,0,16.9,0,2.95,0,2.95
14.0,20.1,0.00,0.00,70,33.99,38,26.91,0,2.95,0,2.95
14.7,20.1,0.00,0.00,66,33.99,80,26.91,0,2.95,0,2.95
14.7,20.1,0.00,0.00,66,33.99,86,26.91,0,2.95,0,2.95
13.4,20.1,0.00,0.00,68,33.99,88,26.91,0,2.95,0,2.95
14.2,20.1,0.00,0.00,68,33.99,85,26.91,0,2.95,0,2.95
14.2,20.1,0.00,0.00,69,33.99,84,26.91,0,2.95,0,2.95
14.9,20.1,0.00,0.00,66,33.99,86,26.91,0,2.95,0,2.95
6.7,18.5,0.00,0.00,14,33.99,82,26.91,0,2.95,0,2.95
14.2,18.7,0.00,0.00,0,33.99,86,26.91,0,2.95,0,2.95
75.5,18.9,0.00,0.00,0,33.99,89,26.91,0,2.95,0,2.95
74.5,19.1,0.00,0.00,0,33.99,89,26.91,0,2.95,0,2.95
73.5,19.3,0.00,0.00,0,33.99,86,26.91,0,2.95,0,2.95
28.2,19.5,0.00,0.00,0,33.99,86,26.91,0,2.95,0,2.95
99.4,19.7,0.00,0.00,0,33.99,87,26.91,0,2.95,0,2.95
7.1,19.9,0.00,0.00,0,33.99,92,26.91,0,2.95,0,2.95
13.8,20.1,0.00,0.00,44,33.99,87,26.91,0,2.95,0,2.95
14.4,20.1,0.00,0.00,68,33.99,88,26.91,0,2.95,0,2.95
13.4,20.1,0.00,0.00,66,33.99,84,26.91,0,2.95,0,2.95
13.8,20.1,0.00,0.00,68,33.99,86,26.91,0,2.95,0,2.95
13.8,20.1,0.00,0.00,66,33.99,85,26.91,0,2.95,0,2.95
14.9,20.1,0.00,0.00,67,33.99,87,26.91,0,2.95,0,2.95
13.6,20.1,0.00,0.00,66,33.99,83,26.91,0,2.95,0,2.95
14.4,20.1,0.00,0.00,62,33.99,85,26.91,0,2.95,0,2.95
14.3,20.1,0.00,0.00,66,33.99,90,26.91,0,2.95,0,2.95
14.2,20.1,0.00,0.00,68,33.99,88,26.91,0,2.95,0,2.95
13.4,20.1,0.00,0.00,68,33.99,88,26.91,0,2.95,0,2.95
13.2,20.1,0.00,0.00,65,33.99,88,26.91,0,2.95,0,2.95
7.1,18.3,0.00,0.00,31,2.95,92,26.91,0,2.95,0,2.95
5.0,14.0,0.00,0.00,6,2.95,94,26.91,0,2.95,0,2.95
5.0,14.0,0.00,0.00,0,2.95,91,26.91,0,2.95,0,2.95
5.2,14.0,0.00,0.00,0,2.95,93,26.91,0,2.95,0,2.95
9.8,14.4,0.00,0.00,0,2.95,85,26.91,0,2.95,0,2.95
8.8,14.7,0.00,0.00,0,2.95,86,26.91,0,2.95,0,2.95
17.7,15.9,0.00,0.00,0,2.95,84,26.91,0,2.95,0,2.95
19.0,16.7,0.00,0.00,0,2.95,83,26.91,0,2.95,0,2.95
14.0,18.4,0.00,0.00,0,5.01,94,26.91,0,11.86,8,17.23
17.0,26.4,0.00,0.00,6,19.58,89,26.91,8,25.12,5,25.12
11.2,28.6,0.00,0.00,5,25.12,84,26.91,0,25.12,0,25.12
11.2,29.0,0.00,0.00,0,25.12,84,26.91,0,25.12,0,25.12
11.9,29.8,0.00,0.00,0,25.12,85,26.91,0,25.12,0,25.12
11.2,30.2,0.00,0.00,0,25.12,89,26.91,0,25.12,0,25.12
11.2,31.0,0.00,0.00,0,25.12,87,26.91,0,25.12,0,25.12
11.6,31.4,0.00,0.00,0,25.12,88,26.91,0,25.12,0,25.12
11.0,32.2,0.00,0.00,0,25.12,81,26.91,0,25.12,0,25.12
11.4,32.6,0.00,0.00,0,25.14,89,26.91,0,26.48,0,28.27
75.8,36.7,0.00,0.00,2,37.03,3,27.03,3,39.86,19,39.86
31.0,37.4,0.00,0.00,98,39.86,1,2.95,99,39.86,99,39.86
85.4,33.7,0.00,0.00,99,39.86,0,2.95,99,39.86,99,39.86
69.2,34.2,0.00,0.00,99,39.86,0,2.95,98,39.86,99,39.86
18.2,34.8,0.00,0.00,99,39.86,0,2.95,99,39.86,99,39.86
17.6,35.4,0.00,0.00,99,39.86,0,2.95,99,39.86,99,39.86
23.2,35.9,0.00,0.00,99,39.86,0,2.95,99,39.86,99,39.86
18.7,36.6,0.00,0.00,98,39.86,0,2.95,99,39.86,98,39.86
30.8,37.1,0.00,0.00,99,39.86,0,2.95,99,39.86,99,39.86
11.7,37.3,0.00,0.00,99,39.86,0,2.95,99,39.86,99,39.86
12.1,37.3,0.00,0.00,99,39.86,0,2.95,99,39.86,99,39.86
12.1,37.3,0.00,0.00,99,39.86,0,2.95,99,39.86,99,39.86
12.3,37.3,0.00,0.00,99,39.86,0,2.95,99,39.86,99,39.86
12.5,37.3,0.00,0.00,99,39.86,0,2.95,99,39.86,99,39.86
12.1,37.3,0.00,0.00,99,39.86,0,2.95,99,39.86,99,39.86
12.7,37.3,0.00,0.00,99,39.86,0,2.95,99,39.86,99,39.86
12.5,37.3,0.00,0.00,99,39.86,0,2.95,99,39.86,99,39.86
13.5,37.3,0.00,0.00,99,39.86,0,2.95,99,39.86,99,39.86
11.9,37.3,0.00,0.00,99,39.86,0,2.95,99,39.86,99,39.86
25.2,37.3,0.00,0.00,99,39.86,0,2.95,2,41.79,2,40.77
10.2,25.0,0.00,0.00,2,21.13,0,2.95,10,21.96,42,21.96
15.2,25.5,0.00,0.00,49,21.96,0,2.95,49,21.96,63,21.96
15.7,25.5,0.00,0.00,56,21.96,0,2.95,59,21.96,60,21.96
14.5,25.5,0.00,0.00,57,21.96,0,2.95,49,21.96,52,21.96
14.9,25.5,0.00,0.00,58,21.96,0,2.95,58,21.96,56,21.96
15.1,25.5,0.00,0.00,45,21.96,0,2.95,64,21.96,49,21.96
15.5,25.5,0.00,0.00,57,21.96,0,2.95,71,21.96,58,21.96
15.0,25.5,0.00,0.00,64,21.96,0,2.95,50,21.96,53,21.96
15.7,25.5,0.00,0.00,53,21.96,0,2.95,58,21.96,47,21.96
14.9,25.5,0.00,0.00,58,21.96,0,2.95,55,21.96,51,21.96
15.0,25.5,0.00,0.00,56,21.96,0,2.95,55,21.96,57,21.96
14.9,25.5,0.00,0.00,53,21.96,0,2.95,47,21.96,58,21.96
15.1,25.5,0.00,0.00,57,21.96,0,2.95,56,21.96,44,21.96
25.4,25.5,0.00,0.00,43,21.96,0,2.95,0,18.73,0,19.17
4.4,12.3,0.00,0.00,1,2.95,0,2.95,0,2.95,4,2.95
0.0,8.0,0.00,0.00,0,2.95,0,2.95,0,2.95,0,2.95
0.0,8.0,0.00,0.00,0,2.95,0,2.95,0,2.95,0,2.95
0.2,8.0,0.00,0.00,0,2.95,0,2.95,0,2.95,0,2.95
0.0,8.0,0.00,0.00,0,2.95,0,2.95,0,2.95,0,2.95
0.2,8.0,0.00,0.00,0,2.95,0,2.95,0,2.95,0,2.95
6.3,8.6,0.00,0.00,0,2.95,0,2.95,0,2.95,0,2.95
6.4,9.1,0.00,0.00,0,2.95,0,2.95,0,2.95,0,2.95
8.7,10.0,0.00,0.00,0,2.95,0,2.95,0,2.95,0,2.95
8.1,10.5,0.00,0.00,0,2.95,0,2.95,0,4.84,2,5.84
9.5,13.1,0.00,0.00,0,6.43,2,7.94,3,13.04,4,13.04
33.4,18.1,0.00,0.00,3,10.09,1,10.09,0,13.04,0,13.04
14.5,18.9,0.00,0.00,0,10.09,0,10.09,0,13.04,0,13.04
39.9,19.8,0.00,0.00,0,10.09,0,10.09,0,13.04,0,13.04
7.9,20.6,0.00,0.00,0,10.09,0,10.09,0,13.04,0,13.04
14.7,21.4,0.00,0.00,0,10.09,0,10.09,0,13.04,0,13.04
8.5,22.2,0.00,0.00,0,10.09,0,10.09,0,13.04,0,13.04
15.4,23.1,0.00,0.00,0,10.09,0,10.09,0,13.04,0,13.04
8.6,23.9,0.00,0.00,0,10.09,0,10.09,1,15.27,1,16.37
15.3,27.3,0.00,0.00,0,12.9,0,13.48,3,32.97,63,32.97
19.8,31.9,0.00,0.00,3,21.96,13,21.96,96,32.97,95,32.97
20.7,32.0,0.00,0.00,49,21.96,49,21.96,96,32.97,95,32.97
21.0,31.9,0.00,0.00,42,21.96,48,21.96,96,32.97,96,32.97
20.0,32.0,0.00,0.00,49,21.96,49,21.96,95,32.97,95,32.97
20.7,32.0,0.00,0.00,48,21.96,56,21.96,96,32.97,95,32.97
21.0,32.0,0.00,0.00,51,21.96,47,21.96,96,32.97,95,32.97
19.2,32.0,0.00,0.00,53,21.96,49,21.96,96,32.97,95,32.97
19.5,32.0,0.00,0.00,58,21.96,51,21.96,96,32.97,94,32.97
20.4,32.0,0.00,0.00,55,21.96,48,21.96,96,32.97,95,32.97
20.1,32.0,0.00,0.00,45,21.96,52,21.96,96,32.97,94,32.97
20.5,32.0,0.00,0.00,46,21.96,47,21.96,96,32.97,95,32.97
20.6,32.0,0.00,0.00,57,21.96,51,21.96,95,32.97,95,32.97
22.3,32.0,0.00,0.00,48,21.96,51,21.96,96,32.97,95,32.97
21.8,32.0,0.00,0.00,50,21.96,49,21.96,94,32.97,94,32.97
20.1,32.0,0.00,0.00,45,21.96,51,21.96,96,32.97,96,32.97
21.5,32.0,0.00,0.00,50,21.96,55,21.96,96,32.97,95,32.97
21.2,32.0,0.00,0.00,46,21.96,51,21.96,96,32.97,95,32.97
19.9,32.0,0.00,0.00,50,21.96,56,21.96,96,32.97,95,32.97
27.3,32.0,0.00,0.00,50,22.08,41,22.08,96,32.97,93,32.97
14.6,25.9,0.00,0.00,0,2.95,1,2.95,96,32.97,96,32.97
10.1,20.2,0.00,0.00,0,2.95,0,2.95,94,32.97,96,32.97
10.6,20.2,0.00,0.00,0,2.95,0,2.95,96,32.97,96,32.97
10.4,20.2,0.00,0.00,0,2.95,0,2.95,96,32.97,96,32.97
10.9,20.2,0.00,0.00,0,2.95,0,2.95,96,32.97,96,32.97
10.2,20.2,0.00,0.00,0,2.95,0,2.95,96,32.97,96,32.97
10.4,20.2,0.00,0.00,0,2.95,0,2.95,96,32.97,96,32.97
10.4,20.2,0.00,0.00,0,2.95,0,2.95,96,32.97,96,32.97
13.1,20.2,0.00,0.00,0,2.95,0,2.95,96,32.97,96,32.97
10.0,20.2,0.00,0.00,0,2.95,0,2.95,96,32.97,95,32.97
10.3,20.2,0.00,0.00,0,2.95,0,2.95,96,32.97,96,32.97
9.9,20.2,0.00,0.00,0,2.95,0,2.95,96,33.24,96,32.97
4.4,18.5,0.00,0.00,0,2.95,0,2.95,1,2.95,3,32.09
4.8,12.5,0.00,0.00,0,2.95,0,2.95,5,2.95,5,2.95
417.61