2.3,8.1,0.00,0.00,0,2.95,0,2.95,0,2.95,0,2.95
2.9,8.1,0.00,0.00,0,2.95,0,2.95,0,2.95,0,2.95
4.0,8.1,0.00,0.00,0,2.95,0,2.95,0,2.95,0,2.95
2.9,8.1,0.00,0.00,0,2.95,0,2.95,0,2.95,0,2.95
0.2,8.1,0.00,0.00,0,2.95,0,2.95,0,2.95,0,2.95
1.0,8.1,0.00,0.00,0,2.95,0,2.95,0,2.95,0,2.95
4.4,8.4,0.00,0.00,0,2.95,0,2.95,0,2.95,0,2.95
70.8,8.7,0.00,0.00,0,2.95,0,2.95,0,2.95,0,2.95
84.5,9.1,0.00,0.00,0,2.95,0,2.95,0,2.95,0,2.95
70.7,9.4,0.00,0.00,0,2.95,0,2.95,0,2.95,0,2.95
4.4,10.7,0.00,0.00,0,7.26,0,2.95,0,2.95,0,2.95
2.3,12.5,0.00,0.00,2,15.43,0,2.95,0,2.95,0,2.95
5.7,13.2,0.00,0.00,10,38.55,0,2.95,0,2.95,0,2.95
5.7,13.4,0.00,0.00,0,38.55,0,2.95,0,2.95,0,2.95
5.2,13.5,0.00,0.00,0,38.55,0,2.95,0,2.95,0,2.95
2.1,13.8,0.00,0.00,0,38.55,0,2.95,0,2.95,0,2.95
2.3,14.0,0.00,0.00,0,38.55,0,2.95,0,2.95,0,2.95
66.9,14.5,0.00,0.00,0,38.55,0,2.95,0,2.95,0,2.95
53.0,15.0,0.00,0.00,0,38.55,0,2.95,0,2.95,0,2.95
20.0,15.9,0.00,0.00,0,38.55,0,2.95,0,2.95,0,2.95
15.0,16.9,0.00,0.00,0,38.62,0,2.95,0,2.95,0,2.95
4.6,19.2,0.00,0.00,3,76.24,0,2.95,0,2.95,0,3.1
7.9,20.5,0.00,0.00,99,76.24,1,10.91,5,13.98,4,9.21
71.2,28.0,0.00,0.00,99,76.24,5,17.23,4,17.23,1,10.09
14.4,29.7,0.00,0.00,99,76.24,0,17.23,0,17.23,0,10.09
14.1,30.2,0.00,0.00,96,76.24,0,17.23,0,17.23,0,10.09
69.5,31.1,0.00,0.00,92,76.24,0,17.23,0,17.23,0,10.09
74.1,31.6,0.00,0.00,99,76.24,0,17.23,0,17.23,0,10.09
61.6,32.9,0.00,0.00,98,76.24,0,17.23,0,17.23,0,10.09
51.1,33.9,0.00,0.00,98,76.24,0,17.23,0,17.23,0,10.09
92.5,35.3,0.00,0.00,98,76.24,0,17.23,0,17.23,0,10.09
18.4,36.7,0.00,0.00,76,76.24,0,17.23,0,17.23,0,10.09
21.1,37.5,0.00,0.00,71,76.24,0,17.23,0,18.33,4,12.65
69.2,41.5,0.00,0.00,89,76.24,3,27.83,7,37.1,5,27.31
34.6,52.1,0.00,0.00,99,76.24,18,46.75,54,46.89,53,32.44
29.9,54.1,0.00,0.00,99,76.24,49,46.75,52,46.89,52,32.44
22.4,54.7,0.00,0.00,99,76.24,33,46.75,37,46.89,39,32.44
17.5,55.6,0.00,0.00,72,76.24,40,46.75,42,46.89,38,32.44
20.7,56.6,0.00,0.00,64,76.24,51,46.75,31,46.89,39,32.44
32.6,57.1,0.00,0.00,64,76.24,48,46.75,24,46.89,62,32.44
70.1,58.1,0.00,0.00,82,76.24,52,46.75,49,46.89,55,32.44
78.0,58.8,0.00,0.00,99,76.24,45,46.75,62,46.89,52,32.44
89.1,59.9,0.00,0.00,99,76.24,40,46.75,62,46.89,36,32.44
11.3,60.4,0.00,0.00,98,76.24,30,46.75,21,46.89,25,32.44
13.2,60.8,0.00,0.00,64,76.24,40,47.33,22,48.26,31,35.05
80.8,64.3,0.00,0.00,58,76.24,52,64.55,23,65.69,44,51.24
26.9,67.2,0.00,0.00,68,76.24,97,65.55,67,65.69,75,51.24
28.8,67.5,0.00,0.00,50,76.24,90,65.55,80,65.69,81,51.24
39.4,68.0,0.00,0.00,74,76.24,99,65.55,98,65.69,98,51.24
32.9,68.2,0.00,0.00,98,76.24,93,65.55,98,65.69,99,51.24
32.7,68.7,0.00,0.00,99,76.24,98,65.55,98,65.69,99,51.24
31.4,69.0,0.00,0.00,99,76.24,98,65.55,77,65.69,82,51.24
49.3,69.4,0.00,0.00,56,76.24,59,65.55,70,65.69,82,51.24
22.8,69.7,0.00,0.00,59,76.24,53,65.55,75,65.69,80,51.24
34.7,70.0,0.00,0.00,51,76.24,52,65.55,85,65.69,77,51.24
37.9,70.3,0.00,0.00,51,76.24,42,66.89,48,68.53,56,51.24
43.0,68.3,0.00,0.00,67,76.24,53,77.41,60,77.56,98,51.24
35.6,69.9,0.00,0.00,99,76.24,95,77.41,98,77.56,98,51.24
78.9,70.6,0.00,0.00,99,76.24,96,77.41,98,77.56,98,51.24
58.1,71.1,0.00,0.00,99,76.24,99,77.41,94,77.56,38,51.24
20.5,71.6,0.00,0.00,56,76.24,59,77.41,61,77.56,46,51.24
21.2,72.2,0.00,0.00,51,76.24,80,77.41,73,77.56,52,51.24
20.0,72.4,0.00,0.00,49,76.24,85,77.41,69,77.56,45,51.24
20.2,73.1,0.00,0.00,55,76.24,83,77.41,61,77.56,38,51.24
24.2,73.5,0.00,0.00,58,76.24,82,77.41,91,77.56,83,51.24
38.6,73.9,0.00,0.00,99,76.24,98,77.41,97,77.68,96,51.36
42.1,74.0,0.00,0.00,99,76.24,47,78.71,64,79.9,100,51.36
26.2,71.8,0.00,0.00,98,76.24,43,94.77,55,94.67,100,51.36
85.2,73.5,0.00,0.00,81,76.24,47,94.77,48,94.67,100,51.36
96.7,74.2,0.00,0.00,61,76.24,62,94.77,44,94.67,100,51.36
22.8,74.6,0.00,0.00,66,76.24,61,94.77,54,94.67,100,51.36
26.9,75.1,0.00,0.00,60,76.24,58,94.77,47,94.67,100,51.36
35.8,75.7,0.00,0.00,58,76.24,67,94.77,88,94.67,100,51.36
19.2,76.1,0.00,0.00,99,76.24,58,94.77,39,94.67,100,51.36
19.5,76.8,0.00,0.00,63,76.24,33,94.77,45,94.67,100,51.36
37.6,77.1,0.00,0.00,67,76.24,37,94.77,43,94.67,100,51.36
17.5,77.5,0.00,0.00,68,76.24,53,94.77,46,94.67,100,51.36
20.9,77.7,0.00,0.00,51,76.24,34,94.77,58,94.67,100,51.36
20.5,77.7,0.00,0.00,82,76.24,76,94.77,30,94.67,100,51.36
19.0,77.7,0.00,0.00,73,76.24,68,94.77,39,94.67,100,51.36
24.3,77.7,0.00,0.00,63,76.24,58,94.77,40,94.67,100,51.36
20.5,77.7,0.00,0.00,62,76.24,49,94.77,45,94.67,100,51.36
20.0,77.7,0.00,0.00,68,76.24,64,94.77,47,94.67,100,51.36
30.5,77.7,0.00,0.00,99,76.24,89,94.77,92,94.67,100,51.36
31.8,77.7,0.00,0.00,99,76.24,90,94.77,92,94.67,100,51.36
29.1,77.7,0.00,0.00,99,76.24,89,94.77,84,94.67,100,51.36
25.0,77.7,0.00,0.00,72,76.26,51,94.77,41,94.67,100,51.36
27.2,77.2,0.00,0.00,2,81.47,57,94.89,42,94.8,100,51.36
66.6,75.0,0.00,0.00,31,87.2,53,94.89,68,94.8,100,51.36
26.6,75.6,0.00,0.00,11,87.2,69,94.89,47,94.8,100,51.36
40.8,75.9,0.00,0.00,21,87.2,82,94.89,79,94.8,100,51.36
78.1,76.5,0.00,0.00,26,87.2,94,94.89,72,94.8,100,51.36
42.4,77.0,0.00,0.00,37,87.2,93,94.89,81,94.8,100,51.36
45.5,74.2,0.00,0.00,22,87.2,71,94.89,91,94.8,56,51.36
34.8,75.2,0.00,0.00,10,87.2,73,94.89,56,94.8,59,51.36
27.7,75.7,0.00,0.00,10,87.2,58,94.89,61,94.8,58,51.36
96.2,76.6,0.00,0.00,10,87.2,49,94.89,69,94.8,71,51.36
19.6,77.3,0.00,0.00,11,87.2,59,94.89,66,94.8,71,51.36
22.1,77.6,0.00,0.00,11,87.2,62,94.89,69,94.8,64,51.36
32.5,78.3,0.00,0.00,19,87.2,81,94.89,95,94.8,92,51.36
94.0,78.5,0.00,0.00,19,87.2,93,94.89,90,94.8,97,51.36
30.9,78.9,0.00,0.00,19,87.2,94,94.89,96,94.8,91,51.36
24.8,79.3,0.00,0.00,12,87.2,94,94.89,66,94.8,77,51.36
26.3,79.5,0.00,0.00,7,87.2,81,94.89,63,94.8,80,51.36
23.0,79.7,0.00,0.00,0,87.2,74,94.89,64,94.8,78,51.36
23.5,79.7,0.00,0.00,13,87.2,80,94.89,65,94.8,75,51.36
20.3,79.7,0.00,0.00,10,87.2,73,94.89,65,94.8,81,51.36
23.7,79.7,0.00,0.00,10,87.2,79,94.89,65,94.8,92,51.36
35.8,79.7,0.00,0.00,19,87.2,93,94.89,94,94.8,98,51.36
36.1,79.7,0.00,0.00,20,87.2,99,94.89,99,94.8,98,51.36
31.0,79.7,0.00,0.00,67,87.2,98,94.89,97,94.8,94,51.36
27.3,75.0,0.00,0.00,65,87.2,98,94.89,87,94.8,55,51.36
20.6,75.5,0.00,0.00,17,87.2,76,94.89,57,94.8,48,51.36
21.1,75.8,0.00,0.00,10,87.2,78,94.89,56,94.8,54,51.36
19.1,76.5,0.00,0.00,10,87.2,83,94.89,61,94.8,58,51.36
57.3,76.8,0.00,0.00,11,87.2,77,94.89,54,94.8,52,51.36
24.9,77.3,0.00,0.00,11,87.2,84,94.89,67,94.8,49,51.36
43.9,72.7,0.00,0.00,71,87.2,93,93.82,91,65.39,1,21.96
45.5,60.9,0.00,0.00,75,87.2,92,65.49,91,65.39,0,21.96
22.4,61.2,0.00,0.00,58,87.2,72,65.49,39,65.39,0,21.96
59.7,61.5,0.00,0.00,10,87.2,73,65.49,45,65.39,0,21.96
17.1,61.8,0.00,0.00,16,87.2,67,65.49,31,65.39,100,21.96
16.4,61.8,0.00,0.00,10,87.2,83,65.49,34,65.39,100,21.96
18.8,61.8,0.00,0.00,19,87.2,83,65.49,34,65.39,100,21.96
37.1,61.8,0.00,0.00,38,87.2,92,65.49,92,65.39,100,21.96
33.1,61.8,0.00,0.00,76,87.2,88,65.49,93,65.39,100,21.96
33.9,61.8,0.00,0.00,67,87.2,92,65.49,92,65.39,100,21.96
11.3,61.8,0.00,0.00,15,87.2,39,65.49,64,65.39,100,21.96
15.5,61.8,0.00,0.00,10,87.23,35,65.49,77,65.39,100,21.96
22.0,60.0,0.00,0.00,11,85.15,38,65.49,51,65.39,100,21.96
17.4,55.7,0.00,0.00,80,67.39,51,65.49,71,65.39,100,21.96
34.7,55.7,0.00,0.00,69,67.39,59,65.49,92,65.39,100,21.96
29.4,55.7,0.00,0.00,99,67.39,89,65.49,95,65.39,100,21.96
26.9,55.7,0.00,0.00,99,67.39,90,65.49,94,65.39,100,21.96
15.4,55.7,0.00,0.00,99,67.39,74,65.49,55,65.39,100,21.96
20.0,52.1,0.00,0.00,78,67.39,38,41.11,26,41.11,100,21.96
16.9,43.7,0.00,0.00,80,67.39,57,41.11,26,41.11,100,21.96
15.0,43.7,0.00,0.00,85,67.39,42,41.11,38,41.11,100,21.96
18.0,43.6,0.00,0.00,89,67.39,58,41.11,47,41.11,100,21.96
20.7,43.6,0.00,0.00,99,67.39,61,41.11,10,41.06,94,21.96
25.4,40.1,0.00,0.00,99,67.39,62,21.96,55,21.96,45,21.96
14.8,32.4,0.00,0.00,95,67.39,26,21.96,57,21.96,32,21.96
16.9,32.5,0.00,0.00,66,67.39,56,21.96,44,21.96,21,21.96
17.9,32.9,0.00,0.00,64,67.39,69,21.96,47,21.96,22,21.96
20.6,33.2,0.00,0.00,65,67.39,70,21.96,60,21.96,22,21.96
21.5,33.4,0.00,0.00,69,67.39,76,24.95,54,21.96,55,21.96
24.0,35.8,0.00,0.00,99,67.39,52,29.95,55,21.96,45,21.96
22.7,37.1,0.00,0.00,99,67.39,57,43.12,65,21.96,55,21.96
16.5,37.2,0.00,0.00,99,67.39,40,56.55,46,21.96,54,21.96
15.6,37.5,0.00,0.00,66,67.39,22,56.55,65,21.96,56,21.96
26.7,37.6,0.00,0.00,72,67.39,23,56.55,60,21.96,60,21.96
20.2,37.8,0.00,0.00,65,67.39,23,56.55,52,21.96,71,21.96
32.2,38.0,0.00,0.00,67,67.39,27,56.55,64,21.96,55,21.96
25.6,38.1,0.00,0.00,99,67.39,51,56.55,54,21.96,54,21.96
21.2,38.3,0.00,0.00,99,67.39,52,56.55,52,21.96,53,21.96
17.6,38.5,0.00,0.00,99,67.39,50,57.48,54,21.96,54,21.96
19.0,39.9,0.00,0.00,97,67.39,25,68.42,34,21.96,53,21.96
16.8,40.7,0.00,0.00,69,67.39,35,68.42,44,21.96,68,21.96
25.7,36.3,0.00,0.00,65,67.39,21,68.42,0,21.96,0,21.96
17.7,36.7,0.00,0.00,69,67.39,18,68.42,0,21.96,0,21.96
18.0,37.2,0.00,0.00,98,67.39,35,68.42,0,21.96,0,21.96
17.1,38.2,0.00,0.00,99,67.39,35,68.42,0,21.96,0,21.96
16.0,38.8,0.00,0.00,99,67.39,34,68.42,0,21.96,0,21.96
90.0,39.7,0.00,0.00,99,67.39,16,68.42,0,21.96,0,21.96
87.2,40.2,0.00,0.00,82,67.39,22,68.42,0,21.96,0,21.96
13.8,40.9,0.00,0.00,80,67.39,21,68.42,0,21.96,0,21.96
17.2,41.6,0.00,0.00,79,67.39,23,68.42,0,21.96,0,21.96
21.0,42.1,0.00,0.00,98,67.39,37,68.42,44,21.96,60,21.96
23.6,42.1,0.00,0.00,99,67.39,76,68.42,62,21.96,59,21.96
14.7,42.1,0.00,0.00,99,67.39,60,68.42,42,21.96,40,21.96
15.2,42.1,0.00,0.00,77,67.39,37,68.42,33,21.96,33,21.96
15.9,42.1,0.00,0.00,71,67.39,44,68.42,34,21.96,39,21.96
15.2,42.1,0.00,0.00,61,67.39,42,68.42,29,21.96,40,21.96
18.8,42.1,0.00,0.00,65,67.39,46,68.42,52,21.96,49,21.96
17.4,42.1,0.00,0.00,99,67.39,74,68.42,39,21.96,47,21.96
19.0,42.1,0.00,0.00,85,67.39,38,68.42,22,21.96,49,21.96
17.8,42.1,0.00,0.00,67,67.39,53,68.42,24,21.96,47,21.96
13.6,42.1,0.00,0.00,64,67.39,58,68.42,22,21.96,41,21.96
11.8,42.1,0.00,0.00,61,67.39,63,68.42,32,21.96,48,21.96
23.8,42.1,0.00,0.00,98,67.39,76,68.42,53,21.96,66,21.96
14.9,42.1,0.00,0.00,99,67.39,74,68.42,54,21.96,39,21.96
17.9,42.1,0.00,0.00,59,67.39,38,68.42,48,21.96,32,21.96
22.0,42.1,0.00,0.00,69,67.39,44,68.42,45,21.96,31,21.96
20.5,42.1,0.00,0.00,64,67.39,46,68.42,53,21.96,38,21.96
17.9,42.1,0.00,0.00,70,67.39,58,68.42,56,21.96,48,21.96
22.7,42.1,0.00,0.00,87,67.39,77,68.42,51,21.96,58,21.96
23.7,42.0,0.00,0.00,99,67.39,77,68.42,59,21.96,48,21.96
34.4,42.0,0.00,0.00,99,67.39,40,68.42,0,21.96,0,21.96
16.4,37.8,0.00,0.00,99,67.39,32,68.42,0,21.96,0,21.96
14.5,38.1,0.00,0.00,99,67.39,22,68.42,0,21.96,0,21.96
14.3,38.8,0.00,0.00,85,67.39,24,68.42,0,21.96,0,21.96
91.8,39.2,0.00,0.00,93,67.39,29,68.42,0,21.96,0,21.96
31.3,39.8,0.00,0.00,99,67.39,38,68.42,0,21.96,0,21.96
74.0,38.7,0.00,0.00,43,67.39,41,68.42,0,21.96,0,21.96
70.5,39.6,0.00,0.00,0,67.39,31,68.42,0,21.96,0,21.96
13.8,40.2,0.00,0.00,0,67.39,20,68.42,0,21.96,0,21.96
13.8,40.8,0.00,0.00,0,67.39,24,68.42,8,21.96,90,21.96
87.8,41.1,0.00,0.00,0,67.39,43,68.42,79,21.96,72,21.96
22.9,41.3,0.00,0.00,0,67.39,76,68.42,55,21.96,59,21.96
21.1,41.5,0.00,0.00,0,67.39,73,68.42,54,21.96,52,21.96
23.2,41.7,0.00,0.00,0,67.39,74,68.42,54,21.96,55,21.96
12.8,41.9,0.00,0.00,0,67.39,45,68.42,27,21.96,54,21.96
18.4,42.0,0.00,0.00,0,67.39,41,68.42,26,21.96,50,21.96
12.7,42.1,0.00,0.00,39,67.39,48,68.42,34,21.96,51,21.96
16.8,42.1,0.00,0.00,67,67.39,42,68.42,29,21.96,66,21.96
25.6,42.1,0.00,0.00,73,67.39,46,68.42,41,21.96,60,21.96
23.2,42.1,0.00,0.00,99,67.39,75,68.42,51,21.96,60,21.96
22.2,42.0,0.00,0.00,99,67.39,75,68.42,62,21.96,58,21.96
19.7,42.1,0.00,0.00,99,67.39,64,68.49,46,21.96,45,21.96
20.4,40.6,0.00,0.00,94,67.39,27,70.22,41,21.96,41,21.96
17.5,38.1,0.00,0.00,76,67.39,46,80.88,64,21.96,91,21.96
22.2,37.7,0.00,0.00,60,67.39,93,80.88,80,21.96,92,21.96
20.7,37.7,0.00,0.00,70,67.39,90,80.88,78,21.96,93,21.96
17.4,37.7,0.00,0.00,99,67.39,100,80.88,97,21.96,96,21.96
17.4,37.7,0.00,0.00,99,67.39,100,80.88,95,21.96,95,21.96
17.5,37.7,0.00,0.00,99,67.39,100,80.88,95,21.96,96,21.96
19.0,37.7,0.00,0.00,99,67.39,100,80.88,95,21.96,86,21.96
18.1,33.2,0.00,0.00,82,67.39,98,77.97,0,2.95,1,2.95
9.9,20.5,0.00,0.00,86,67.39,85,61.87,1,2.95,0,2.95
19.4,20.1,0.00,0.00,84,67.39,94,61.87,0,2.95,0,2.95
8.7,20.1,0.00,0.00,99,67.39,99,61.87,0,2.95,0,2.95
8.1,20.0,0.00,0.00,99,67.39,99,61.87,0,2.95,0,2.95
11.7,20.1,0.00,0.00,99,67.39,99,61.87,0,2.95,0,2.95
11.2,20.1,0.00,0.00,99,67.39,99,61.87,0,2.95,0,2.95
14.0,20.1,0.00,0.00,99,67.39,99,61.87,0,2.95,0,2.95
11.1,20.1,0.00,0.00,96,67.39,98,61.87,0,2.95,0,2.95
8.4,20.0,0.00,0.00,98,67.39,99,61.87,0,2.95,0,2.95
9.4,20.0,0.00,0.00,99,67.39,99,61.87,0,2.95,0,2.95
8.5,20.0,0.00,0.00,99,67.39,99,61.87,0,2.95,0,2.95
12.1,20.0,0.00,0.00,99,67.39,99,61.87,0,2.95,0,2.95
10.3,20.0,0.00,0.00,99,67.39,99,61.87,0,2.95,0,2.95
10.9,20.0,0.00,0.00,98,67.39,99,61.87,0,2.95,0,2.95
7.8,20.0,0.00,0.00,97,67.39,99,61.87,0,2.95,0,2.95
9.2,20.0,0.00,0.00,99,67.39,99,61.87,0,2.95,0,2.95
8.3,20.0,0.00,0.00,99,67.39,99,61.87,0,2.95,0,2.95
11.1,20.0,0.00,0.00,99,67.39,99,61.87,0,2.95,0,2.95
12.9,20.0,0.00,0.00,99,67.39,99,61.87,0,2.95,0,2.95
12.1,20.0,0.00,0.00,99,67.39,99,61.87,0,2.95,0,2.95
7.7,20.0,0.00,0.00,96,67.39,99,61.87,0,2.95,0,2.95
7.7,20.0,0.00,0.00,99,67.39,99,61.87,0,2.95,0,2.95
7.9,20.0,0.00,0.00,99,67.39,99,61.87,0,2.95,0,2.95
12.8,20.0,0.00,0.00,99,67.39,100,61.87,0,2.95,0,2.95
11.5,20.0,0.00,0.00,99,67.39,100,61.87,0,2.95,0,2.95
10.0,20.0,0.00,0.00,99,67.39,99,61.87,0,2.95,0,2.95
16.9,20.0,0.00,0.00,96,67.39,99,61.87,0,2.95,0,2.95
8.2,20.0,0.00,0.00,99,67.39,99,61.87,0,2.95,0,2.95
8.2,20.0,0.00,0.00,99,67.39,99,61.87,0,2.95,0,2.95
11.3,20.0,0.00,0.00,99,67.39,100,61.87,0,2.95,0,2.95
12.9,20.0,0.00,0.00,99,67.39,100,61.87,0,2.95,0,2.95
10.1,20.0,0.00,0.00,99,67.39,100,61.87,0,2.95,0,2.95
10.5,20.0,0.00,0.00,93,67.39,99,61.87,0,2.95,0,2.95
7.9,20.0,0.00,0.00,99,67.39,99,61.87,0,2.95,0,2.95
13.8,20.0,0.00,0.00,99,67.39,100,61.87,0,2.95,0,2.95
7.7,20.0,0.00,0.00,99,67.39,99,61.87,0,2.95,0,2.95
11.3,20.1,0.00,0.00,99,67.39,100,61.87,0,2.95,0,2.95
11.8,20.1,0.00,0.00,99,67.39,99,61.87,0,2.95,0,2.95
9.7,20.1,0.00,0.00,99,67.39,99,61.87,0,2.95,0,2.95
8.3,20.0,0.00,0.00,94,67.39,99,61.87,0,2.95,0,2.95
8.5,20.0,0.00,0.00,99,67.39,99,61.87,0,2.95,0,2.95
8.8,20.0,0.00,0.00,99,67.39,100,61.87,0,2.95,0,2.95
10.5,20.1,0.00,0.00,99,67.39,100,61.87,0,2.95,0,2.95
11.3,20.1,0.00,0.00,99,67.39,100,61.87,0,2.95,0,2.95
9.8,20.0,0.00,0.00,99,67.39,100,61.87,0,2.95,0,2.95
6.9,18.4,0.00,0.00,72,67.39,100,61.87,0,2.95,0,2.95
6.0,18.6,0.00,0.00,0,67.39,100,61.87,0,2.95,0,2.95
7.1,18.9,0.00,0.00,0,67.39,100,61.87,0,2.95,0,2.95
9.2,19.1,0.00,0.00,0,67.39,99,61.87,0,2.95,0,2.95
9.0,19.3,0.00,0.00,0,67.39,99,61.87,0,2.95,0,2.95
9.5,19.5,0.00,0.00,0,67.39,100,61.87,0,2.95,0,2.95
6.1,19.6,0.00,0.00,0,67.39,100,61.87,0,2.95,0,2.95
7.3,19.9,0.00,0.00,0,67.39,99,61.87,0,2.95,0,2.95
7.9,20.0,0.00,0.00,20,67.39,100,61.87,0,2.95,0,2.95
11.6,20.1,0.00,0.00,99,67.39,100,61.87,0,2.95,0,2.95
10.9,20.1,0.00,0.00,99,67.39,100,61.87,0,2.95,0,2.95
8.2,18.4,0.00,0.00,99,67.39,0,58.26,0,2.95,0,2.95
6.9,14.2,0.00,0.00,99,67.39,12,2.95,0,2.95,0,2.95
9.1,14.5,0.00,0.00,98,67.39,0,2.95,0,2.95,0,2.95
11.3,14.8,0.00,0.00,99,67.39,0,2.95,0,2.95,0,2.95
15.1,15.6,0.00,0.00,99,67.39,0,2.95,0,2.95,0,2.95
97.9,16.1,0.00,0.00,99,67.39,0,2.95,0,2.95,0,2.95
12.3,16.6,0.00,0.00,99,67.39,0,2.95,0,2.95,0,2.95
16.3,19.9,0.00,0.00,99,67.39,2,10.31,0,3.11,0,5.35
16.9,22.6,0.00,0.00,99,67.39,3,18.67,3,15.44,13,16.32
15.7,24.0,0.00,0.00,99,67.39,17,39.03,11,28.94,0,28.94
13.9,24.9,0.00,0.00,97,67.39,0,39.03,0,28.94,0,28.94
26.5,25.6,0.00,0.00,99,67.39,0,39.03,0,28.94,0,28.94
12.3,26.5,0.00,0.00,98,67.39,0,39.03,0,28.94,0,28.94
15.3,27.1,0.00,0.00,99,67.39,0,39.03,0,28.94,0,28.94
13.4,28.0,0.00,0.00,99,67.39,0,39.03,0,28.94,0,28.94
14.1,28.5,0.00,0.00,98,67.39,0,39.03,0,28.94,0,28.94
12.5,29.4,0.00,0.00,99,67.39,0,39.28,0,28.94,0,28.94
12.5,31.1,0.00,0.00,99,67.39,4,54.66,0,32.31,0,33.11
15.5,35.7,0.00,0.00,99,67.39,92,98.43,29,84.19,18,84.19
19.7,37.7,0.00,0.00,99,67.39,98,96.36,100,84.19,100,84.19
19.7,37.7,0.00,0.00,80,67.39,100,96.36,100,84.19,100,84.19
17.9,37.7,0.00,0.00,66,67.39,100,96.36,100,84.19,100,84.19
20.3,37.7,0.00,0.00,61,67.39,100,96.36,100,84.19,100,84.19
22.1,37.6,0.00,0.00,65,67.39,100,96.36,100,84.19,100,84.19
15.4,37.6,0.00,0.00,99,67.39,100,96.36,100,84.19,100,84.19
18.3,37.6,0.00,0.00,99,67.39,100,96.36,100,84.19,100,84.19
18.7,37.7,0.00,0.00,99,67.39,100,96.36,100,84.19,100,84.19
19.0,37.7,0.00,0.00,95,67.39,100,96.36,100,84.19,100,84.19
17.5,37.7,0.00,0.00,68,67.39,100,96.36,100,84.19,100,84.19
19.7,37.7,0.00,0.00,70,67.39,100,96.36,100,84.19,100,84.19
18.2,37.7,0.00,0.00,66,67.39,100,96.36,100,84.19,100,84.19
19.2,37.7,0.00,0.00,92,67.39,100,96.36,100,84.19,100,84.19
16.1,37.7,0.00,0.00,99,67.39,100,96.36,100,84.19,100,84.19
15.9,37.7,0.00,0.00,99,67.39,100,96.36,100,84.19,100,84.19
18.4,37.7,0.00,0.00,99,67.39,100,96.36,100,84.19,100,84.19
19.2,37.7,0.00,0.00,75,67.39,100,96.36,100,84.19,100,84.19
19.4,37.7,0.00,0.00,79,67.39,100,96.36,100,84.19,100,84.19
17.9,37.7,0.00,0.00,69,67.39,100,96.36,100,84.19,100,84.19
16.1,37.7,0.00,0.00,86,67.39,100,96.36,100,84.19,100,84.19
15.1,37.7,0.00,0.00,99,67.39,100,96.36,100,84.19,100,84.19
16.9,37.7,0.00,0.00,99,67.39,100,96.36,100,84.19,100,84.19
20.9,37.7,0.00,0.00,99,67.39,100,96.36,100,84.19,100,84.19
17.6,37.7,0.00,0.00,80,67.39,100,96.36,100,84.19,100,84.19
19.5,37.7,0.00,0.00,69,67.39,100,96.36,100,84.19,100,84.19
19.0,37.7,0.00,0.00,74,67.39,100,96.36,100,84.19,100,84.19
15.6,37.7,0.00,0.00,78,67.39,100,96.36,100,84.19,100,84.19
14.6,37.6,0.00,0.00,99,67.39,100,97.33,100,88.73,99,88.73
15.2,32.7,0.00,0.00,99,67.39,96,97.33,0,88.73,0,88.73
16.9,33.5,0.00,0.00,96,67.39,89,97.33,0,88.73,0,88.73
14.9,33.8,0.00,0.00,99,67.39,58,97.33,0,88.73,0,88.73
18.0,34.5,0.00,0.00,80,67.39,86,97.33,0,88.73,0,88.73
15.1,34.9,0.00,0.00,85,67.39,68,97.33,0,88.73,0,88.73
99.6,35.6,0.00,0.00,99,67.39,86,97.33,0,88.73,0,88.73
37.9,36.1,0.00,0.00,99,67.39,92,97.33,0,88.73,0,88.73
35.9,36.8,0.00,0.00,99,67.39,89,97.33,0,88.73,0,88.73
27.2,37.3,0.00,0.00,99,67.39,77,97.33,0,88.73,0,88.73
14.0,37.7,0.00,0.00,84,67.39,60,97.92,55,88.73,100,88.73
17.7,37.8,0.00,0.00,69,67.39,100,97.92,100,88.73,100,88.73
17.9,37.8,0.00,0.00,67,67.39,100,97.92,100,88.73,100,88.73
15.4,37.7,0.00,0.00,99,67.39,100,97.92,100,88.73,100,88.73
19.5,37.7,0.00,0.00,72,67.39,100,97.92,100,88.73,100,88.73
13.2,36.3,0.00,0.00,0,67.39,100,97.92,100,88.73,100,88.73
44.7,36.4,0.00,0.00,0,67.39,100,97.92,100,88.73,100,88.73
17.3,36.6,0.00,0.00,0,67.39,100,97.92,100,88.73,100,88.73
18.2,36.8,0.00,0.00,0,67.39,100,97.92,100,88.73,100,88.73
22.1,36.9,0.00,0.00,0,67.39,100,97.92,100,88.73,100,88.73
13.1,37.1,0.00,0.00,0,67.39,100,97.92,100,88.73,100,88.73
14.6,37.2,0.00,0.00,0,67.39,100,97.92,100,88.73,100,88.73
18.0,37.6,0.00,0.00,0,67.39,100,97.92,100,88.73,100,88.73
20.1,37.7,0.00,0.00,0,67.39,100,97.92,100,88.73,100,88.73
19.2,37.8,0.00,0.00,9,67.39,100,97.92,100,88.73,100,88.73
22.1,37.8,0.00,0.00,68,67.39,100,97.92,100,88.73,100,88.73
22.3,37.8,0.00,0.00,69,67.39,100,97.92,100,88.73,100,88.73
14.6,37.8,0.00,0.00,99,67.39,100,97.92,100,88.73,100,88.73
17.9,37.8,0.00,0.00,99,67.39,100,97.92,100,88.73,100,88.73
18.2,37.8,0.00,0.00,99,67.39,100,97.92,100,88.73,100,88.73
18.0,37.8,0.00,0.00,99,67.39,100,97.92,100,88.73,100,88.73
19.3,37.8,0.00,0.00,69,67.39,100,97.92,100,88.73,100,88.73
18.5,37.8,0.00,0.00,66,67.39,100,97.92,100,88.73,100,88.73
18.1,37.8,0.00,0.00,76,67.39,100,97.92,100,88.73,100,88.73
12.5,37.8,0.00,0.00,99,67.39,100,97.92,100,88.73,100,88.73
16.3,37.8,0.00,0.00,99,67.39,100,97.92,100,88.73,100,88.73
13.7,37.8,0.00,0.00,99,67.39,100,97.92,100,88.73,100,88.73
17.7,37.8,0.00,0.00,99,67.39,100,97.92,100,88.73,100,88.73
17.7,37.8,0.00,0.00,77,67.39,100,97.92,100,88.73,100,88.73
18.2,37.8,0.00,0.00,76,67.39,100,97.92,100,88.73,100,88.73
15.6,37.7,0.00,0.00,94,67.39,100,97.33,100,88.73,0,88.73
14.6,33.0,0.00,0.00,99,67.39,92,97.33,0,88.73,0,88.73
95.8,33.6,0.00,0.00,99,67.39,94,97.33,0,88.73,0,88.73
73.8,34.2,0.00,0.00,99,67.39,93,97.33,0,88.73,0,88.73
15.5,34.7,0.00,0.00,99,67.39,75,97.33,0,88.73,0,88.73
22.1,35.2,0.00,0.00,75,67.39,73,97.33,0,88.73,0,88.73
14.7,35.9,0.00,0.00,67,67.39,50,97.33,0,88.73,0,88.73
15.8,36.2,0.00,0.00,97,67.39,83,97.33,0,88.73,0,88.73
15.2,37.1,0.00,0.00,99,67.39,90,97.33,0,88.73,0,88.73
25.7,37.5,0.00,0.00,99,67.39,95,97.92,21,88.73,52,88.73
16.9,37.8,0.00,0.00,99,67.39,100,97.92,100,88.73,100,88.73
19.1,37.8,0.00,0.00,76,67.39,100,97.92,100,88.73,100,88.73
18.0,37.8,0.00,0.00,73,67.39,100,97.92,100,88.73,100,88.73
18.3,37.8,0.00,0.00,73,67.39,100,97.92,100,88.73,100,88.73
19.5,37.8,0.00,0.00,82,67.39,100,97.92,100,88.73,100,88.73
18.4,37.8,0.00,0.00,99,67.39,100,97.92,100,88.73,100,88.73
19.1,37.8,0.00,0.00,99,67.39,100,97.92,100,88.73,100,88.73
17.1,37.8,0.00,0.00,99,67.39,100,97.92,100,88.73,100,88.73
20.0,37.8,0.00,0.00,72,67.39,100,97.92,100,88.73,100,88.73
18.2,37.8,0.00,0.00,73,67.39,100,97.92,100,88.73,100,88.73
18.7,37.8,0.00,0.00,73,67.39,100,97.92,100,88.73,100,88.73
18.4,37.8,0.00,0.00,81,67.39,100,97.92,100,88.73,100,88.73
17.3,37.8,0.00,0.00,84,67.39,100,97.92,100,88.73,100,88.73
18.5,37.8,0.00,0.00,74,67.39,100,97.92,100,88.73,100,88.73
17.2,37.8,0.00,0.00,77,67.39,100,97.92,100,88.73,100,88.73
27.7,37.8,0.00,0.00,79,67.39,100,97.92,100,88.73,100,88.73
17.6,37.8,0.00,0.00,99,67.39,100,97.92,100,88.73,100,88.73
18.1,37.8,0.00,0.00,99,67.39,100,97.92,100,88.73,100,88.73
17.5,37.8,0.00,0.00,99,67.39,100,97.92,100,88.73,100,88.73
18.4,37.8,0.00,0.00,90,67.39,100,97.92,100,88.73,100,88.73
19.3,37.8,0.00,0.00,80,67.39,100,97.92,100,88.73,100,88.73
18.9,37.8,0.00,0.00,91,67.39,100,97.92,100,88.73,100,88.73
13.3,37.8,0.00,0.00,86,67.39,100,97.92,100,88.73,100,88.73
16.8,37.7,0.00,0.00,99,67.39,100,97.92,100,88.73,100,88.73
15.9,37.7,0.00,0.00,99,67.39,100,97.92,100,88.73,100,88.73
20.7,37.7,0.00,0.00,99,67.39,100,97.92,100,88.73,100,88.73
19.5,37.7,0.00,0.00,74,67.39,100,97.92,100,88.73,100,88.73
19.5,37.7,0.00,0.00,77,67.39,100,97.92,100,88.73,100,88.73
19.6,37.7,0.00,0.00,99,67.39,100,97.92,100,88.73,100,88.73
13.7,37.7,0.00,0.00,88,67.39,100,97.92,100,88.73,100,88.73
12.9,37.7,0.00,0.00,99,67.39,100,97.92,100,88.73,98,88.73
15.8,32.6,0.00,0.00,99,67.39,97,97.33,0,88.73,0,88.73
15.4,33.4,0.00,0.00,99,67.39,94,97.33,0,88.73,0,88.73
15.7,33.7,0.00,0.00,99,67.39,91,97.33,0,88.73,0,88.73
18.2,34.5,0.00,0.00,96,67.39,87,97.33,0,88.73,0,88.73
23.5,34.8,0.00,0.00,98,67.39,77,97.33,0,88.73,0,88.73
14.0,35.5,0.00,0.00,99,67.39,92,97.33,0,88.73,0,88.73
14.4,36.0,0.00,0.00,99,67.39,90,97.33,0,88.73,0,88.73
14.8,35.2,0.00,0.00,39,66.61,86,97.33,0,88.73,0,88.73
41.8,31.5,0.00,0.00,12,2.95,90,97.33,0,88.73,0,88.73
16.0,31.7,0.00,0.00,0,2.95,98,97.92,100,88.73,100,88.73
18.4,31.7,0.00,0.00,0,2.95,100,97.92,100,88.73,100,88.73
10.0,31.7,0.00,0.00,0,2.95,100,97.92,100,88.73,100,88.73
15.0,31.7,0.00,0.00,0,2.95,100,97.92,100,88.73,100,88.73
11.0,31.7,0.00,0.00,0,2.95,100,97.92,100,88.73,100,88.73
15.3,31.7,0.00,0.00,0,2.95,100,97.92,100,88.73,100,88.73
14.7,31.7,0.00,0.00,0,2.95,100,97.92,100,88.73,100,88.73
17.1,31.7,0.00,0.00,0,2.95,100,97.92,100,88.73,100,88.73
11.1,31.7,0.00,0.00,0,2.95,100,97.92,100,88.73,100,88.73
12.2,31.7,0.00,0.00,0,2.95,100,97.92,100,88.73,100,88.73
13.3,31.7,0.00,0.00,0,2.95,100,97.92,100,88.73,100,88.73
15.8,31.7,0.00,0.00,0,2.95,100,97.92,100,88.73,100,88.73
15.9,31.7,0.00,0.00,0,2.95,100,97.92,100,88.73,100,88.73
16.4,31.7,0.00,0.00,0,2.95,100,97.92,100,88.73,100,88.73
13.9,31.7,0.00,0.00,0,2.95,100,97.92,100,88.73,100,88.73
14.0,31.7,0.00,0.00,0,2.95,100,97.92,100,88.73,100,88.73
13.3,31.7,0.00,0.00,0,2.95,100,97.92,100,88.73,100,88.73
15.0,31.7,0.00,0.00,0,2.95,100,97.92,100,88.73,100,88.73
15.1,31.7,0.00,0.00,0,2.95,100,97.92,100,88.73,100,88.73
14.9,31.7,0.00,0.00,0,2.95,100,97.92,100,88.73,100,88.73
14.3,31.7,0.00,0.00,0,2.95,100,97.92,100,88.73,100,88.73
10.4,31.7,0.00,0.00,0,2.95,100,97.92,100,88.73,100,88.73
8.8,31.7,0.00,0.00,0,2.95,100,97.92,100,88.73,100,88.73
13.7,31.7,0.00,0.00,0,2.95,100,97.92,100,88.73,100,88.73
16.5,31.7,0.00,0.00,0,2.95,100,97.92,100,88.73,100,88.73
16.0,31.7,0.00,0.00,0,2.95,100,97.92,100,88.73,100,88.73
15.9,31.7,0.00,0.00,0,2.95,100,97.92,100,88.73,100,88.73
11.7,31.7,0.00,0.00,0,2.95,100,97.92,100,88.73,100,88.73
12.0,31.7,0.00,0.00,0,2.95,100,97.92,100,88.73,100,88.73
15.4,31.7,0.00,0.00,0,2.95,100,97.92,100,88.73,100,88.73
15.2,31.7,0.00,0.00,0,2.95,100,97.92,100,88.73,100,88.73
15.1,31.7,0.00,0.00,0,2.95,100,97.92,100,88.73,100,88.73
16.2,31.7,0.00,0.00,0,2.95,100,97.92,100,88.73,100,88.73
9.6,31.7,0.00,0.00,0,2.95,100,97.92,100,88.73,100,88.73
18.1,28.3,0.00,0.00,0,2.95,97,96.26,0,85.82,1,2.95
6.5,13.1,0.00,0.00,0,2.95,13,27.03,2,2.95,0,2.95
5.2,12.9,0.00,0.00,0,2.95,0,27.03,0,2.95,0,2.95
8.2,13.1,0.00,0.00,0,2.95,0,27.03,0,2.95,0,2.95
5.2,13.3,0.00,0.00,0,2.95,0,27.03,0,2.95,0,2.95
2.5,13.5,0.00,0.00,0,2.95,0,27.03,0,2.95,0,2.95
51.9,13.7,0.00,0.00,0,2.95,0,27.03,0,2.95,0,2.95
26.2,14.0,0.00,0.00,0,2.95,0,27.03,0,2.95,0,2.95
64.5,14.1,0.00,0.00,0,2.95,0,27.03,0,2.95,0,2.95
6.9,14.3,0.00,0.00,0,2.95,3,27.03,0,2.95,0,2.95
4.4,14.2,0.00,0.00,0,2.95,87,27.03,0,2.95,0,2.95
5.4,14.2,0.00,0.00,0,2.95,94,27.03,0,2.95,0,2.95
4.2,14.2,0.00,0.00,0,2.95,89,27.03,0,2.95,0,2.95
6.8,14.2,0.00,0.00,0,2.95,92,27.03,0,2.95,0,2.95
6.0,14.2,0.00,0.00,0,2.95,71,27.03,0,2.95,0,2.95
6.4,14.2,0.00,0.00,0,2.95,77,27.03,0,2.95,0,2.95
4.6,14.2,0.00,0.00,0,2.95,91,27.03,0,2.95,0,2.95
4.8,14.2,0.00,0.00,0,2.95,94,27.03,0,2.95,0,2.95
4.6,14.2,0.00,0.00,0,2.95,90,27.03,0,2.95,0,2.95
7.1,14.2,0.00,0.00,0,2.95,89,27.03,0,2.95,0,2.95
7.4,14.2,0.00,0.00,0,2.95,75,27.03,0,2.95,0,2.95
7.2,14.2,0.00,0.00,0,2.95,85,27.03,0,2.95,0,2.95
4.6,14.2,0.00,0.00,0,2.95,95,27.03,0,2.95,0,2.95
5.8,14.2,0.00,0.00,0,2.95,96,27.03,0,2.95,0,2.95
4.4,14.2,0.00,0.00,0,2.95,96,27.03,0,2.95,0,2.95
8.1,14.3,0.00,0.00,0,2.95,95,27.03,0,2.95,0,2.95
8.6,14.3,0.00,0.00,0,2.95,93,27.03,0,2.95,0,2.95
6.6,14.3,0.00,0.00,0,2.95,93,27.03,0,2.95,0,2.95
5.8,14.2,0.00,0.00,0,2.95,95,27.03,0,2.95,0,2.95
4.4,14.2,0.00,0.00,0,2.95,96,27.03,0,2.95,0,2.95
4.6,14.2,0.00,0.00,0,2.95,96,27.03,0,2.95,0,2.95
7.0,14.2,0.00,0.00,0,2.95,95,27.03,0,2.95,0,2.95
6.1,14.2,0.00,0.00,0,2.95,82,27.03,0,2.95,0,2.95
5.9,14.3,0.00,0.00,0,2.95,84,27.03,0,2.95,0,2.95
4.8,14.2,0.00,0.00,0,2.95,96,27.03,0,2.95,0,2.95
6.8,14.2,0.00,0.00,0,2.95,94,27.03,0,2.95,0,2.95
6.5,14.3,0.00,0.00,0,2.95,84,27.03,0,2.95,0,2.95
6.5,14.3,0.00,0.00,0,2.95,83,27.03,0,2.95,0,2.95
7.4,14.3,0.00,0.00,0,2.95,89,27.03,0,2.95,0,2.95
7.2,14.3,0.00,0.00,0,2.95,88,27.03,0,2.95,0,2.95
7.0,14.2,0.00,0.00,0,2.95,84,27.03,0,2.95,0,2.95
5.4,14.2,0.00,0.00,0,2.95,95,27.03,0,2.95,0,2.95
4.6,14.2,0.00,0.00,0,2.95,96,27.03,0,2.95,0,2.95
5.0,14.2,0.00,0.00,0,2.95,96,27.03,0,2.95,0,2.95
7.6,14.2,0.00,0.00,0,2.95,95,27.03,0,2.95,0,2.95
6.5,14.3,0.00,0.00,0,2.95,81,27.03,0,2.95,0,2.95
5.9,14.2,0.00,0.00,0,2.95,82,27.03,0,2.95,0,2.95
5.0,14.2,0.00,0.00,0,2.95,91,27.03,0,2.95,0,2.95
4.6,14.2,0.00,0.00,0,2.95,96,27.03,0,2.95,0,2.95
6.5,14.2,0.00,0.00,0,2.95,96,27.03,0,2.95,0,2.95
7.8,14.2,0.00,0.00,0,2.95,95,27.03,0,2.95,0,2.95
5.1,14.2,0.00,0.00,0,2.95,91,27.03,0,2.95,0,2.95
6.5,14.2,0.00,0.00,0,2.95,83,27.03,0,2.95,0,2.95
5.0,14.2,0.00,0.00,0,2.95,95,27.03,0,2.95,0,2.95
4.6,14.2,0.00,0.00,0,2.95,96,27.03,0,2.95,0,2.95
4.4,14.2,0.00,0.00,0,2.95,95,27.03,0,2.95,0,2.95
7.4,14.2,0.00,0.00,0,2.95,95,27.03,0,2.95,0,2.95
7.3,14.2,0.00,0.00,0,2.95,89,27.03,0,2.95,0,2.95
7.0,14.2,0.00,0.00,0,2.95,88,27.03,0,2.95,0,2.95
5.8,14.2,0.00,0.00,0,2.95,95,27.03,0,2.95,0,2.95
4.6,14.2,0.00,0.00,0,2.95,95,27.03,0,2.95,0,2.95
8.7,14.2,0.00,0.00,0,2.95,91,27.03,0,2.95,0,2.95
5.3,12.8,0.00,0.00,0,2.95,0,27.03,0,2.95,0,2.95
5.9,12.9,0.00,0.00,0,2.95,0,27.03,0,2.95,0,2.95
2.5,13.1,0.00,0.00,0,2.95,0,27.03,0,2.95,0,2.95
3.1,13.3,0.00,0.00,0,2.95,0,27.03,0,2.95,0,2.95
2.3,13.6,0.00,0.00,0,2.95,0,27.03,0,2.95,0,2.95
5.2,13.8,0.00,0.00,0,2.95,0,27.03,0,2.95,0,2.95
4.8,14.1,0.00,0.00,0,2.95,0,27.03,0,2.95,0,2.95
7.5,14.2,0.00,0.00,0,2.95,0,27.03,0,2.95,0,2.95
5.4,14.2,0.00,0.00,0,2.95,94,27.03,0,2.95,0,2.95
4.6,14.2,0.00,0.00,0,2.95,90,27.03,0,2.95,0,2.95
6.5,14.2,0.00,0.00,0,2.95,91,27.03,0,2.95,0,2.95
8.3,14.2,0.00,0.00,0,2.95,74,27.03,0,2.95,0,2.95
6.6,14.2,0.00,0.00,0,2.95,72,27.03,0,2.95,0,2.95
6.1,14.2,0.00,0.00,0,2.95,74,27.03,0,2.95,0,2.95
5.0,14.2,0.00,0.00,0,2.95,95,27.03,0,2.95,0,2.95
4.8,14.2,0.00,0.00,0,2.95,95,27.03,0,2.95,0,2.95
7.7,14.3,0.00,0.00,0,2.95,93,27.03,0,2.95,0,2.95
7.4,14.3,0.00,0.00,0,2.95,82,27.03,0,2.95,0,2.95
7.2,14.3,0.00,0.00,0,2.95,77,27.03,0,2.95,0,2.95
7.4,14.3,0.00,0.00,0,2.95,75,27.03,0,2.95,0,2.95
5.0,14.2,0.00,0.00,0,2.95,92,27.03,0,2.95,0,2.95
5.0,14.2,0.00,0.00,0,2.95,92,27.03,0,2.95,0,2.95
6.9,14.2,0.00,0.00,0,2.95,90,27.03,0,2.95,0,2.95
8.1,14.2,0.00,0.00,0,2.95,80,27.03,0,2.95,0,2.95
6.3,14.3,0.00,0.00,0,2.95,79,27.03,0,2.95,0,2.95
10.7,14.3,0.00,0.00,0,2.95,86,27.03,0,2.95,0,2.95
6.2,14.2,0.00,0.00,0,2.95,92,27.03,0,2.95,0,2.95
5.4,14.2,0.00,0.00,0,2.95,95,27.03,0,2.95,0,2.95
9.1,14.2,0.00,0.00,0,2.95,94,27.03,0,2.95,0,2.95
7.9,14.2,0.00,0.00,0,2.95,79,27.03,0,2.95,0,2.95
7.2,14.2,0.00,0.00,0,2.95,77,27.03,0,2.95,0,2.95
5.2,14.2,0.00,0.00,0,2.95,78,27.03,0,2.95,0,2.95
4.8,14.2,0.00,0.00,0,2.95,95,27.03,0,2.95,0,2.95
4.8,14.2,0.00,0.00,0,2.95,91,27.03,0,2.95,0,2.95
7.4,14.2,0.00,0.00,0,2.95,92,27.03,0,2.95,0,2.95
7.9,14.2,0.00,0.00,0,2.95,89,27.03,0,2.95,0,2.95
6.8,14.2,0.00,0.00,0,2.95,79,27.03,0,2.95,0,2.95
5.7,14.2,0.00,0.00,0,2.95,84,27.03,0,2.95,0,2.95
7.4,14.2,0.00,0.00,0,2.95,92,27.03,0,2.95,0,2.95
7.6,14.2,0.00,0.00,0,2.95,92,27.03,0,2.95,0,2.95
7.2,14.3,0.00,0.00,0,2.95,93,27.03,0,2.95,0,2.95
6.5,14.2,0.00,0.00,0,2.95,81,27.03,0,2.95,0,2.95
8.0,14.3,0.00,0.00,0,2.95,71,27.03,0,2.95,0,2.95
4.8,14.2,0.00,0.00,0,2.95,87,27.03,0,2.95,0,2.95
4.6,14.2,0.00,0.00,0,2.95,92,27.03,0,2.95,0,2.95
5.2,14.2,0.00,0.00,0,2.95,94,27.03,0,2.95,0,2.95
7.0,14.2,0.00,0.00,0,2.95,94,27.03,0,2.95,0,2.95
5.5,14.2,0.00,0.00,0,2.95,77,27.03,0,2.95,0,2.95
7.8,14.2,0.00,0.00,0,2.95,77,27.03,0,2.95,0,2.95
4.8,14.2,0.00,0.00,0,2.95,79,27.03,0,2.95,0,2.95
4.6,14.2,0.00,0.00,0,2.95,94,27.03,0,2.95,0,2.95
4.6,14.2,0.00,0.00,0,2.95,94,27.03,0,2.95,0,2.95
7.5,14.3,0.00,0.00,0,2.95,94,27.03,0,2.95,0,2.95
6.9,14.3,0.00,0.00,0,2.95,81,27.03,0,2.95,0,2.95
6.6,14.3,0.00,0.00,0,2.95,82,27.03,0,2.95,0,2.95
4.6,14.2,0.00,0.00,0,2.95,94,27.03,0,2.95,0,2.95
4.6,14.2,0.00,0.00,0,2.95,95,27.03,0,2.95,0,2.95
5.0,14.2,0.00,0.00,0,2.95,93,27.03,0,2.95,0,2.95
6.5,12.6,0.00,0.00,0,2.95,49,23.3,0,2.95,0,2.95
6.1,8.6,0.00,0.00,0,2.95,4,2.95,0,2.95,0,2.95
0.6,8.2,0.00,0.00,0,2.95,0,2.95,0,2.95,0,2.95
0.0,8.2,0.00,0.00,0,2.95,0,2.95,0,2.95,0,2.95
0.6,8.2,0.00,0.00,0,2.95,0,2.95,0,2.95,0,2.95
2.9,8.2,0.00,0.00,0,2.95,0,2.95,0,2.95,0,2.95
4.0,8.2,0.00,0.00,0,2.95,0,2.95,0,2.95,0,2.95
1.9,8.2,0.00,0.00,0,2.95,0,2.95,0,2.95,0,2.95
0.4,8.2,0.00,0.00,0,2.95,0,2.95,0,2.95,0,2.95
0.0,8.1,0.00,0.00,0,2.95,0,2.95,0,2.95,0,2.95
4.6,8.1,0.00,0.00,0,2.95,0,2.95,0,2.95,0,2.95
3.8,8.1,0.00,0.00,0,2.95,0,2.95,0,2.95,0,2.95
2.5,8.1,0.00,0.00,0,2.95,0,2.95,0,2.95,0,2.95
0.4,8.1,0.00,0.00,0,2.95,0,2.95,0,2.95,0,2.95
0.6,8.1,0.00,0.00,0,2.95,0,2.95,0,2.95,0,2.95
