3.7,8.1,0.00,0.00,0,2.95,0,2.95,0,2.95,0,2.95
0.4,8.1,0.00,0.00,0,2.95,0,2.95,0,2.95,0,2.95
0.4,8.1,0.00,0.00,0,2.95,0,2.95,0,2.95,0,2.95
3.3,8.1,0.00,0.00,0,2.95,0,2.95,0,2.95,0,2.95
3.2,8.1,0.00,0.00,0,2.95,0,2.95,0,2.95,0,2.95
3.4,8.1,0.00,0.00,0,2.95,0,2.95,0,2.95,0,2.95
2.1,8.3,0.00,0.00,0,2.95,0,2.95,0,2.95,0,2.95
3.3,8.4,0.00,0.00,0,2.95,0,2.95,0,2.95,0,2.95
6.5,9.1,0.00,0.00,0,2.95,0,2.95,0,2.95,0,2.95
9.0,9.5,0.00,0.00,0,2.95,0,2.95,0,2.95,0,2.95
6.7,9.7,0.00,0.00,0,2.95,0,2.95,0,2.95,0,2.95
6.2,10.4,0.00,0.00,0,6.23,0,7.45,3,9.21,0,2.95
14.2,15.3,0.00,0.00,5,10.09,3,10.09,2,10.09,0,2.95
11.3,16.7,0.00,0.00,0,10.09,0,10.09,0,10.09,0,2.95
17.5,17.5,0.00,0.00,0,10.09,0,10.09,0,10.09,0,2.95
12.9,18.5,0.00,0.00,0,10.09,0,10.09,0,10.09,0,2.95
10.3,18.9,0.00,0.00,0,10.09,0,10.09,0,10.09,1,6.31
69.2,21.8,0.00,0.00,0,10.09,0,10.09,0,10.09,5,21.7
70.0,24.1,0.00,0.00,0,10.09,0,10.09,0,10.09,11,45.43
24.7,26.1,0.00,0.00,0,10.09,0,10.09,0,10.09,0,45.43
66.5,27.6,0.00,0.00,0,10.09,0,10.09,0,10.09,0,45.43
15.6,28.8,0.00,0.00,0,10.58,15,11.85,0,22.79,0,45.43
16.2,31.8,0.00,0.00,2,23.47,65,23.71,65,27.91,0,45.43
25.6,37.9,0.00,0.00,68,34.31,79,35.99,74,37.75,0,45.43
23.9,43.4,0.00,0.00,50,37.75,67,37.75,78,37.75,0,45.43
18.4,44.2,0.00,0.00,69,37.75,63,37.75,65,37.75,0,45.43
21.9,44.8,0.00,0.00,65,37.75,80,37.75,84,37.75,0,47.24
24.7,46.4,0.00,0.00,69,37.75,56,37.75,76,37.75,41,56.9
23.1,46.9,0.00,0.00,59,37.75,60,37.75,82,37.75,55,56.9
24.5,47.8,0.00,0.00,66,37.75,51,37.75,85,37.75,83,56.9
24.0,48.5,0.00,0.00,50,37.75,73,37.75,75,37.75,93,56.9
24.7,49.4,0.00,0.00,56,37.75,66,37.75,71,37.75,89,56.9
74.5,50.0,0.00,0.00,68,37.75,65,37.75,59,37.75,31,56.9
20.4,50.5,0.00,0.00,61,37.75,61,39.17,70,40.51,25,56.9
92.6,54.0,0.00,0.00,67,51.13,80,51.13,78,51.13,32,56.9
24.9,54.5,0.00,0.00,93,51.13,92,51.13,93,51.13,21,56.9
45.8,55.0,0.00,0.00,85,51.13,89,51.13,94,51.13,25,56.9
43.0,55.8,0.00,0.00,86,51.13,87,51.13,94,51.13,78,56.9
25.5,56.2,0.00,0.00,94,51.13,84,51.13,95,51.13,82,56.9
27.4,56.9,0.00,0.00,94,51.13,88,51.13,95,51.13,82,56.9
29.8,57.3,0.00,0.00,94,51.13,88,51.13,94,51.13,25,56.9
95.4,58.0,0.00,0.00,94,51.13,89,51.13,94,51.13,25,56.9
28.5,58.4,0.00,0.00,94,51.13,94,51.13,94,51.13,26,56.9
32.9,58.7,0.00,0.00,84,51.13,95,51.13,93,51.13,25,56.9
25.7,59.2,0.00,0.00,93,51.13,94,51.16,94,51.13,25,56.9
27.6,59.4,0.00,0.00,92,51.13,93,51.16,94,51.16,26,56.9
36.3,59.4,0.00,0.00,94,51.13,95,51.16,92,51.16,75,56.9
24.6,59.4,0.00,0.00,95,51.13,95,51.16,96,51.16,29,56.9
26.1,59.4,0.00,0.00,95,51.13,94,51.16,94,51.16,28,56.9
25.2,59.4,0.00,0.00,95,51.13,95,51.16,95,51.16,29,56.9
27.6,59.4,0.00,0.00,95,51.13,96,51.16,91,51.16,31,56.9
25.1,59.4,0.00,0.00,95,51.13,95,51.16,95,51.16,91,56.9
21.5,59.4,0.00,0.00,93,51.13,94,51.16,93,51.16,93,56.9
23.4,59.4,0.00,0.00,94,51.13,94,51.16,95,51.16,27,56.9
23.9,59.4,0.00,0.00,94,51.13,95,51.16,95,51.16,28,56.9
24.1,59.4,0.00,0.00,95,51.13,95,51.25,95,51.25,38,56.9
22.7,54.4,0.00,0.00,73,51.23,62,51.25,64,51.25,33,56.9
29.9,55.2,0.00,0.00,57,51.23,75,51.25,64,51.25,85,56.9
22.0,55.5,0.00,0.00,65,51.23,66,51.25,68,51.25,81,56.9
20.0,56.3,0.00,0.00,70,51.23,72,51.25,70,51.25,82,56.9
19.9,56.7,0.00,0.00,63,51.23,73,51.25,60,51.25,31,56.9
22.1,57.4,0.00,0.00,66,51.23,64,51.25,63,51.25,38,56.9
83.3,57.8,0.00,0.00,74,51.23,62,51.25,62,51.25,33,56.9
62.5,58.4,0.00,0.00,78,51.23,67,51.25,65,51.25,32,56.9
23.1,58.9,0.00,0.00,73,51.23,80,51.25,63,51.25,87,56.9
26.4,59.5,0.00,0.00,82,51.23,86,51.25,81,51.25,89,56.9
22.8,59.5,0.00,0.00,96,51.23,96,51.25,96,51.35,89,56.9
42.1,59.5,0.00,0.00,96,51.33,75,52.55,51,53.74,38,56.9
27.7,57.4,0.00,0.00,62,64.73,49,64.73,95,64.73,25,56.9
99.8,57.7,0.00,0.00,94,64.73,92,64.73,87,64.73,24,56.9
31.5,58.2,0.00,0.00,93,64.73,91,64.73,86,64.73,30,56.9
32.2,58.8,0.00,0.00,82,64.73,96,64.73,94,64.73,24,56.9
39.2,59.1,0.00,0.00,85,64.73,88,64.73,93,64.73,80,56.9
31.2,59.9,0.00,0.00,83,64.73,88,64.73,97,64.73,75,56.9
33.4,60.3,0.00,0.00,95,64.73,86,64.73,95,64.73,88,56.9
28.7,61.2,0.00,0.00,83,64.73,92,64.73,96,64.73,43,56.9
57.0,61.4,0.00,0.00,90,64.73,87,64.73,85,64.73,32,56.9
24.6,61.8,0.00,0.00,94,64.73,96,64.73,93,64.73,24,56.9
25.4,61.9,0.00,0.00,86,64.73,96,64.73,90,64.73,28,56.9
21.6,61.9,0.00,0.00,93,64.73,92,64.73,92,64.73,29,56.9
26.8,61.9,0.00,0.00,92,64.73,93,64.73,93,64.73,33,56.9
31.7,61.9,0.00,0.00,90,64.73,98,64.73,91,64.73,84,56.9
30.0,61.9,0.00,0.00,92,64.73,98,64.73,96,64.73,30,85.62
23.3,61.2,0.00,0.00,97,64.73,93,64.73,96,64.73,100,85.62
25.6,61.4,0.00,0.00,93,64.73,94,64.73,96,64.73,100,85.62
30.0,61.7,0.00,0.00,90,64.73,91,64.73,96,64.73,99,85.62
29.9,61.7,0.00,0.00,89,64.73,86,64.73,99,64.73,99,85.62
29.0,61.9,0.00,0.00,95,64.73,92,64.73,93,64.73,99,85.62
28.5,62.1,0.00,0.00,90,64.73,98,64.73,95,64.73,99,85.62
28.1,62.2,0.00,0.00,90,64.73,96,64.73,94,64.73,99,85.62
26.3,62.4,0.00,0.00,94,64.73,94,64.73,97,64.73,99,85.62
23.9,62.6,0.00,0.00,96,64.73,93,64.73,93,64.73,100,85.62
24.3,62.7,0.00,0.00,98,64.73,97,64.73,94,64.73,99,85.62
26.2,62.7,0.00,0.00,98,64.73,93,64.73,95,64.73,99,85.62
26.6,62.7,0.00,0.00,94,64.73,96,64.73,94,64.73,100,85.62
25.7,62.7,0.00,0.00,89,64.73,98,64.73,95,64.73,100,85.62
25.5,62.7,0.00,0.00,90,64.73,96,64.73,94,64.73,99,85.62
39.0,62.7,0.00,0.00,88,64.73,86,64.73,66,64.73,100,85.62
16.1,58.1,0.00,0.00,69,64.73,68,64.83,67,64.83,100,85.62
23.2,55.6,0.00,0.00,15,64.83,14,64.83,14,64.83,99,85.62
59.8,54.9,0.00,0.00,57,64.83,69,64.83,54,64.83,99,85.62
37.2,55.6,0.00,0.00,67,64.83,66,64.83,46,64.83,100,85.62
62.9,56.7,0.00,0.00,67,64.83,77,64.83,54,64.83,99,85.62
28.9,57.8,0.00,0.00,50,64.83,69,64.83,58,64.83,95,85.62
25.5,58.5,0.00,0.00,54,64.83,60,64.83,67,64.83,99,85.62
25.7,60.0,0.00,0.00,65,64.83,64,64.83,74,64.83,97,85.62
29.8,60.9,0.00,0.00,58,64.83,84,64.83,64,64.83,99,85.62
31.7,62.0,0.00,0.00,75,64.83,93,64.83,95,64.83,100,85.62
31.5,62.3,0.00,0.00,90,64.83,88,64.83,91,64.83,99,85.62
27.0,62.7,0.00,0.00,95,64.83,94,64.83,93,64.83,99,85.62
29.0,62.8,0.00,0.00,95,64.83,96,64.83,94,64.83,99,85.62
26.4,62.8,0.00,0.00,96,64.83,95,64.83,95,64.83,99,85.62
23.6,62.8,0.00,0.00,95,64.83,95,64.83,96,64.83,100,85.62
21.7,62.8,0.00,0.00,96,64.83,95,64.83,95,64.83,99,85.62
20.9,62.8,0.00,0.00,96,64.83,97,64.83,95,64.83,99,85.62
26.1,62.8,0.00,0.00,95,64.83,96,64.83,94,64.83,100,85.62
25.7,62.8,0.00,0.00,95,64.83,96,64.83,95,64.83,99,85.62
25.5,62.8,0.00,0.00,95,64.83,95,64.83,95,64.83,100,85.62
26.1,62.8,0.00,0.00,95,64.83,95,64.83,95,64.83,100,85.62
27.6,62.8,0.00,0.00,95,64.83,95,64.83,95,64.83,100,85.62
23.8,62.8,0.00,0.00,95,64.83,96,64.83,96,64.83,100,85.62
19.8,62.8,0.00,0.00,96,64.83,96,64.83,96,64.83,100,85.62
22.8,62.8,0.00,0.00,95,64.83,96,64.83,95,64.83,100,85.62
26.6,62.8,0.00,0.00,95,64.83,95,64.83,94,64.83,100,85.62
25.6,62.8,0.00,0.00,91,64.83,97,64.83,96,64.83,99,85.62
26.5,62.8,0.00,0.00,95,64.83,96,64.83,95,64.83,100,85.62
26.9,62.8,0.00,0.00,94,64.83,97,64.83,91,64.83,100,85.62
22.8,62.8,0.00,0.00,96,64.83,95,64.83,96,64.83,100,85.62
21.2,62.8,0.00,0.00,95,64.83,96,64.83,96,64.83,100,85.62
15.9,62.8,0.00,0.00,96,64.83,96,64.83,96,64.83,100,85.62
25.8,62.8,0.00,0.00,95,64.83,95,64.83,95,64.83,99,85.62
26.0,62.8,0.00,0.00,95,64.83,95,64.83,95,64.83,100,85.62
21.1,62.8,0.00,0.00,95,64.83,95,64.83,81,64.83,99,85.62
30.1,58.0,0.00,0.00,83,64.83,88,64.83,84,64.83,98,85.62
31.8,58.6,0.00,0.00,88,64.83,93,64.83,88,64.83,95,85.62
32.9,59.0,0.00,0.00,94,64.83,99,64.83,92,64.83,99,85.62
28.3,59.8,0.00,0.00,82,64.83,100,64.83,88,64.83,97,85.62
32.8,60.3,0.00,0.00,96,64.83,99,64.83,91,64.83,96,85.62
33.3,60.9,0.00,0.00,87,64.83,93,64.83,94,64.83,99,85.62
30.7,61.2,0.00,0.00,88,64.83,90,64.83,82,64.83,100,85.62
88.1,61.8,0.00,0.00,96,64.83,93,64.83,92,64.83,100,85.62
27.7,57.2,0.00,0.00,72,64.83,77,64.83,56,64.83,98,85.62
37.8,58.2,0.00,0.00,52,64.83,69,64.83,77,64.83,100,85.62
18.1,58.8,0.00,0.00,78,64.83,53,64.83,87,64.83,100,85.62
20.2,59.6,0.00,0.00,74,64.83,77,64.83,57,64.83,100,85.62
23.3,60.0,0.00,0.00,82,64.83,70,64.83,77,64.83,98,85.62
22.8,60.8,0.00,0.00,76,64.83,68,64.83,69,64.83,100,85.62
86.1,61.1,0.00,0.00,76,64.83,73,64.83,60,64.83,100,85.62
51.1,61.7,0.00,0.00,71,64.83,65,64.83,64,64.83,100,85.62
21.1,62.2,0.00,0.00,65,64.83,76,64.83,56,64.83,97,85.62
20.8,62.7,0.00,0.00,71,64.83,80,64.83,69,64.83,100,85.62
26.0,62.8,0.00,0.00,90,64.83,96,64.83,96,64.83,100,85.62
28.1,62.8,0.00,0.00,89,64.83,96,64.83,96,64.83,100,85.62
28.7,62.8,0.00,0.00,95,64.83,98,64.83,95,64.83,100,85.62
24.3,62.8,0.00,0.00,95,64.83,93,64.83,96,64.83,100,85.62
26.7,62.8,0.00,0.00,98,64.83,99,64.83,96,64.83,100,85.62
26.3,62.8,0.00,0.00,92,64.83,95,64.83,91,64.83,100,85.62
25.4,62.8,0.00,0.00,95,64.83,97,64.83,92,64.83,100,85.62
28.7,62.8,0.00,0.00,93,64.83,94,64.83,96,64.83,100,85.62
28.9,62.8,0.00,0.00,94,64.83,95,64.83,92,64.83,99,85.62
23.2,62.8,0.00,0.00,94,64.83,92,64.83,98,64.83,100,85.62
18.9,62.8,0.00,0.00,96,64.83,98,64.83,99,64.83,100,85.62
23.1,62.8,0.00,0.00,96,64.83,100,64.83,98,64.83,100,85.62
22.9,62.8,0.00,0.00,98,64.83,98,64.83,97,64.83,100,85.62
29.2,57.9,0.00,0.00,78,64.83,80,64.83,88,64.83,100,85.62
31.7,58.5,0.00,0.00,87,64.83,95,64.83,94,64.83,99,85.62
31.7,58.8,0.00,0.00,85,64.83,95,64.83,93,64.83,99,85.62
27.9,59.5,0.00,0.00,95,64.83,86,64.83,92,64.83,100,85.62
22.3,59.9,0.00,0.00,92,64.83,91,64.83,95,64.83,100,85.62
29.6,60.7,0.00,0.00,91,64.83,92,64.83,94,64.83,99,85.62
31.2,61.1,0.00,0.00,91,64.83,90,64.83,94,64.83,98,85.62
31.9,61.7,0.00,0.00,94,64.83,90,64.83,85,64.83,100,85.62
27.8,62.2,0.00,0.00,94,64.83,95,64.83,90,64.83,100,85.62
29.8,62.5,0.00,0.00,83,64.83,96,64.83,95,64.83,100,85.62
30.1,62.8,0.00,0.00,95,64.83,96,64.83,95,64.83,100,85.62
42.0,62.8,0.00,0.00,94,64.83,95,64.83,96,64.83,100,85.62
19.2,62.8,0.00,0.00,95,64.83,97,64.83,96,64.83,100,85.62
21.3,62.8,0.00,0.00,96,64.83,96,64.83,96,64.83,100,85.62
23.5,62.8,0.00,0.00,95,64.83,96,64.83,96,64.83,99,85.62
27.4,62.8,0.00,0.00,95,64.83,95,64.83,96,64.83,99,85.62
25.6,62.8,0.00,0.00,94,64.83,96,64.83,88,64.83,100,85.62
27.0,62.8,0.00,0.00,94,64.83,96,64.83,96,64.83,99,85.62
27.1,62.8,0.00,0.00,95,64.83,96,64.83,93,64.83,100,85.62
19.7,62.8,0.00,0.00,95,64.83,96,64.83,96,64.83,100,85.62
37.3,61.3,0.00,0.00,94,64.83,78,64.83,70,64.83,100,85.62
21.2,58.4,0.00,0.00,66,64.83,84,64.83,75,64.83,100,85.62
20.8,58.7,0.00,0.00,64,64.83,77,64.83,71,64.83,100,85.62
79.6,59.4,0.00,0.00,70,64.83,75,64.83,62,64.83,100,85.62
22.3,59.8,0.00,0.00,78,64.83,81,64.83,55,64.83,100,85.62
17.2,60.3,0.00,0.00,77,64.83,74,64.83,64,64.83,99,85.62
23.5,61.0,0.00,0.00,70,64.83,87,64.83,68,64.83,100,85.62
23.5,61.6,0.00,0.00,77,64.83,71,64.83,71,64.83,100,85.62
19.9,62.2,0.00,0.00,66,64.83,78,64.83,68,64.83,99,85.62
33.9,62.6,0.00,0.00,60,64.83,78,64.83,65,64.83,100,85.62
26.6,62.8,0.00,0.00,68,64.83,96,64.83,95,64.83,100,85.62
26.8,62.8,0.00,0.00,95,64.83,95,64.83,95,64.83,100,85.62
17.9,62.8,0.00,0.00,95,64.83,96,64.83,96,64.83,100,85.62
32.7,59.4,0.00,0.00,91,64.83,84,64.83,75,64.83,100,85.62
28.7,58.5,0.00,0.00,96,64.83,87,64.83,98,64.83,99,85.62
31.7,58.9,0.00,0.00,90,64.83,91,64.83,98,64.83,100,85.62
32.3,59.6,0.00,0.00,83,64.83,89,64.83,95,64.83,100,85.62
56.4,59.9,0.00,0.00,93,64.83,96,64.83,86,64.83,100,85.62
33.3,60.4,0.00,0.00,92,64.83,94,64.83,96,64.83,100,85.62
30.2,61.0,0.00,0.00,94,64.83,92,64.83,94,64.83,98,85.62
31.9,61.2,0.00,0.00,93,64.83,86,64.83,94,64.83,100,85.62
25.2,62.1,0.00,0.00,96,64.83,92,64.83,95,64.83,99,85.62
30.4,62.5,0.00,0.00,96,64.83,98,64.83,99,64.83,100,85.62
26.0,62.8,0.00,0.00,96,64.83,100,64.83,98,64.83,100,85.62
23.0,62.8,0.00,0.00,95,64.83,99,64.83,98,64.83,100,85.62
21.6,62.8,0.00,0.00,95,64.83,99,64.83,98,64.83,100,85.62
23.1,62.8,0.00,0.00,98,64.83,98,64.83,97,64.83,100,85.62
21.4,62.8,0.00,0.00,98,64.83,91,64.83,98,64.83,99,85.62
21.3,62.8,0.00,0.00,99,64.83,97,64.83,99,64.83,100,85.62
18.9,62.8,0.00,0.00,95,64.83,100,64.83,97,64.83,100,85.62
20.8,62.8,0.00,0.00,90,64.83,100,64.83,99,64.83,100,85.62
22.2,62.8,0.00,0.00,98,64.83,100,64.83,98,64.83,100,85.62
23.9,62.8,0.00,0.00,95,64.83,100,64.83,100,64.83,100,85.62
22.8,62.7,0.00,0.00,95,64.83,100,64.83,96,64.83,100,85.62
24.1,62.7,0.00,0.00,99,64.83,100,64.83,99,64.83,100,85.62
21.8,62.7,0.00,0.00,96,64.83,100,64.83,99,64.83,100,85.62
24.7,62.7,0.00,0.00,97,64.83,99,64.83,97,64.83,100,85.62
21.5,62.7,0.00,0.00,97,64.83,100,64.83,96,64.83,100,85.62
22.9,62.7,0.00,0.00,99,64.83,91,64.83,98,64.83,100,85.62
18.2,62.7,0.00,0.00,97,64.83,98,64.83,99,64.83,100,85.62
39.5,62.7,0.00,0.00,85,64.83,79,64.83,71,64.83,100,85.62
18.2,58.3,0.00,0.00,70,64.83,71,64.83,82,64.83,98,85.62
16.1,58.7,0.00,0.00,66,64.83,84,64.83,58,64.83,99,85.62
24.0,55.1,0.00,0.00,63,64.78,20,64.78,50,44.18,99,85.62
20.7,45.1,0.00,0.00,82,44.18,62,44.18,70,44.18,100,85.62
20.9,45.9,0.00,0.00,67,44.18,83,44.18,72,44.18,100,85.62
18.0,46.3,0.00,0.00,82,44.18,79,44.18,66,44.18,100,85.62
19.6,47.1,0.00,0.00,71,44.18,77,44.18,64,44.18,100,85.62
15.9,47.5,0.00,0.00,68,44.18,73,44.18,67,44.18,100,85.62
21.5,47.9,0.00,0.00,98,44.18,98,44.18,95,44.18,99,85.62
22.9,47.9,0.00,0.00,95,44.18,96,44.18,96,44.18,100,85.62
19.4,47.9,0.00,0.00,96,44.18,96,44.18,93,44.18,100,85.62
22.3,47.9,0.00,0.00,96,44.18,96,44.18,96,44.18,100,85.62
23.0,47.9,0.00,0.00,95,44.18,96,44.18,96,44.18,100,85.62
23.4,47.9,0.00,0.00,96,44.18,97,44.18,96,44.18,100,85.62
23.1,47.9,0.00,0.00,96,44.18,97,44.18,96,44.18,100,85.62
19.2,47.9,0.00,0.00,95,44.18,96,44.18,96,44.18,100,85.62
20.5,47.9,0.00,0.00,96,44.18,97,44.18,96,44.18,100,85.62
24.4,47.9,0.00,0.00,94,44.18,96,44.18,96,44.18,100,85.62
19.5,47.9,0.00,0.00,95,44.18,97,44.18,96,44.18,100,85.62
16.5,47.9,0.00,0.00,96,44.18,96,44.18,94,44.18,16,85.64
25.8,46.3,0.00,0.00,95,44.18,96,44.18,94,44.18,93,85.64
22.4,46.5,0.00,0.00,90,44.18,96,44.18,95,44.18,94,85.64
28.7,46.7,0.00,0.00,96,44.18,96,44.18,95,44.18,92,85.64
23.0,46.9,0.00,0.00,95,44.18,96,44.18,96,44.18,95,85.64
21.0,47.1,0.00,0.00,95,44.18,96,44.18,96,44.18,92,85.64
22.7,47.3,0.00,0.00,95,44.18,96,44.18,96,44.18,95,85.64
24.2,47.5,0.00,0.00,92,44.18,96,44.18,93,44.18,93,85.64
21.0,47.8,0.00,0.00,93,44.18,94,44.18,93,44.18,90,85.64
19.4,47.9,0.00,0.00,93,44.18,95,44.18,96,44.18,98,85.64
23.4,47.9,0.00,0.00,94,44.18,97,44.18,96,44.18,96,85.64
29.2,47.9,0.00,0.00,96,44.18,95,44.18,96,44.18,98,85.64
22.6,47.9,0.00,0.00,95,44.18,96,44.18,96,44.18,97,85.64
19.9,47.9,0.00,0.00,95,44.18,96,44.18,96,44.18,95,85.64
23.2,47.9,0.00,0.00,95,44.18,97,44.18,96,44.18,96,85.64
24.6,47.9,0.00,0.00,96,44.18,96,44.18,96,44.18,95,85.64
23.6,47.9,0.00,0.00,95,44.18,96,44.18,96,44.18,96,85.64
30.2,44.5,0.00,0.00,86,44.18,79,44.18,88,44.18,93,85.64
20.2,43.6,0.00,0.00,68,44.18,54,44.18,76,44.18,88,85.64
26.3,44.1,0.00,0.00,62,44.18,77,44.18,75,44.18,89,85.64
21.6,44.9,0.00,0.00,53,44.18,61,44.18,93,44.18,88,85.64
20.8,45.4,0.00,0.00,65,44.18,78,44.18,82,44.18,89,85.64
21.3,46.1,0.00,0.00,80,44.18,66,44.18,89,44.18,93,85.64
18.2,46.7,0.00,0.00,75,44.18,78,44.18,71,44.18,84,85.64
36.7,47.3,0.00,0.00,76,44.18,10,44.18,0,44.18,83,85.64
40.0,43.2,0.00,0.00,0,44.18,0,44.18,76,44.18,97,85.64
21.5,43.8,0.00,0.00,68,44.18,74,44.18,73,44.18,97,85.64
35.6,44.5,0.00,0.00,81,44.18,70,44.18,76,44.18,97,85.64
20.5,45.0,0.00,0.00,68,44.18,72,44.18,71,44.18,97,85.64
75.8,45.7,0.00,0.00,70,44.18,79,44.18,62,44.18,98,85.64
76.7,46.2,0.00,0.00,77,44.18,71,44.18,64,44.18,92,85.64
99.2,46.9,0.00,0.00,72,44.18,73,44.18,63,44.18,96,85.64
67.2,47.4,0.00,0.00,77,44.18,77,44.18,60,44.18,89,85.64
21.2,47.9,0.00,0.00,78,44.18,82,44.18,93,44.18,11,85.64
42.7,46.4,0.00,0.00,96,44.18,97,44.18,96,44.18,100,85.64
22.6,46.6,0.00,0.00,95,44.18,96,44.18,96,44.18,100,85.64
24.3,46.9,0.00,0.00,95,44.18,95,44.18,93,44.18,100,85.64
20.7,47.0,0.00,0.00,95,44.18,93,44.18,96,44.18,100,85.64
22.5,47.3,0.00,0.00,94,44.18,94,44.18,95,44.18,100,85.64
24.3,47.4,0.00,0.00,95,44.18,96,44.18,97,44.18,100,85.64
23.5,47.7,0.00,0.00,96,44.18,94,44.18,96,44.18,100,85.64
25.4,47.8,0.00,0.00,96,44.18,95,44.18,96,44.18,100,85.64
18.5,47.9,0.00,0.00,95,44.18,96,44.18,96,44.18,100,85.64
16.4,47.9,0.00,0.00,96,44.18,97,44.18,96,44.18,100,85.64
23.2,47.9,0.00,0.00,96,44.18,97,44.18,96,44.18,100,85.64
22.0,47.9,0.00,0.00,97,44.18,97,44.18,95,44.18,100,85.64
17.0,47.9,0.00,0.00,95,44.18,96,44.18,97,44.18,100,85.64
17.3,47.9,0.00,0.00,96,44.18,96,44.18,97,44.18,99,85.64
24.4,47.9,0.00,0.00,96,44.18,97,44.18,96,44.18,100,85.64
19.0,47.9,0.00,0.00,95,44.18,96,44.18,97,44.18,100,85.64
21.3,47.9,0.00,0.00,95,44.18,96,44.18,96,44.18,100,85.64
19.5,47.9,0.00,0.00,95,44.18,96,44.18,97,44.18,100,85.64
24.2,47.9,0.00,0.00,95,44.18,96,44.18,96,44.18,99,85.64
23.1,47.9,0.00,0.00,96,44.18,97,44.18,97,44.18,100,85.64
16.6,47.9,0.00,0.00,95,44.18,96,44.18,96,44.18,100,85.64
19.8,47.9,0.00,0.00,96,44.18,97,44.18,90,44.18,100,85.64
17.1,47.9,0.00,0.00,95,44.18,96,44.18,96,44.18,100,85.64
20.5,47.9,0.00,0.00,96,44.18,97,44.18,97,44.18,100,85.64
25.8,47.9,0.00,0.00,94,44.18,96,44.18,60,44.18,100,85.64
19.0,35.4,0.00,0.00,81,23.57,70,23.57,72,23.57,100,85.64
12.8,33.1,0.00,0.00,79,23.57,73,23.57,89,23.57,100,85.64
54.3,33.5,0.00,0.00,72,23.57,74,23.57,74,23.57,98,85.64
100.0,34.0,0.00,0.00,67,23.57,66,23.57,79,23.57,100,85.64
91.1,34.9,0.00,0.00,87,23.57,55,23.57,84,23.57,100,85.64
86.4,35.7,0.00,0.00,72,23.57,78,23.57,81,23.57,100,85.64
24.0,37.0,0.00,0.00,76,25.48,83,26.09,83,27.56,100,85.64
24.2,44.0,0.00,0.00,75,55.73,81,32.25,85,32.25,99,85.64
17.5,45.8,0.00,0.00,75,56.88,67,32.25,2,32.25,100,85.64
94.8,41.7,0.00,0.00,0,56.88,0,32.25,0,32.25,99,85.64
80.6,43.1,0.00,0.00,0,56.88,0,32.25,0,32.25,93,85.64
90.1,44.3,0.00,0.00,0,56.88,0,32.25,0,32.25,98,85.64
61.0,45.9,0.00,0.00,0,56.88,0,32.25,0,32.25,99,85.64
34.9,47.1,0.00,0.00,0,56.88,0,32.25,0,32.25,98,85.64
16.9,48.6,0.00,0.00,0,56.88,0,32.25,0,32.25,97,85.64
16.7,49.8,0.00,0.00,0,56.88,0,32.25,0,32.25,100,85.64
30.3,52.0,0.00,0.00,0,63.25,0,33.78,35,37.62,99,85.64
24.4,55.4,0.00,0.00,97,69.4,47,39.28,100,39.28,99,85.64
81.1,55.9,0.00,0.00,100,69.4,100,39.28,100,39.28,100,85.64
23.7,56.1,0.00,0.00,100,69.4,99,39.28,100,39.28,100,85.64
44.4,56.4,0.00,0.00,100,69.4,100,39.28,100,39.28,100,85.64
21.1,56.6,0.00,0.00,100,69.4,100,39.28,99,39.28,100,85.64
26.6,56.8,0.00,0.00,100,69.4,99,39.28,99,39.28,100,85.64
23.0,57.0,0.00,0.00,100,69.4,100,39.28,100,39.28,100,85.64
24.0,57.1,0.00,0.00,100,69.4,100,39.28,100,39.28,100,85.64
22.7,57.1,0.00,0.00,100,69.4,99,39.28,100,39.28,100,85.64
21.5,57.1,0.00,0.00,100,69.4,100,39.28,100,39.28,100,85.64
23.1,57.1,0.00,0.00,100,69.4,100,39.28,100,39.28,100,85.64
17.7,57.1,0.00,0.00,100,69.4,100,39.28,100,39.28,100,85.64
24.0,57.1,0.00,0.00,100,69.4,100,39.28,100,39.28,100,85.64
19.2,57.1,0.00,0.00,100,69.4,100,39.28,100,39.28,100,85.64
25.6,57.2,0.00,0.00,100,69.4,100,39.28,99,39.28,100,85.64
21.4,57.1,0.00,0.00,100,69.4,100,39.28,100,39.28,100,85.64
25.1,57.1,0.00,0.00,100,69.4,99,39.28,100,39.28,100,85.64
23.1,57.2,0.00,0.00,100,69.4,100,39.28,100,39.28,100,85.64
21.2,57.1,0.00,0.00,100,69.4,100,39.28,100,39.28,100,85.64
24.5,57.1,0.00,0.00,100,69.4,100,39.28,100,39.28,100,85.64
24.9,57.2,0.00,0.00,100,69.4,100,39.28,100,39.28,100,85.64
19.4,57.1,0.00,0.00,100,69.4,100,39.28,100,39.28,100,85.64
24.0,57.2,0.00,0.00,100,69.4,100,39.28,100,39.28,100,85.64
21.7,57.2,0.00,0.00,100,69.4,100,39.28,100,39.28,100,85.64
24.5,57.2,0.00,0.00,100,69.4,100,39.28,100,39.28,100,85.64
21.3,57.2,0.00,0.00,100,69.4,100,39.28,100,39.28,100,85.64
26.3,57.2,0.00,0.00,100,69.4,100,39.28,100,39.28,100,85.64
24.1,57.2,0.00,0.00,100,69.4,100,39.28,100,39.28,100,85.64
21.4,57.2,0.00,0.00,100,69.4,100,39.28,99,39.28,100,85.64
21.3,57.2,0.00,0.00,100,69.4,100,39.28,100,39.28,100,85.64
22.8,57.2,0.00,0.00,100,69.4,100,39.28,100,39.28,100,85.64
24.4,57.2,0.00,0.00,100,69.4,100,39.28,100,39.28,100,85.64
20.2,57.2,0.00,0.00,100,69.4,100,39.28,100,39.28,99,85.64
21.8,57.2,0.00,0.00,100,69.4,100,39.28,100,39.28,100,85.64
25.6,57.2,0.00,0.00,100,69.4,100,39.28,100,39.28,100,85.64
21.8,57.2,0.00,0.00,100,69.4,100,39.28,100,39.28,100,85.64
19.0,57.2,0.00,0.00,100,69.4,100,39.28,100,39.28,100,85.64
23.2,57.2,0.00,0.00,100,69.4,100,39.28,100,39.28,100,85.64
22.2,57.2,0.00,0.00,100,69.4,100,39.28,100,39.28,100,85.64
21.6,57.2,0.00,0.00,100,69.4,100,39.28,99,39.28,100,85.64
22.8,57.2,0.00,0.00,100,69.4,100,39.28,100,39.28,100,85.64
17.3,57.2,0.00,0.00,100,69.4,100,39.28,100,39.28,100,85.64
24.5,57.2,0.00,0.00,100,69.4,100,39.28,100,39.28,100,85.64
25.1,57.2,0.00,0.00,100,69.4,100,39.28,100,39.28,100,85.64
19.4,57.2,0.00,0.00,100,69.4,100,39.28,100,39.28,100,85.64
21.0,57.2,0.00,0.00,100,69.4,100,39.28,100,39.28,100,85.64
21.3,57.2,0.00,0.00,100,69.4,100,39.28,100,39.28,100,85.64
18.0,57.1,0.00,0.00,100,69.4,100,39.28,100,39.28,100,85.64
18.1,57.1,0.00,0.00,100,69.4,100,39.28,74,39.28,100,85.64
18.5,47.2,0.00,0.00,88,69.4,0,39.28,0,39.28,94,85.64
18.5,48.6,0.00,0.00,74,69.4,0,39.28,0,39.28,92,85.64
33.8,49.5,0.00,0.00,78,69.4,0,39.28,0,39.28,100,85.64
19.0,50.9,0.00,0.00,67,69.4,0,39.28,0,39.28,100,85.64
18.8,51.8,0.00,0.00,67,69.4,0,39.28,0,39.28,99,85.64
18.0,53.3,0.00,0.00,69,69.4,0,39.28,0,39.28,97,85.64
19.6,54.1,0.00,0.00,74,69.4,0,39.28,0,39.28,100,85.64
18.6,55.6,0.00,0.00,76,69.4,0,39.28,0,39.28,100,85.64
18.7,56.5,0.00,0.00,77,69.4,0,39.28,45,39.28,100,85.64
25.7,57.3,0.00,0.00,87,69.4,99,39.28,100,39.28,100,85.64
21.3,57.3,0.00,0.00,100,69.4,100,39.28,100,39.28,100,85.64
20.3,57.3,0.00,0.00,100,69.4,100,39.28,99,39.28,100,85.64
20.0,57.3,0.00,0.00,100,69.4,100,39.28,100,39.28,100,85.64
18.9,57.3,0.00,0.00,100,69.4,100,39.28,100,39.28,100,85.64
24.9,57.3,0.00,0.00,100,69.4,100,39.28,100,39.28,100,85.64
22.0,57.3,0.00,0.00,100,69.4,100,39.28,100,39.28,100,85.64
20.0,57.3,0.00,0.00,100,69.4,100,39.28,100,39.28,100,85.64
20.8,57.3,0.00,0.00,100,69.4,100,39.28,100,39.28,100,85.64
20.5,57.3,0.00,0.00,100,69.4,100,39.28,100,39.28,100,85.64
21.9,57.3,0.00,0.00,100,69.4,100,39.28,100,39.28,100,85.64
24.6,57.3,0.00,0.00,100,69.4,100,39.28,100,39.28,100,85.64
22.0,57.3,0.00,0.00,100,69.4,100,39.28,100,39.28,100,85.64
17.6,57.3,0.00,0.00,100,69.4,100,39.28,100,39.28,100,85.64
23.4,57.3,0.00,0.00,100,69.4,100,39.28,100,39.28,100,85.64
24.6,57.3,0.00,0.00,100,69.4,100,39.28,100,39.28,100,85.64
21.3,57.3,0.00,0.00,100,69.4,100,39.28,100,39.28,100,85.64
25.7,57.3,0.00,0.00,100,69.4,100,39.28,100,39.28,100,85.64
23.2,57.3,0.00,0.00,100,69.4,100,39.28,100,39.28,100,85.64
19.4,57.3,0.00,0.00,100,69.4,100,39.28,100,39.28,100,85.64
24.6,57.3,0.00,0.00,100,69.4,100,39.28,100,39.28,100,85.64
24.0,57.3,0.00,0.00,100,69.4,100,39.28,100,39.28,100,85.64
21.2,57.3,0.00,0.00,100,69.4,100,39.28,100,39.28,100,85.64
22.8,57.3,0.00,0.00,100,69.4,100,39.28,100,39.28,100,85.64
22.3,57.3,0.00,0.00,100,69.4,100,39.28,100,39.28,100,85.64
21.9,57.3,0.00,0.00,100,69.4,100,39.28,100,39.28,100,85.64
24.9,57.3,0.00,0.00,100,69.4,100,39.28,100,39.28,100,85.64
22.5,57.3,0.00,0.00,100,69.4,100,39.28,100,39.28,100,85.64
18.4,57.3,0.00,0.00,100,69.4,100,39.28,100,39.28,100,85.64
21.2,57.3,0.00,0.00,100,69.4,100,39.28,100,39.28,100,85.64
21.8,57.3,0.00,0.00,100,69.4,100,39.28,100,39.28,100,85.64
22.0,57.3,0.00,0.00,100,69.4,100,39.28,100,39.28,100,85.64
22.8,57.3,0.00,0.00,100,69.4,100,39.28,100,39.28,100,85.64
21.6,57.3,0.00,0.00,100,69.4,100,39.28,100,39.28,100,85.64
18.0,57.3,0.00,0.00,100,69.4,100,39.28,100,39.28,100,85.64
21.1,57.3,0.00,0.00,100,69.4,100,39.28,100,39.28,100,85.64
23.4,57.3,0.00,0.00,100,69.4,100,39.28,100,39.28,100,85.64
21.1,57.3,0.00,0.00,100,69.4,100,39.28,100,39.28,100,85.64
23.4,57.3,0.00,0.00,100,69.4,100,39.28,100,39.28,100,85.64
21.2,57.3,0.00,0.00,100,69.4,100,39.28,100,39.28,100,85.64
19.0,57.3,0.00,0.00,100,69.4,100,39.28,100,39.28,100,85.64
22.5,57.3,0.00,0.00,100,69.4,100,39.28,100,39.28,100,85.64
24.6,57.3,0.00,0.00,100,69.4,100,39.28,100,39.28,100,85.64
21.1,57.3,0.00,0.00,100,69.4,100,39.28,100,39.28,100,85.64
22.1,57.3,0.00,0.00,100,69.4,100,39.28,100,39.28,100,85.64
21.7,57.3,0.00,0.00,100,69.4,100,39.28,100,39.28,100,85.64
19.1,57.3,0.00,0.00,100,69.4,100,39.28,100,39.28,100,85.64
18.2,57.3,0.00,0.00,100,69.4,100,39.28,100,39.28,100,85.64
20.5,57.3,0.00,0.00,100,69.4,100,39.28,100,39.28,100,85.64
18.7,52.5,0.00,0.00,98,69.4,95,39.28,92,39.28,100,85.64
19.4,48.1,0.00,0.00,88,69.4,0,39.28,0,39.28,100,85.64
18.8,49.3,0.00,0.00,88,69.4,0,39.28,0,39.28,100,85.64
18.2,50.5,0.00,0.00,87,69.4,0,39.28,0,39.28,100,85.64
19.2,51.7,0.00,0.00,90,69.4,0,39.28,0,39.28,100,85.64
19.8,52.9,0.00,0.00,83,69.4,0,39.28,0,39.28,100,85.64
27.1,54.0,0.00,0.00,79,69.4,0,39.28,0,39.28,99,85.64
18.6,55.2,0.00,0.00,68,69.4,0,39.28,0,39.28,98,85.64
33.4,56.4,0.00,0.00,72,69.4,0,39.28,42,39.28,100,85.64
33.9,57.1,0.00,0.00,98,69.4,68,39.28,79,39.28,100,85.64
24.3,57.3,0.00,0.00,100,69.4,100,39.28,100,39.28,100,85.64
20.8,57.3,0.00,0.00,100,69.4,100,39.28,100,39.28,100,85.64
19.2,57.3,0.00,0.00,100,69.4,100,39.28,100,39.28,100,85.64
26.4,57.3,0.00,0.00,100,69.4,100,39.28,100,39.28,100,85.64
22.4,57.3,0.00,0.00,100,69.4,100,39.28,100,39.28,100,85.64
18.5,57.3,0.00,0.00,100,69.4,100,39.28,100,39.28,100,85.64
23.9,56.3,0.00,0.00,99,70.55,100,39.28,99,39.28,100,85.64
27.4,56.7,0.00,0.00,99,80.9,100,39.28,100,39.28,100,85.64
21.5,56.8,0.00,0.00,99,80.9,100,39.28,100,39.28,100,85.64
25.1,57.1,0.00,0.00,100,80.9,100,39.28,100,39.28,100,85.64
32.3,57.2,0.00,0.00,100,80.9,100,39.28,100,39.28,100,85.64
25.5,57.5,0.00,0.00,100,80.9,100,39.28,99,39.28,100,85.64
26.8,57.6,0.00,0.00,100,80.9,100,39.28,100,39.28,100,85.64
20.8,57.9,0.00,0.00,100,80.9,100,39.28,99,39.28,100,85.64
36.2,58.0,0.00,0.00,100,80.9,98,39.28,100,39.28,100,85.64
24.3,58.0,0.00,0.00,100,80.9,100,39.28,100,39.28,100,85.64
21.9,58.0,0.00,0.00,100,80.9,100,39.28,99,39.28,100,85.64
20.1,58.0,0.00,0.00,100,80.9,100,39.28,100,39.28,100,85.64
24.4,58.0,0.00,0.00,100,80.9,100,39.28,100,39.28,100,85.64
22.0,58.0,0.00,0.00,100,80.9,100,39.28,100,39.28,100,85.64
27.1,58.0,0.00,0.00,100,80.9,100,39.28,100,39.28,100,85.64
24.0,58.0,0.00,0.00,100,80.9,100,39.28,100,39.28,100,85.64
22.1,58.0,0.00,0.00,100,80.9,100,39.28,100,39.28,100,85.64
23.9,58.0,0.00,0.00,100,80.9,100,39.28,100,39.28,100,85.64
23.5,58.0,0.00,0.00,100,80.9,100,39.28,100,39.28,100,85.64
25.2,58.0,0.00,0.00,100,80.9,100,39.28,100,39.28,100,85.64
22.5,58.0,0.00,0.00,100,80.9,100,39.28,100,39.28,100,85.64
21.0,58.0,0.00,0.00,100,80.9,100,39.28,100,39.28,100,85.64
23.0,58.0,0.00,0.00,100,80.9,100,39.28,100,39.28,100,85.64
24.5,58.0,0.00,0.00,100,80.9,100,39.28,100,39.28,100,85.64
23.2,58.0,0.00,0.00,100,80.9,100,39.28,100,39.28,100,85.64
23.2,58.0,0.00,0.00,100,80.9,100,39.28,100,39.28,100,85.64
22.5,58.0,0.00,0.00,100,80.9,100,39.28,100,39.28,100,85.64
22.5,58.0,0.00,0.00,100,80.9,100,39.28,100,39.28,100,85.64
24.9,58.0,0.00,0.00,100,80.9,100,39.28,100,39.28,100,85.64
20.4,58.0,0.00,0.00,100,80.9,100,39.28,100,39.28,100,85.64
22.7,58.0,0.00,0.00,100,80.9,100,39.28,100,39.28,100,85.64
28.5,58.0,0.00,0.00,100,80.9,100,39.28,100,39.28,63,85.64
26.8,56.5,0.00,0.00,100,80.9,100,39.28,100,39.28,97,85.64
25.3,56.7,0.00,0.00,100,80.9,100,39.28,100,39.28,99,85.64
30.6,56.9,0.00,0.00,100,80.9,100,39.28,100,39.28,93,85.64
26.5,57.1,0.00,0.00,100,80.9,100,39.28,100,39.28,93,85.64
28.3,57.3,0.00,0.00,100,80.9,100,39.28,100,39.28,96,85.64
25.0,57.5,0.00,0.00,100,80.9,100,39.28,100,39.28,95,85.64
27.5,57.7,0.00,0.00,100,80.9,97,39.28,100,39.28,98,85.64
27.4,57.9,0.00,0.00,100,80.9,100,39.28,100,39.28,97,85.64
24.3,58.0,0.00,0.00,100,80.9,100,39.28,100,39.28,99,85.64
24.1,58.0,0.00,0.00,100,80.9,100,39.28,100,39.28,98,85.64
26.6,58.0,0.00,0.00,100,80.9,100,39.28,100,39.28,96,85.64
23.5,58.0,0.00,0.00,100,80.9,100,39.28,100,39.28,98,85.64
25.7,58.0,0.00,0.00,100,80.9,100,39.28,100,39.28,94,85.64
23.5,58.0,0.00,0.00,100,80.9,100,39.28,100,39.28,96,85.64
23.9,58.0,0.00,0.00,100,80.9,100,39.28,100,39.28,94,85.64
23.6,51.5,0.00,0.00,94,80.9,89,39.28,88,39.28,85,85.64
23.2,52.4,0.00,0.00,98,80.9,89,39.28,35,39.28,82,85.64
74.2,48.1,0.00,0.00,65,80.9,0,39.28,0,39.28,84,85.64
22.9,49.6,0.00,0.00,70,80.9,0,39.28,0,39.28,86,85.64
24.2,50.7,0.00,0.00,74,80.9,0,39.28,0,39.28,87,85.64
22.7,52.3,0.00,0.00,73,80.9,0,39.28,0,39.28,87,85.64
23.2,53.3,0.00,0.00,74,80.9,0,39.28,0,39.28,89,85.64
90.3,54.9,0.00,0.00,77,80.9,0,39.28,0,39.28,90,85.64
24.3,55.9,0.00,0.00,71,80.9,0,39.28,0,39.28,91,85.64
28.9,57.3,0.00,0.00,75,80.9,8,39.28,92,39.28,95,85.64
32.8,57.8,0.00,0.00,92,80.9,74,39.28,85,39.28,97,85.64
30.6,58.0,0.00,0.00,100,80.9,100,39.28,100,39.28,42,85.64
26.9,58.1,0.00,0.00,100,80.9,99,39.28,100,39.28,28,85.64
24.8,58.1,0.00,0.00,100,80.9,99,39.28,100,39.28,37,85.64
28.3,58.1,0.00,0.00,100,80.9,100,39.28,100,39.28,41,85.64
24.6,58.1,0.00,0.00,100,80.9,100,39.28,100,39.28,36,85.64
24.0,58.1,0.00,0.00,100,80.9,100,39.28,100,39.28,64,85.64
24.7,58.1,0.00,0.00,100,80.9,100,39.28,100,39.28,35,85.64
26.8,58.1,0.00,0.00,100,80.9,100,39.28,100,39.28,38,85.64
26.3,58.1,0.00,0.00,100,80.9,100,39.28,99,39.28,33,85.64
25.9,58.1,0.00,0.00,100,80.9,100,39.28,99,39.28,42,85.64
25.6,58.1,0.00,0.00,100,80.9,100,39.28,100,39.28,90,85.64
25.3,58.1,0.00,0.00,100,80.9,100,39.28,100,39.28,40,85.64
23.4,56.4,0.00,0.00,100,80.9,99,39.28,100,39.28,77,85.64
27.5,56.7,0.00,0.00,100,80.9,100,39.28,100,39.28,100,85.64
28.5,56.8,0.00,0.00,100,80.9,99,39.28,100,39.28,100,85.64
28.7,57.0,0.00,0.00,100,80.9,98,39.28,98,39.28,100,85.64
28.9,57.1,0.00,0.00,100,80.9,100,39.28,100,39.28,100,85.64
24.0,57.3,0.00,0.00,100,80.9,100,39.28,100,39.28,100,85.64
22.0,57.5,0.00,0.00,100,80.9,96,39.28,97,39.28,100,85.64
27.2,57.7,0.00,0.00,100,80.9,100,39.28,100,39.28,100,85.64
30.0,57.9,0.00,0.00,100,80.9,100,39.28,100,39.28,100,85.64
28.6,58.0,0.00,0.00,100,80.9,100,39.28,100,39.28,100,85.64
27.3,58.1,0.00,0.00,100,80.9,100,39.28,100,39.28,100,85.64
26.1,58.1,0.00,0.00,100,80.9,100,39.28,100,39.28,100,85.64
24.8,58.1,0.00,0.00,100,80.9,100,39.28,100,39.28,100,85.64
23.6,58.1,0.00,0.00,100,80.9,100,39.28,100,39.28,100,85.64
22.9,58.1,0.00,0.00,100,80.9,100,39.28,100,39.28,100,85.64
25.6,58.1,0.00,0.00,100,80.9,100,39.28,100,39.28,100,85.64
26.3,58.1,0.00,0.00,100,80.9,100,39.28,100,39.28,100,85.64
27.4,58.1,0.00,0.00,100,80.9,100,39.28,100,39.28,100,85.64
26.2,58.1,0.00,0.00,100,80.9,100,39.28,100,39.28,100,85.64
23.6,58.1,0.00,0.00,100,80.9,100,39.28,100,39.28,100,85.64
21.5,58.1,0.00,0.00,100,80.9,100,39.28,100,39.28,100,85.64
22.1,58.1,0.00,0.00,100,80.9,100,39.28,100,39.28,100,85.64
26.5,58.1,0.00,0.00,100,80.9,100,39.28,99,39.28,100,85.64
25.2,58.1,0.00,0.00,100,80.9,97,39.28,100,39.28,100,85.64
27.5,58.1,0.00,0.00,100,80.9,100,39.28,100,39.28,100,85.64
25.3,58.1,0.00,0.00,100,80.9,100,39.28,100,39.28,100,85.64
20.6,58.1,0.00,0.00,100,80.9,100,39.28,100,39.28,100,85.64
22.3,58.1,0.00,0.00,100,80.9,100,39.28,100,39.28,100,85.64
25.4,58.1,0.00,0.00,100,80.9,100,39.28,100,39.28,100,85.64
26.0,58.1,0.00,0.00,100,80.9,100,39.28,99,39.28,100,85.64
25.7,58.1,0.00,0.00,100,80.9,100,39.28,100,39.28,100,85.64
27.4,58.1,0.00,0.00,100,80.9,100,39.28,100,39.28,100,85.64
19.9,58.1,0.00,0.00,100,80.9,100,39.28,100,39.28,100,85.64
23.1,58.1,0.00,0.00,100,80.9,100,39.28,100,39.28,100,85.64
22.2,58.0,0.00,0.00,100,80.9,100,39.28,100,39.28,100,85.64
25.9,53.1,0.00,0.00,100,80.85,94,18.66,94,18.66,100,85.64
16.1,43.3,0.00,0.00,100,60.29,95,18.66,93,18.66,100,85.64
30.5,39.4,0.00,0.00,88,60.29,0,18.66,0,18.66,98,85.64
13.0,38.9,0.00,0.00,77,60.29,0,18.66,0,18.66,99,85.64
21.6,39.3,0.00,0.00,89,60.29,0,18.66,0,18.66,98,85.64
18.0,40.5,0.00,0.00,75,60.29,0,18.66,0,18.66,99,85.64
20.0,41.2,0.00,0.00,82,60.29,0,18.66,0,18.66,100,85.64
20.5,42.3,0.00,0.00,78,60.29,0,18.66,0,18.66,100,85.64
27.8,42.9,0.00,0.00,84,60.29,0,18.66,0,18.66,100,85.64
99.8,44.0,0.00,0.00,85,60.29,0,18.66,0,22.97,100,85.64
34.1,46.7,0.00,0.00,91,60.29,0,20.41,5,28.76,99,85.64
20.9,48.7,0.00,0.00,98,60.29,16,45.38,96,28.76,100,85.64
24.7,48.8,0.00,0.00,100,60.29,91,45.38,92,28.76,100,85.64
22.5,49.2,0.00,0.00,100,60.29,94,45.38,86,28.76,100,85.64
23.7,49.5,0.00,0.00,99,60.29,94,45.38,87,28.76,97,85.64
23.9,49.9,0.00,0.00,97,60.29,94,45.38,88,28.76,100,85.64
20.9,50.1,0.00,0.00,98,60.29,94,45.38,95,28.76,98,85.64
17.4,50.6,0.00,0.00,99,60.29,95,45.38,85,28.76,100,85.64
16.1,51.0,0.00,0.00,99,60.29,96,45.38,94,28.76,99,85.64
22.5,51.4,0.00,0.00,100,60.29,92,45.38,93,31.2,100,85.64
22.9,52.4,0.00,0.00,100,60.29,88,45.38,93,44.45,100,85.64
24.1,52.8,0.00,0.00,100,60.29,93,63.52,100,44.84,100,85.64
24.0,53.4,0.00,0.00,100,60.29,100,79.95,100,44.84,100,85.64
22.1,53.4,0.00,0.00,100,60.29,100,79.95,100,44.84,100,85.64
19.7,53.4,0.00,0.00,100,60.29,100,79.95,100,44.84,100,85.64
22.0,53.5,0.00,0.00,100,60.29,100,79.95,100,44.84,100,85.64
23.1,53.4,0.00,0.00,100,60.29,100,79.95,100,44.84,100,85.64
22.5,53.5,0.00,0.00,100,60.29,100,79.95,100,44.84,100,85.64
22.6,53.4,0.00,0.00,100,60.29,100,79.95,100,44.84,100,85.64
18.0,53.4,0.00,0.00,100,60.29,100,79.95,100,44.84,100,85.64
18.6,53.4,0.00,0.00,100,60.29,100,79.95,100,44.84,100,85.64
18.5,53.4,0.00,0.00,100,60.29,100,79.95,100,44.84,100,85.64
22.9,53.4,0.00,0.00,100,60.29,100,79.95,100,44.84,100,85.64
22.1,53.4,0.00,0.00,100,60.29,100,79.95,100,44.84,100,85.64
23.1,53.4,0.00,0.00,100,60.29,100,79.95,100,44.84,100,85.64
22.4,53.4,0.00,0.00,100,60.29,100,79.95,100,44.84,100,85.64
17.3,53.4,0.00,0.00,100,60.29,100,79.95,100,44.84,100,85.64
17.5,53.4,0.00,0.00,100,60.29,100,79.95,100,44.84,100,85.64
22.5,53.4,0.00,0.00,100,60.29,100,79.95,100,44.84,100,85.64
22.3,53.4,0.00,0.00,100,60.29,100,79.95,100,44.84,100,85.64
22.3,53.4,0.00,0.00,100,60.29,100,79.95,100,44.84,100,85.64
18.7,53.4,0.00,0.00,100,60.29,100,79.95,100,44.84,100,85.64
21.9,53.4,0.00,0.00,100,60.29,100,79.95,100,44.84,100,85.64
19.6,53.4,0.00,0.00,100,60.29,100,79.95,100,44.84,100,85.64
22.8,53.4,0.00,0.00,100,60.29,100,79.95,100,44.84,100,85.64
22.0,53.4,0.00,0.00,100,60.29,100,79.95,100,44.84,100,85.64
22.8,53.4,0.00,0.00,100,60.29,100,79.95,100,44.84,100,85.64
21.2,53.4,0.00,0.00,100,60.29,100,79.95,100,44.84,100,85.64
20.3,53.4,0.00,0.00,100,60.29,100,79.95,100,44.84,100,85.64
19.4,53.4,0.00,0.00,100,60.29,100,79.95,100,44.84,100,85.64
23.1,53.4,0.00,0.00,100,60.29,100,79.95,100,44.84,100,85.64
21.5,53.4,0.00,0.00,100,60.29,100,79.95,100,44.84,100,85.64
23.1,53.4,0.00,0.00,100,60.29,100,79.95,100,44.84,100,85.64
22.3,53.4,0.00,0.00,100,60.29,100,79.95,100,44.84,100,85.64
22.4,53.5,0.00,0.00,100,60.29,100,79.95,100,44.84,100,85.64
22.3,53.5,0.00,0.00,100,60.29,100,79.95,100,44.84,100,85.64
22.3,53.5,0.00,0.00,100,60.29,100,79.95,100,44.84,100,85.64
20.8,51.9,0.00,0.00,99,60.29,100,79.95,100,44.84,100,85.64
20.6,52.1,0.00,0.00,100,60.29,100,79.95,100,44.84,100,85.64
19.5,52.3,0.00,0.00,100,60.29,100,79.95,100,44.84,100,85.64
21.1,52.5,0.00,0.00,100,60.29,100,79.95,100,44.84,100,85.64
20.4,52.7,0.00,0.00,100,60.29,100,79.95,100,44.84,99,85.64
23.8,52.9,0.00,0.00,100,60.29,100,79.95,100,44.84,100,85.64
22.1,53.1,0.00,0.00,100,60.29,100,79.95,100,44.84,100,85.64
23.4,53.3,0.00,0.00,100,60.29,100,79.95,98,44.84,100,85.64
19.7,53.4,0.00,0.00,100,60.29,100,79.95,100,44.84,100,85.64
18.6,53.4,0.00,0.00,100,60.29,100,79.95,100,44.84,100,85.64
21.8,53.4,0.00,0.00,100,60.29,100,79.95,100,44.84,100,85.64
17.7,53.4,0.00,0.00,100,60.29,100,79.95,100,44.84,100,85.64
22.9,53.4,0.00,0.00,100,60.29,100,79.95,100,44.84,100,85.64
18.6,53.4,0.00,0.00,100,60.29,100,79.95,100,44.84,100,85.64
21.9,53.4,0.00,0.00,100,60.29,100,79.95,100,44.84,100,85.64
17.5,53.3,0.00,0.00,100,60.29,100,79.95,100,44.84,100,85.64
18.4,53.3,0.00,0.00,100,60.29,100,79.95,100,44.84,100,85.64
19.2,53.3,0.00,0.00,100,60.29,100,79.95,100,44.84,100,85.64
91.8,48.7,0.00,0.00,91,60.29,100,79.95,78,44.84,100,85.64
73.3,49.2,0.00,0.00,96,60.29,100,79.95,87,44.84,100,85.64
66.4,49.9,0.00,0.00,98,60.29,100,79.95,77,44.84,100,85.64
78.9,50.4,0.00,0.00,98,60.29,100,79.95,78,44.84,100,85.64
97.3,51.1,0.00,0.00,96,60.29,100,79.95,74,44.84,100,85.64
63.3,51.6,0.00,0.00,98,60.29,100,79.95,76,44.84,100,85.64
94.0,52.3,0.00,0.00,93,60.29,100,79.95,72,44.84,99,85.64
60.8,52.8,0.00,0.00,94,60.29,100,79.95,83,44.84,99,85.64
20.5,53.4,0.00,0.00,94,60.29,100,79.95,95,44.84,100,85.64
18.1,53.4,0.00,0.00,100,60.29,100,79.95,100,44.84,100,85.64
19.8,53.4,0.00,0.00,100,60.29,100,79.95,100,44.84,100,85.64
19.6,53.4,0.00,0.00,100,60.29,100,79.95,100,44.84,100,85.64
23.7,53.4,0.00,0.00,100,60.29,100,79.95,100,44.84,100,85.64
19.7,53.4,0.00,0.00,100,60.29,100,79.95,100,44.84,100,85.64
21.9,53.4,0.00,0.00,100,60.29,100,79.95,100,44.84,100,85.64
21.1,53.4,0.00,0.00,100,60.29,100,79.95,100,44.84,100,85.64
21.0,53.4,0.00,0.00,100,60.29,100,79.95,100,44.84,100,85.64
19.8,53.4,0.00,0.00,100,60.29,100,79.95,100,44.84,100,85.64
19.3,51.8,0.00,0.00,100,60.29,100,79.95,96,44.84,100,85.64
18.2,52.0,0.00,0.00,98,60.29,100,79.95,100,44.84,100,85.64
20.0,52.3,0.00,0.00,100,60.29,100,79.95,100,44.84,100,85.64
19.6,52.4,0.00,0.00,100,60.29,100,79.95,100,44.84,100,85.64
18.9,52.7,0.00,0.00,100,60.29,100,79.95,100,44.84,100,85.64
89.6,52.9,0.00,0.00,100,60.29,100,79.95,100,44.84,100,85.64
51.9,53.1,0.00,0.00,98,60.29,100,79.95,98,44.84,100,85.64
18.5,53.3,0.00,0.00,100,60.29,100,79.95,100,44.84,100,85.64
15.7,53.4,0.00,0.00,100,60.29,100,79.95,100,44.84,100,85.64
16.9,53.4,0.00,0.00,100,60.29,100,79.95,100,44.84,100,85.64
16.2,53.4,0.00,0.00,100,60.29,100,79.95,100,44.84,100,85.64
19.3,53.4,0.00,0.00,100,60.29,100,79.95,100,44.84,100,85.64
18.4,53.4,0.00,0.00,100,60.29,100,79.95,100,44.84,100,85.64
18.6,53.4,0.00,0.00,100,60.29,100,79.95,100,44.84,100,85.64
19.2,53.4,0.00,0.00,100,60.29,100,79.95,100,44.84,100,85.64
20.1,53.4,0.00,0.00,100,60.29,100,79.95,100,44.84,100,85.64
18.4,53.4,0.00,0.00,100,60.29,100,79.95,100,44.84,100,85.64
21.3,53.4,0.00,0.00,100,60.29,100,79.95,100,44.84,100,85.64
18.1,53.4,0.00,0.00,100,60.29,100,79.95,100,44.84,100,85.64
17.3,53.3,0.00,0.00,100,60.29,100,79.95,100,44.84,100,85.64
16.2,53.4,0.00,0.00,100,60.29,100,79.95,100,44.84,100,85.64
17.1,53.3,0.00,0.00,100,60.29,100,79.95,100,44.84,100,85.64
17.3,53.3,0.00,0.00,100,60.29,100,79.95,100,44.84,100,85.64
16.5,53.3,0.00,0.00,100,60.29,100,79.95,100,44.84,100,85.64
17.5,53.3,0.00,0.00,100,60.29,100,79.95,100,44.84,100,85.64
18.0,53.3,0.00,0.00,100,60.29,100,79.95,100,44.84,100,85.64
19.2,53.3,0.00,0.00,100,60.29,100,79.95,100,44.84,100,85.64
17.3,53.3,0.00,0.00,100,60.29,100,79.95,100,44.84,100,85.64
18.8,53.3,0.00,0.00,100,60.29,100,79.95,100,44.84,100,85.64
21.5,53.3,0.00,0.00,100,60.29,100,79.95,100,44.84,100,85.64
18.8,53.3,0.00,0.00,100,60.29,100,79.95,100,44.84,100,85.64
18.3,53.3,0.00,0.00,100,60.29,100,79.95,100,44.84,100,85.64
17.3,53.3,0.00,0.00,100,60.29,100,79.95,100,44.84,100,85.64
17.9,53.3,0.00,0.00,100,60.29,100,79.95,100,44.84,100,85.64
17.5,53.3,0.00,0.00,100,60.29,100,79.95,100,44.84,100,85.64
19.4,53.3,0.00,0.00,100,60.29,100,79.95,100,44.84,100,85.64
20.5,53.3,0.00,0.00,100,60.29,100,79.95,100,44.84,100,85.64
21.2,53.3,0.00,0.00,100,60.29,100,79.95,100,44.84,100,85.64
18.7,53.3,0.00,0.00,100,60.29,100,79.95,100,44.84,100,85.64
17.1,53.3,0.00,0.00,100,60.29,100,79.95,100,44.84,100,85.64
17.7,53.3,0.00,0.00,100,60.29,100,79.95,100,44.84,100,85.64
15.9,53.3,0.00,0.00,100,60.29,100,79.95,100,44.84,100,85.64
16.6,53.3,0.00,0.00,100,60.29,100,79.95,100,44.84,100,85.64
15.4,53.3,0.00,0.00,100,60.29,100,79.95,100,44.84,100,85.64
19.0,53.3,0.00,0.00,100,60.29,100,79.95,100,44.84,100,85.64
18.0,53.3,0.00,0.00,100,60.29,100,79.95,100,44.84,100,85.64
19.8,53.3,0.00,0.00,100,60.29,100,79.95,100,44.84,100,85.64
17.7,53.3,0.00,0.00,100,60.29,100,79.95,100,44.84,100,85.64
21.7,53.3,0.00,0.00,100,60.29,100,79.95,100,44.84,100,85.64
17.8,53.3,0.00,0.00,100,60.29,100,79.95,100,44.84,100,85.64
21.1,53.3,0.00,0.00,100,60.29,100,79.95,100,44.84,100,85.64
18.5,53.3,0.00,0.00,100,60.29,100,79.95,100,44.84,100,85.64
16.5,53.3,0.00,0.00,100,60.29,100,79.95,100,44.84,100,85.64
19.0,53.3,0.00,0.00,100,60.29,100,79.95,100,44.84,100,85.64
19.3,53.3,0.00,0.00,100,60.29,100,79.95,100,44.84,100,85.64
16.3,53.3,0.00,0.00,100,60.29,100,79.95,100,44.84,100,85.64
19.5,53.3,0.00,0.00,100,60.29,100,79.95,100,44.84,100,85.64
18.2,53.3,0.00,0.00,100,60.29,100,79.95,100,44.84,100,85.64
18.8,53.3,0.00,0.00,100,60.29,100,79.95,100,44.84,100,85.64
15.5,53.3,0.00,0.00,100,60.29,100,79.95,100,44.84,100,85.64
18.5,53.3,0.00,0.00,100,60.29,100,79.95,100,44.84,100,85.64
19.8,53.3,0.00,0.00,100,60.29,100,79.95,100,44.84,100,85.64
18.2,53.3,0.00,0.00,100,60.29,100,79.95,100,44.84,100,85.64
18.2,53.3,0.00,0.00,100,60.29,100,79.95,100,44.84,100,85.64
20.6,53.3,0.00,0.00,100,60.29,100,79.95,100,44.84,31,84.86
23.3,51.6,0.00,0.00,100,60.29,100,79.95,100,44.84,99,30.18
21.5,48.3,0.00,0.00,100,60.29,100,79.95,100,44.84,96,30.18
18.6,48.3,0.00,0.00,100,60.29,100,79.95,100,44.84,99,30.18
36.6,46.5,0.00,0.00,81,60.29,100,79.95,93,44.84,97,30.18
19.5,43.9,0.00,0.00,78,60.29,100,79.95,84,44.84,98,30.18
20.2,44.3,0.00,0.00,87,60.29,100,79.95,76,44.84,92,30.18
20.7,45.1,0.00,0.00,82,60.29,100,79.95,85,44.84,90,30.18
19.4,45.5,0.00,0.00,72,60.29,100,79.95,92,44.84,90,30.18
20.9,46.3,0.00,0.00,76,60.29,100,79.95,90,44.84,91,30.18
21.0,46.7,0.00,0.00,77,60.29,100,79.95,89,44.84,90,30.18
20.9,47.5,0.00,0.00,75,60.29,100,79.95,82,44.84,96,30.18
20.9,47.9,0.00,0.00,80,60.29,100,79.95,75,44.84,95,30.18
22.2,48.3,0.00,0.00,100,60.29,100,79.95,100,44.84,97,30.18
21.6,48.3,0.00,0.00,100,60.29,100,79.95,100,44.84,97,30.18
19.2,48.3,0.00,0.00,100,60.29,100,79.95,100,44.84,99,30.18
22.8,48.3,0.00,0.00,100,60.29,100,79.95,100,44.84,98,30.18
23.1,48.3,0.00,0.00,100,60.29,100,79.95,100,44.84,98,30.18
19.0,48.3,0.00,0.00,100,60.29,100,79.95,100,44.84,97,30.18
21.7,48.3,0.00,0.00,100,60.29,100,79.95,100,44.84,92,30.18
22.0,48.3,0.00,0.00,100,60.29,100,79.95,100,44.84,98,30.18
22.1,48.3,0.00,0.00,100,60.29,100,79.95,100,44.84,99,30.18
23.5,48.3,0.00,0.00,100,60.29,100,79.95,100,44.84,98,30.18
19.6,48.3,0.00,0.00,100,60.29,100,79.95,100,44.84,99,30.18
22.0,48.3,0.00,0.00,100,60.29,100,79.95,100,44.84,99,30.18
19.8,48.3,0.00,0.00,100,60.29,100,79.95,100,44.84,99,30.18
21.1,48.3,0.00,0.00,100,60.29,100,79.95,100,44.84,97,30.18
22.9,48.3,0.00,0.00,100,60.29,100,79.95,100,44.84,99,30.18
21.5,48.3,0.00,0.00,100,60.29,100,79.95,100,44.84,99,30.18
22.1,48.3,0.00,0.00,100,60.29,100,79.95,100,44.84,99,30.18
23.8,48.3,0.00,0.00,100,60.29,100,79.95,100,44.84,98,30.18
19.7,48.3,0.00,0.00,100,60.29,100,79.95,100,44.84,98,30.18
20.0,48.3,0.00,0.00,100,60.29,100,79.95,100,44.84,96,30.18
19.0,48.3,0.00,0.00,100,60.29,100,79.95,100,44.84,78,30.18
20.2,46.6,0.00,0.00,100,60.29,100,79.95,100,44.84,5,2.95
15.7,43.3,0.00,0.00,100,60.29,100,79.95,100,44.84,0,2.95
13.8,43.3,0.00,0.00,100,60.29,100,79.95,100,44.84,0,2.95
19.2,43.2,0.00,0.00,100,60.29,100,79.95,100,44.84,0,2.95
15.7,43.2,0.00,0.00,100,60.29,100,79.95,100,44.84,0,2.95
14.7,43.2,0.00,0.00,100,60.29,100,79.95,100,44.84,0,2.95
51.8,41.8,0.00,0.00,100,60.29,100,79.95,100,44.84,0,2.95
45.7,42.0,0.00,0.00,100,60.29,100,79.95,99,44.84,0,2.95
84.5,42.2,0.00,0.00,100,60.29,100,79.95,99,44.84,0,2.95
18.0,42.4,0.00,0.00,100,60.29,100,79.95,100,44.84,0,2.95
19.2,42.6,0.00,0.00,100,60.29,100,79.95,96,44.84,0,2.95
19.4,42.8,0.00,0.00,100,60.29,100,79.95,100,44.84,0,2.95
19.8,43.0,0.00,0.00,100,60.29,100,79.95,100,44.84,0,2.95
16.9,43.2,0.00,0.00,100,60.29,100,79.95,99,44.84,0,2.95
15.3,43.2,0.00,0.00,100,60.29,100,79.95,100,44.84,0,2.95
17.5,43.2,0.00,0.00,100,60.29,100,79.95,100,44.84,0,2.95
16.7,43.2,0.00,0.00,100,60.29,100,79.95,100,44.84,0,2.95
17.2,43.2,0.00,0.00,100,60.29,100,79.95,100,44.84,0,2.95
20.9,43.2,0.00,0.00,100,60.29,100,79.95,100,44.84,0,2.95
15.0,43.2,0.00,0.00,100,60.29,100,79.95,100,44.84,0,2.95
20.2,43.2,0.00,0.00,100,60.29,100,79.95,100,44.84,0,2.95
16.0,43.2,0.00,0.00,100,60.29,100,79.95,100,44.84,0,2.95
16.3,43.2,0.00,0.00,100,60.29,100,79.95,100,44.84,0,2.95
16.7,43.2,0.00,0.00,100,60.29,100,79.95,100,44.84,0,2.95
20.2,43.2,0.00,0.00,100,60.29,100,79.95,100,44.84,0,2.95
16.8,43.2,0.00,0.00,100,60.29,100,79.95,100,44.84,0,2.95
16.1,43.2,0.00,0.00,100,60.29,100,79.95,100,44.84,0,2.95
15.7,43.2,0.00,0.00,100,60.29,100,79.95,100,44.84,0,2.95
18.8,43.2,0.00,0.00,100,60.29,100,79.95,100,44.84,0,2.95
18.2,43.2,0.00,0.00,100,60.29,100,79.95,100,44.84,0,2.95
15.0,43.2,0.00,0.00,100,60.29,100,79.95,100,44.84,0,2.95
17.2,43.2,0.00,0.00,100,60.29,100,79.95,100,44.84,0,2.95
19.0,43.2,0.00,0.00,100,60.29,100,79.95,100,44.84,0,2.95
21.4,43.2,0.00,0.00,100,60.29,100,79.95,100,44.84,0,2.95
15.7,43.2,0.00,0.00,100,60.29,100,79.95,100,44.84,0,2.95
15.4,43.2,0.00,0.00,100,60.29,100,79.95,100,44.84,0,2.95
17.4,43.2,0.00,0.00,100,60.29,100,79.95,100,44.84,0,2.95
15.7,43.2,0.00,0.00,100,60.29,100,79.95,100,44.84,0,2.95
17.2,43.2,0.00,0.00,100,60.29,100,79.95,100,44.84,0,2.95
17.2,43.2,0.00,0.00,100,60.29,100,79.95,100,44.84,0,2.95
17.5,43.2,0.00,0.00,100,60.29,100,79.95,100,44.84,0,2.95
15.9,43.2,0.00,0.00,100,60.29,100,79.95,100,44.84,0,2.95
16.1,43.2,0.00,0.00,100,60.29,100,79.95,100,44.84,0,2.95
19.7,43.2,0.00,0.00,100,60.29,100,79.95,100,44.84,0,2.95
18.6,41.7,0.00,0.00,99,60.29,100,79.95,100,44.84,0,2.95
18.5,41.9,0.00,0.00,100,60.29,100,79.95,100,44.84,0,2.95
19.0,42.1,0.00,0.00,100,60.29,100,79.95,100,44.84,0,2.95
19.8,42.3,0.00,0.00,100,60.29,100,79.95,100,44.84,0,2.95
21.5,42.6,0.00,0.00,100,60.29,100,79.95,100,44.84,0,2.95
16.7,42.8,0.00,0.00,100,60.29,100,79.95,100,44.84,0,2.95
17.6,43.0,0.00,0.00,100,60.29,100,79.95,100,44.84,0,2.95
65.2,43.2,0.00,0.00,100,60.29,100,79.95,100,44.84,0,2.95
13.5,43.3,0.00,0.00,100,60.29,100,79.95,100,44.84,0,2.95
12.9,43.3,0.00,0.00,100,60.29,100,79.95,100,44.84,0,2.95
15.6,43.3,0.00,0.00,100,60.29,100,79.95,100,44.84,0,2.95
13.6,43.3,0.00,0.00,100,60.29,100,79.95,100,44.84,0,2.95
15.4,43.3,0.00,0.00,100,60.29,100,79.95,100,44.84,0,2.95
15.6,43.3,0.00,0.00,100,60.29,100,79.95,100,44.84,0,2.95
14.3,43.3,0.00,0.00,100,60.29,100,79.95,100,44.84,0,2.95
14.5,43.2,0.00,0.00,100,60.29,100,79.95,100,44.84,0,2.95
15.4,43.2,0.00,0.00,100,60.29,100,79.95,91,44.84,0,2.95
15.2,32.9,0.00,0.00,88,44.58,100,64.24,80,29.13,0,2.95
8.5,28.4,0.00,0.00,89,44.58,100,64.24,83,29.13,0,2.95
11.0,28.4,0.00,0.00,90,44.58,100,64.24,81,29.13,0,2.95
9.0,28.4,0.00,0.00,90,44.58,100,64.24,80,29.4,0,2.95
16.4,27.1,0.00,0.00,93,44.58,100,64.24,0,29.4,0,2.95
8.1,27.0,0.00,0.00,85,44.58,100,64.24,0,29.4,0,2.95
7.3,27.1,0.00,0.00,90,44.58,100,64.24,0,29.4,0,2.95
8.1,27.4,0.00,0.00,84,44.58,100,64.24,0,29.4,0,2.95
14.2,27.5,0.00,0.00,84,44.58,100,64.24,0,29.4,0,2.95
7.7,27.8,0.00,0.00,89,44.58,100,64.24,0,29.4,0,2.95
8.3,28.0,0.00,0.00,92,44.58,100,64.24,0,29.4,0,2.95
8.8,28.2,0.00,0.00,93,44.58,100,64.24,0,29.4,0,2.95
10.0,28.4,0.00,0.00,92,44.58,100,64.24,81,29.4,0,2.95
10.0,28.4,0.00,0.00,93,44.58,100,64.24,83,29.4,0,2.95
9.4,28.4,0.00,0.00,93,44.58,100,64.24,85,29.4,0,2.95
9.0,28.4,0.00,0.00,94,44.58,100,64.24,85,29.4,0,2.95
9.8,28.4,0.00,0.00,92,44.58,100,64.24,84,29.4,0,2.95
7.5,28.4,0.00,0.00,90,44.58,100,64.24,85,29.4,0,2.95
8.1,28.4,0.00,0.00,92,44.58,100,64.24,89,29.4,0,2.95
9.6,28.4,0.00,0.00,92,44.58,100,64.24,87,29.4,0,2.95
8.1,28.4,0.00,0.00,91,44.58,100,64.24,77,29.4,0,2.95
8.1,28.3,0.00,0.00,90,44.58,100,64.24,73,29.4,0,2.95
9.4,28.4,0.00,0.00,89,44.58,100,64.24,84,29.4,0,2.95
8.5,28.4,0.00,0.00,85,44.58,100,64.24,86,29.4,0,2.95
9.0,28.4,0.00,0.00,88,44.58,100,64.24,87,29.4,0,2.95
10.4,28.4,0.00,0.00,89,44.58,100,64.24,90,29.4,0,2.95
8.3,28.4,0.00,0.00,90,44.58,100,64.24,88,29.4,0,2.95
9.8,28.4,0.00,0.00,92,44.58,100,64.31,90,29.4,0,2.95
11.5,26.9,0.00,0.00,92,44.58,0,64.31,84,29.4,0,2.95
8.1,27.1,0.00,0.00,88,44.58,0,64.31,86,29.4,0,2.95
8.1,27.3,0.00,0.00,92,44.58,0,64.31,89,29.4,0,2.95
9.6,27.5,0.00,0.00,93,44.58,0,64.31,89,29.4,0,2.95
8.3,27.8,0.00,0.00,88,44.58,0,64.31,83,29.4,0,2.95
9.6,28.0,0.00,0.00,85,44.58,0,64.31,73,29.4,0,2.95
7.5,28.2,0.00,0.00,86,44.58,0,64.31,79,29.4,0,2.95
16.4,28.4,0.00,0.00,92,44.58,47,64.31,91,29.4,0,2.95
11.0,28.4,0.00,0.00,92,44.58,100,64.31,76,29.4,0,2.95
9.6,28.4,0.00,0.00,94,44.58,100,64.31,72,29.4,0,2.95
8.8,28.4,0.00,0.00,93,44.58,100,64.31,90,29.4,0,2.95
8.5,28.4,0.00,0.00,89,44.58,100,64.31,91,29.4,0,2.95
8.8,28.4,0.00,0.00,94,44.58,100,64.31,88,29.4,0,2.95
9.4,28.4,0.00,0.00,94,44.58,100,64.31,85,29.4,0,2.95
8.7,28.4,0.00,0.00,94,44.58,100,64.31,90,29.4,0,2.95
8.8,28.4,0.00,0.00,94,44.58,100,64.31,87,29.4,0,2.95
10.0,28.4,0.00,0.00,94,44.58,100,64.31,88,29.4,0,2.95
9.6,28.4,0.00,0.00,94,44.58,100,64.31,90,29.4,0,2.95
8.3,28.4,0.00,0.00,94,44.58,100,64.31,90,29.4,0,2.95
10.9,28.4,0.00,0.00,93,44.58,100,64.31,88,29.4,0,2.95
8.3,28.4,0.00,0.00,93,44.58,100,64.31,89,29.4,0,2.95
9.0,28.4,0.00,0.00,84,44.58,100,64.31,91,29.4,0,2.95
10.6,28.4,0.00,0.00,91,44.58,100,64.31,89,29.4,0,2.95
10.2,28.4,0.00,0.00,93,44.58,100,64.31,89,29.4,0,2.95
12.1,28.4,0.00,0.00,93,44.58,100,64.31,89,29.4,0,2.95
10.4,28.4,0.00,0.00,94,44.58,100,64.31,91,29.4,0,2.95
9.2,28.4,0.00,0.00,94,44.58,100,64.31,88,29.4,0,2.95
10.5,28.4,0.00,0.00,94,44.58,100,64.31,92,29.4,0,2.95
7.7,28.4,0.00,0.00,92,44.58,100,64.31,91,29.4,0,2.95
8.1,28.4,0.00,0.00,93,44.58,100,64.31,90,29.4,0,2.95
9.4,28.4,0.00,0.00,93,44.58,100,64.31,89,29.4,0,2.95
7.9,28.4,0.00,0.00,92,44.58,100,64.31,88,29.4,0,2.95
8.8,28.4,0.00,0.00,92,44.58,100,64.31,92,29.4,0,2.95
10.2,28.4,0.00,0.00,91,44.58,100,64.31,88,29.4,0,2.95
8.1,28.4,0.00,0.00,93,44.58,100,64.31,89,29.4,0,2.95
9.6,28.4,0.00,0.00,93,44.58,100,64.31,87,29.4,0,2.95
10.8,28.4,0.00,0.00,93,44.58,100,64.31,91,29.4,0,2.95
7.9,28.4,0.00,0.00,93,44.58,100,64.31,87,29.4,0,2.95
7.9,28.4,0.00,0.00,94,44.58,100,64.31,91,29.4,0,2.95
10.2,28.4,0.00,0.00,93,44.58,100,64.31,88,29.4,0,2.95
6.3,28.4,0.00,0.00,92,44.58,100,64.31,88,29.4,0,2.95
12.3,26.9,0.00,0.00,64,44.58,100,64.31,84,29.4,0,2.95
33.1,27.1,0.00,0.00,95,44.58,100,64.31,87,29.4,0,2.95
19.7,27.3,0.00,0.00,96,44.58,100,64.31,86,29.4,0,2.95
53.3,27.5,0.00,0.00,96,44.58,100,64.31,89,29.4,0,2.95
22.9,27.7,0.00,0.00,96,44.58,100,64.31,80,29.4,0,2.95
71.4,27.9,0.00,0.00,98,44.58,100,64.31,88,29.4,0,2.95
23.7,28.2,0.00,0.00,92,44.58,100,64.31,87,29.4,0,2.95
59.2,28.3,0.00,0.00,98,44.58,100,64.31,87,29.4,0,2.95
11.1,28.4,0.00,0.00,97,44.58,100,64.31,86,29.4,0,2.95
11.1,28.4,0.00,0.00,98,44.58,100,64.31,87,29.4,0,2.95
12.8,28.4,0.00,0.00,94,44.58,100,64.31,89,29.4,0,2.95
12.4,28.4,0.00,0.00,97,44.58,100,64.31,87,29.4,0,2.95
11.1,28.4,0.00,0.00,97,44.58,100,64.31,72,29.4,0,2.95
11.1,28.4,0.00,0.00,96,44.58,100,64.31,74,29.4,0,2.95
10.4,28.4,0.00,0.00,98,44.58,100,64.31,74,29.4,0,2.95
12.1,28.4,0.00,0.00,98,44.58,100,64.31,74,29.4,0,2.95
10.1,28.4,0.00,0.00,98,44.58,100,64.31,74,29.4,0,2.95
10.4,28.4,0.00,0.00,98,44.58,100,64.31,74,29.4,0,2.95
12.3,28.4,0.00,0.00,97,44.58,100,64.31,75,29.4,0,2.95
10.3,28.4,0.00,0.00,98,44.58,100,64.31,74,29.4,0,2.95
10.7,28.4,0.00,0.00,96,44.58,100,64.31,75,29.4,0,2.95
11.9,28.4,0.00,0.00,97,44.58,100,64.31,73,29.4,0,2.95
10.0,28.4,0.00,0.00,99,44.58,100,64.31,74,29.4,0,2.95
10.2,28.4,0.00,0.00,97,44.58,100,64.31,74,29.4,0,2.95
11.9,28.4,0.00,0.00,95,44.58,100,64.31,74,29.4,0,2.95
10.3,28.4,0.00,0.00,98,44.58,100,64.31,74,29.4,0,2.95
10.0,28.4,0.00,0.00,97,44.58,100,64.31,74,29.4,0,2.95
11.3,28.4,0.00,0.00,97,44.58,100,64.31,74,29.4,0,2.95
9.8,28.4,0.00,0.00,98,44.58,100,64.31,85,29.4,0,2.95
10.9,28.4,0.00,0.00,97,44.58,100,64.31,90,29.4,0,2.95
9.6,26.9,0.00,0.00,52,44.58,100,64.31,88,29.4,0,2.95
10.0,27.1,0.00,0.00,78,44.58,100,64.31,91,29.4,0,2.95
12.9,27.3,0.00,0.00,85,44.58,100,64.31,85,29.4,0,2.95
30.8,27.5,0.00,0.00,89,44.58,100,64.31,86,29.4,0,2.95
10.0,27.7,0.00,0.00,91,44.58,100,64.31,66,29.4,0,2.95
10.2,27.9,0.00,0.00,85,44.58,100,64.31,79,29.4,0,2.95
69.6,28.1,0.00,0.00,88,44.58,100,64.31,77,29.4,0,2.95
72.2,28.3,0.00,0.00,89,44.58,100,64.31,85,29.4,0,2.95
8.8,28.4,0.00,0.00,88,44.58,100,64.31,84,29.4,0,2.95
10.0,28.4,0.00,0.00,93,44.58,100,64.31,89,29.4,0,2.95
11.7,28.4,0.00,0.00,93,44.58,100,64.31,88,29.4,0,2.95
10.4,28.4,0.00,0.00,91,44.58,100,64.31,89,29.4,0,2.95
9.8,28.4,0.00,0.00,93,44.58,100,64.31,89,29.4,0,2.95
12.2,28.4,0.00,0.00,93,44.58,100,64.31,88,29.4,0,2.95
10.8,28.4,0.00,0.00,92,44.58,100,64.31,86,29.4,0,2.95
9.6,28.4,0.00,0.00,92,44.58,100,64.31,89,29.4,0,2.95
10.6,28.4,0.00,0.00,94,44.58,100,64.31,91,29.4,0,2.95
9.0,28.4,0.00,0.00,90,44.58,100,64.31,85,29.4,0,2.95
8.7,28.4,0.00,0.00,91,44.58,100,64.31,91,29.4,0,2.95
9.4,28.4,0.00,0.00,91,44.58,100,64.31,87,29.4,0,2.95
8.1,28.4,0.00,0.00,94,44.58,100,64.31,88,29.4,0,2.95
7.9,28.4,0.00,0.00,92,44.58,100,64.31,90,29.4,0,2.95
9.6,28.4,0.00,0.00,91,44.58,100,64.31,90,29.4,0,2.95
8.3,28.4,0.00,0.00,92,44.58,100,64.31,87,29.4,0,2.95
8.5,28.4,0.00,0.00,91,44.58,100,64.31,89,29.4,0,2.95
8.6,28.4,0.00,0.00,93,44.58,100,64.31,90,29.4,0,2.95
8.3,28.4,0.00,0.00,92,44.58,100,64.31,87,29.4,0,2.95
9.3,28.4,0.00,0.00,89,44.58,100,64.31,89,29.4,0,2.95
9.6,28.4,0.00,0.00,91,44.58,100,64.31,90,29.4,0,2.95
7.9,28.4,0.00,0.00,89,44.58,100,64.31,88,29.4,0,2.95
7.9,28.4,0.00,0.00,91,44.58,100,64.31,84,29.4,0,2.95
9.6,28.4,0.00,0.00,91,44.58,100,64.31,89,29.4,0,2.95
7.9,28.4,0.00,0.00,91,44.58,100,64.31,90,29.4,0,2.95
7.7,28.4,0.00,0.00,88,44.58,100,64.31,87,29.4,0,2.95
9.8,28.4,0.00,0.00,93,44.58,100,64.31,91,29.4,0,2.95
7.9,28.4,0.00,0.00,92,44.58,100,64.31,89,29.4,0,2.95
7.9,28.4,0.00,0.00,90,44.58,100,64.31,88,29.4,0,2.95
10.0,28.4,0.00,0.00,92,44.58,100,64.31,88,29.4,0,2.95
7.9,28.4,0.00,0.00,91,44.58,100,64.31,90,29.4,0,2.95
9.4,28.4,0.00,0.00,91,44.58,100,64.31,90,29.4,0,2.95
9.0,28.4,0.00,0.00,90,44.58,100,64.31,80,29.4,0,2.95
7.9,28.4,0.00,0.00,92,44.58,100,64.31,74,29.4,0,2.95
8.8,28.4,0.00,0.00,93,44.58,100,64.31,88,29.4,0,2.95
11.0,28.4,0.00,0.00,89,44.58,100,64.31,88,29.4,0,2.95
9.2,28.4,0.00,0.00,93,44.58,100,64.31,90,29.4,0,2.95
9.6,28.4,0.00,0.00,92,44.58,100,64.31,85,29.4,0,2.95
9.6,28.4,0.00,0.00,93,44.58,100,64.31,82,29.4,0,2.95
10.4,28.4,0.00,0.00,93,44.58,100,64.31,80,29.4,0,2.95
9.4,28.4,0.00,0.00,92,44.58,100,64.31,77,29.4,0,2.95
9.3,28.4,0.00,0.00,92,44.58,100,64.31,82,29.4,0,2.95
9.1,28.4,0.00,0.00,90,44.58,100,64.31,81,29.4,0,2.95
9.2,28.4,0.00,0.00,91,44.58,100,64.31,77,29.4,0,2.95
8.1,28.4,0.00,0.00,91,44.58,100,64.31,82,29.4,0,2.95
8.8,28.4,0.00,0.00,94,44.58,100,64.31,80,29.4,0,2.95
8.1,28.4,0.00,0.00,94,44.58,100,64.31,85,29.4,0,2.95
8.1,28.4,0.00,0.00,92,44.58,100,64.31,87,29.4,0,2.95
9.8,28.4,0.00,0.00,93,44.58,100,64.31,90,29.4,0,2.95
7.7,28.4,0.00,0.00,94,44.58,100,64.31,86,29.4,0,2.95
8.3,28.4,0.00,0.00,93,44.58,100,64.31,87,29.4,0,2.95
9.8,28.4,0.00,0.00,93,44.58,100,64.31,88,29.4,0,2.95
7.5,28.4,0.00,0.00,93,44.58,100,64.31,82,29.4,0,2.95
7.5,28.4,0.00,0.00,92,44.58,100,64.31,88,29.4,0,2.95
7.7,28.4,0.00,0.00,91,44.58,100,64.31,88,29.4,0,2.95
11.0,28.4,0.00,0.00,91,44.58,100,64.31,87,29.4,0,2.95
7.9,28.4,0.00,0.00,93,44.58,100,64.31,90,29.4,0,2.95
8.1,28.4,0.00,0.00,91,44.58,100,64.31,90,29.4,0,2.95
8.4,28.4,0.00,0.00,91,44.58,100,64.31,90,29.4,0,2.95
8.3,28.4,0.00,0.00,92,44.58,100,64.31,89,29.4,0,2.95
9.6,28.4,0.00,0.00,90,44.58,100,64.31,90,29.4,0,2.95
7.3,28.4,0.00,0.00,88,44.58,100,64.31,91,29.4,0,2.95
7.5,28.4,0.00,0.00,84,44.58,100,64.31,89,29.4,0,2.95
9.6,28.4,0.00,0.00,88,44.58,100,64.31,87,29.4,0,2.95
7.7,28.4,0.00,0.00,92,44.58,100,64.31,89,29.4,0,2.95
7.9,28.4,0.00,0.00,93,44.58,100,64.31,88,29.4,0,2.95
9.2,28.4,0.00,0.00,92,44.58,100,64.31,87,29.4,0,2.95
8.7,28.4,0.00,0.00,92,44.58,100,64.31,87,29.4,0,2.95
9.4,28.4,0.00,0.00,89,44.58,100,64.31,91,29.4,0,2.95
10.6,28.4,0.00,0.00,93,44.58,100,64.31,87,29.4,0,2.95
8.1,28.4,0.00,0.00,91,44.58,100,64.31,87,29.4,0,2.95
8.5,28.4,0.00,0.00,91,44.58,100,64.31,90,29.4,0,2.95
10.4,28.4,0.00,0.00,91,44.58,100,64.31,88,29.4,0,2.95
8.8,28.4,0.00,0.00,90,44.58,100,64.31,89,29.4,0,2.95
15.2,28.4,0.00,0.00,91,44.58,100,64.31,91,29.4,0,2.95
13.7,23.8,0.00,0.00,96,30.21,100,64.31,89,29.4,0,2.95
12.3,23.4,0.00,0.00,98,30.21,100,64.31,88,29.4,0,2.95
13.2,23.4,0.00,0.00,98,30.21,100,64.31,90,29.4,0,2.95
11.5,23.4,0.00,0.00,98,30.21,100,64.31,90,29.4,0,2.95
11.5,23.4,0.00,0.00,97,30.21,100,64.31,92,29.4,0,2.95
13.2,23.4,0.00,0.00,98,30.21,100,64.31,89,29.4,0,2.95
10.5,23.4,0.00,0.00,96,30.21,100,64.31,87,29.4,0,2.95
11.6,23.4,0.00,0.00,96,30.21,100,64.31,91,29.4,0,2.95
11.0,23.4,0.00,0.00,99,30.21,100,64.31,88,29.4,0,2.95
10.0,23.4,0.00,0.00,98,30.21,100,64.31,88,29.4,0,2.95
13.6,23.4,0.00,0.00,97,30.21,100,64.31,89,29.4,0,2.95
10.6,23.4,0.00,0.00,98,30.21,100,64.31,88,29.4,0,2.95
10.0,23.4,0.00,0.00,98,30.21,100,64.31,86,29.4,0,2.95
12.9,23.4,0.00,0.00,98,30.21,100,64.31,86,29.4,0,2.95
10.4,23.4,0.00,0.00,96,30.21,100,64.31,90,29.4,0,2.95
16.5,23.4,0.00,0.00,98,30.21,100,64.31,7,29.4,0,2.95
10.4,21.9,0.00,0.00,95,30.21,100,64.31,0,29.4,0,2.95
12.9,22.0,0.00,0.00,98,30.21,100,64.31,0,29.4,0,2.95
10.4,22.3,0.00,0.00,98,30.21,100,64.31,0,29.4,0,2.95
17.5,22.5,0.00,0.00,94,30.21,100,64.31,0,29.4,0,2.95
11.2,22.8,0.00,0.00,94,30.21,100,64.31,0,29.4,0,2.95
10.2,22.9,0.00,0.00,95,30.21,100,64.31,0,29.4,0,2.95
9.8,23.2,0.00,0.00,96,30.21,100,64.31,0,29.4,0,2.95
10.4,23.4,0.00,0.00,97,30.21,100,64.31,33,29.4,0,2.95
12.1,23.4,0.00,0.00,98,30.21,100,64.31,86,29.4,0,2.95
11.7,23.4,0.00,0.00,98,30.21,100,64.31,81,29.4,0,2.95
9.4,23.4,0.00,0.00,98,30.21,100,64.31,84,29.4,0,2.95
11.9,23.4,0.00,0.00,97,30.21,100,64.31,86,29.4,0,2.95
12.2,23.4,0.00,0.00,95,30.21,100,64.31,88,29.4,0,2.95
9.4,23.4,0.00,0.00,94,30.21,100,64.31,83,29.4,0,2.95
7.5,21.9,0.00,0.00,0,30.21,100,64.31,74,29.4,0,2.95
7.7,22.1,0.00,0.00,0,30.21,100,64.31,77,29.4,0,2.95
6.9,22.4,0.00,0.00,0,30.21,100,64.31,77,29.4,0,2.95
7.9,22.5,0.00,0.00,0,30.21,100,64.31,78,29.4,0,2.95
9.8,22.8,0.00,0.00,0,30.21,100,64.31,76,29.4,0,2.95
6.9,22.9,0.00,0.00,0,30.21,100,64.31,75,29.4,0,2.95
6.9,23.2,0.00,0.00,0,30.21,100,64.31,78,29.4,0,2.95
7.3,23.4,0.00,0.00,0,30.21,100,64.31,90,29.4,0,2.95
12.1,23.4,0.00,0.00,96,30.21,100,64.31,87,29.4,0,2.95
10.6,23.4,0.00,0.00,97,30.21,100,64.31,77,29.4,0,2.95
12.3,23.4,0.00,0.00,97,30.21,100,64.31,77,29.4,0,2.95
10.0,23.4,0.00,0.00,97,30.21,100,64.31,87,29.4,0,2.95
10.2,23.4,0.00,0.00,97,30.21,100,64.31,87,29.4,0,2.95
16.5,23.4,0.00,0.00,97,30.21,58,64.31,85,29.4,0,2.95
11.4,21.9,0.00,0.00,95,30.21,0,64.31,82,29.4,0,2.95
10.8,22.0,0.00,0.00,98,30.21,0,64.31,87,29.4,0,2.95
10.0,22.3,0.00,0.00,90,30.21,0,64.31,87,29.4,0,2.95
10.4,22.5,0.00,0.00,94,30.21,0,64.31,87,29.4,0,2.95
10.2,22.7,0.00,0.00,92,30.21,0,64.31,87,29.4,0,2.95
10.7,22.9,0.00,0.00,93,30.21,0,64.31,82,29.4,0,2.95
11.7,23.2,0.00,0.00,96,30.21,0,64.31,87,29.4,0,2.95
12.4,23.3,0.00,0.00,94,30.21,8,64.31,87,29.4,0,2.95
12.0,23.4,0.00,0.00,96,30.21,100,64.31,86,29.4,0,2.95
11.5,23.4,0.00,0.00,97,30.21,100,64.31,72,29.4,0,2.95
13.6,23.4,0.00,0.00,97,30.21,100,64.31,84,29.4,0,2.95
11.5,23.4,0.00,0.00,97,30.21,100,64.31,86,29.4,0,2.95
10.6,23.4,0.00,0.00,99,30.21,100,64.31,86,29.4,0,2.95
10.3,23.4,0.00,0.00,98,30.21,100,64.31,84,29.4,0,2.95
12.8,23.4,0.00,0.00,98,30.21,100,64.31,88,29.4,0,2.95
11.6,23.4,0.00,0.00,98,30.21,100,64.31,89,29.4,0,2.95
10.0,23.4,0.00,0.00,98,30.21,100,64.31,88,29.4,0,2.95
10.4,23.4,0.00,0.00,98,30.21,100,64.31,87,29.4,0,2.95
13.0,23.4,0.00,0.00,97,30.21,100,64.31,88,29.4,0,2.95
13.8,23.4,0.00,0.00,98,30.21,100,64.31,72,29.4,0,2.95
11.0,23.4,0.00,0.00,97,30.21,100,64.31,73,29.4,0,2.95
10.9,23.4,0.00,0.00,97,30.21,100,64.31,73,29.4,0,2.95
12.1,23.4,0.00,0.00,98,30.21,100,64.31,73,29.4,0,2.95
6.2,21.8,0.00,0.00,74,30.21,100,64.31,74,29.4,0,2.95
7.9,22.1,0.00,0.00,0,30.21,100,64.31,71,29.4,0,2.95
7.5,22.3,0.00,0.00,0,30.21,100,64.31,67,29.4,0,2.95
6.3,22.5,0.00,0.00,0,30.21,100,64.31,71,29.4,0,2.95
8.1,22.7,0.00,0.00,0,30.21,100,64.31,74,29.4,0,2.95
24.4,22.9,0.00,0.00,0,30.21,100,64.31,78,29.4,0,2.95
8.6,23.2,0.00,0.00,0,30.21,100,64.31,89,29.4,0,2.95
7.5,23.3,0.00,0.00,0,30.21,100,64.31,86,29.4,0,2.95
12.6,23.4,0.00,0.00,78,30.21,100,64.31,89,29.4,0,2.95
11.3,23.4,0.00,0.00,95,30.21,100,64.31,88,29.4,0,2.95
10.6,23.4,0.00,0.00,98,30.21,100,64.31,86,29.4,0,2.95
11.3,23.4,0.00,0.00,97,30.21,100,64.31,86,29.4,0,2.95
11.2,23.4,0.00,0.00,97,30.21,100,64.31,91,29.4,0,2.95
10.3,23.4,0.00,0.00,97,30.21,100,64.31,88,29.4,0,2.95
11.9,23.4,0.00,0.00,98,30.21,100,64.31,87,29.4,0,2.95
10.6,23.4,0.00,0.00,98,30.21,100,64.31,90,29.4,0,2.95
10.6,23.4,0.00,0.00,97,30.21,100,64.31,86,29.4,0,2.95
11.3,23.3,0.00,0.00,98,30.21,100,64.31,86,29.4,0,2.95
11.0,23.4,0.00,0.00,99,30.21,100,64.31,87,29.4,0,2.95
13.8,23.4,0.00,0.00,93,30.21,100,64.31,91,29.4,0,2.95
10.9,23.4,0.00,0.00,97,30.21,100,64.31,87,29.4,0,2.95
10.9,23.4,0.00,0.00,97,30.21,100,64.31,88,29.4,0,2.95
10.2,23.4,0.00,0.00,98,30.21,100,64.31,74,29.4,0,2.95
10.4,23.4,0.00,0.00,97,30.21,100,64.31,84,29.4,0,2.95
10.9,23.4,0.00,0.00,98,30.21,100,64.31,88,29.4,0,2.95
9.9,23.4,0.00,0.00,98,30.21,100,64.31,86,29.4,0,2.95
11.9,23.4,0.00,0.00,96,30.21,100,64.31,87,29.4,0,2.95
11.5,23.4,0.00,0.00,98,30.21,100,64.31,89,29.4,0,2.95
10.4,23.3,0.00,0.00,98,30.21,100,64.31,84,29.4,0,2.95
10.3,23.4,0.00,0.00,96,30.21,100,64.31,86,29.4,0,2.95
12.0,23.4,0.00,0.00,98,30.21,100,64.31,90,29.4,0,2.95
12.6,23.4,0.00,0.00,95,30.21,100,64.31,84,29.4,0,2.95
10.3,23.4,0.00,0.00,99,30.21,100,64.31,83,29.4,0,2.95
10.2,23.3,0.00,0.00,97,30.21,100,64.31,81,29.4,0,2.95
11.0,23.4,0.00,0.00,97,30.21,100,64.31,89,29.4,0,2.95
9.4,23.4,0.00,0.00,97,30.21,100,64.31,77,29.4,0,2.95
10.9,23.4,0.00,0.00,96,30.21,100,64.31,76,29.4,0,2.95
9.0,21.7,0.00,0.00,98,30.21,100,64.31,82,29.4,0,2.95
6.4,22.0,0.00,0.00,0,30.21,100,64.31,80,29.4,0,2.95
6.5,22.2,0.00,0.00,0,30.21,100,64.31,82,29.4,0,2.95
7.7,22.4,0.00,0.00,0,30.21,100,64.31,80,29.4,0,2.95
8.5,22.6,0.00,0.00,0,30.21,100,64.31,89,29.4,0,2.95
9.6,22.9,0.00,0.00,0,30.21,100,64.31,84,29.4,0,2.95
6.5,23.1,0.00,0.00,0,30.21,100,64.31,78,29.4,0,2.95
9.8,23.3,0.00,0.00,0,30.21,99,64.31,74,29.4,0,2.95
12.2,23.4,0.00,0.00,0,30.21,100,64.31,87,29.4,0,2.95
10.9,23.4,0.00,0.00,93,30.21,100,64.31,88,29.4,0,2.95
11.4,23.4,0.00,0.00,97,30.21,100,64.31,89,29.4,0,2.95
11.2,23.4,0.00,0.00,96,30.21,100,64.31,85,29.4,0,2.95
12.3,23.4,0.00,0.00,97,30.21,100,64.31,87,29.4,0,2.95
9.6,23.4,0.00,0.00,98,30.21,100,64.31,86,29.4,0,2.95
11.1,23.4,0.00,0.00,98,30.21,100,64.31,87,29.4,0,2.95
11.2,23.4,0.00,0.00,97,30.21,100,64.31,87,29.4,0,2.95
13.1,23.4,0.00,0.00,96,30.21,100,64.31,86,29.4,0,2.95
12.3,23.4,0.00,0.00,98,30.21,100,64.31,77,29.4,0,2.95
10.6,23.4,0.00,0.00,97,30.21,100,64.31,74,29.4,0,2.95
9.6,23.4,0.00,0.00,96,30.21,100,64.31,72,29.4,0,2.95
11.1,23.4,0.00,0.00,98,30.21,100,64.31,73,29.4,0,2.95
10.9,23.4,0.00,0.00,97,30.21,100,64.31,73,29.4,0,2.95
10.0,23.4,0.00,0.00,98,30.21,100,64.31,74,29.4,0,2.95
11.3,23.4,0.00,0.00,97,30.21,100,64.31,72,29.4,0,2.95
11.5,23.4,0.00,0.00,97,30.21,100,64.31,73,29.4,0,2.95
9.4,23.4,0.00,0.00,94,30.21,100,64.31,73,29.4,0,2.95
11.9,23.4,0.00,0.00,95,30.21,100,64.31,73,29.4,0,2.95
11.5,23.4,0.00,0.00,96,30.21,100,64.31,73,29.4,0,2.95
11.7,23.4,0.00,0.00,97,30.21,100,64.31,89,29.4,0,2.95
11.0,23.4,0.00,0.00,99,30.21,100,64.31,87,29.4,0,2.95
11.1,23.4,0.00,0.00,97,30.21,100,64.31,90,29.4,0,2.95
11.2,23.4,0.00,0.00,98,30.21,100,64.31,87,29.4,0,2.95
10.0,23.4,0.00,0.00,97,30.21,100,64.31,87,29.4,0,2.95
10.4,23.4,0.00,0.00,93,30.21,100,64.31,89,29.4,0,2.95
11.5,23.4,0.00,0.00,97,30.21,100,64.31,87,29.4,0,2.95
11.0,23.4,0.00,0.00,97,30.21,100,64.31,88,29.4,0,2.95
11.1,23.4,0.00,0.00,98,30.21,100,64.31,88,29.4,0,2.95
8.5,23.4,0.00,0.00,98,30.21,100,64.31,90,29.4,0,2.95
8.3,18.8,0.00,0.00,2,2.97,100,64.31,91,29.4,0,2.95
5.4,18.4,0.00,0.00,0,2.97,100,64.31,87,29.4,0,2.95
5.2,18.4,0.00,0.00,0,2.97,100,64.31,87,29.4,0,2.95
7.3,18.4,0.00,0.00,0,2.97,100,64.31,91,29.4,0,2.95
6.6,18.4,0.00,0.00,0,2.97,100,64.31,91,29.4,0,2.95
4.8,18.4,0.00,0.00,0,2.97,100,64.31,91,29.4,0,2.95
6.9,18.4,0.00,0.00,0,2.97,100,64.31,91,29.4,0,2.95
5.4,18.4,0.00,0.00,0,2.97,100,64.31,89,29.4,0,2.95
6.2,18.4,0.00,0.00,0,2.97,100,64.31,91,29.4,0,2.95
4.6,18.4,0.00,0.00,0,2.97,100,64.31,91,29.4,0,2.95
5.8,18.4,0.00,0.00,0,2.97,100,64.31,91,29.4,0,2.95
7.1,18.4,0.00,0.00,0,2.97,100,64.31,90,29.4,0,2.95
6.0,18.4,0.00,0.00,0,2.97,100,64.31,92,29.4,0,2.95
5.6,18.4,0.00,0.00,0,2.97,100,64.31,93,29.4,0,2.95
6.5,18.4,0.00,0.00,0,2.97,100,64.31,93,29.4,0,2.95
5.0,18.4,0.00,0.00,0,2.97,100,64.31,92,29.4,0,2.95
5.2,18.4,0.00,0.00,0,2.97,100,64.31,89,29.4,0,2.95
9.6,18.5,0.00,0.00,0,2.97,100,64.31,85,29.4,0,2.95
8.2,18.5,0.00,0.00,0,2.97,100,64.31,89,29.4,0,2.95
8.0,18.5,0.00,0.00,0,2.97,100,64.31,82,29.4,0,2.95
6.4,18.4,0.00,0.00,0,2.97,100,64.31,86,29.4,0,2.95
7.9,18.4,0.00,0.00,0,2.97,100,64.31,86,29.4,0,2.95
5.6,18.4,0.00,0.00,0,2.97,100,64.31,82,29.4,0,2.95
5.2,18.4,0.00,0.00,0,2.97,100,64.31,87,29.4,0,2.95
4.6,18.4,0.00,0.00,0,2.97,100,64.31,89,29.4,0,2.95
6.3,18.4,0.00,0.00,0,2.97,100,64.31,91,29.4,0,2.95
4.2,18.4,0.00,0.00,0,2.97,100,64.31,91,29.4,0,2.95
5.2,18.4,0.00,0.00,0,2.97,100,64.31,90,29.4,0,2.95
6.5,18.4,0.00,0.00,0,2.97,100,64.31,89,29.4,0,2.95
5.4,18.4,0.00,0.00,0,2.97,100,64.31,90,29.4,0,2.95
6.2,18.4,0.00,0.00,0,2.97,100,64.31,89,29.4,0,2.95
4.4,18.4,0.00,0.00,0,2.97,100,64.31,90,29.4,0,2.95
6.3,18.4,0.00,0.00,0,2.97,100,64.31,88,29.4,0,2.95
6.3,18.4,0.00,0.00,0,2.97,100,64.31,90,29.4,0,2.95
5.2,18.4,0.00,0.00,0,2.97,100,64.31,90,29.4,0,2.95
4.6,18.4,0.00,0.00,0,2.97,100,64.31,89,29.4,0,2.95
7.5,18.4,0.00,0.00,0,2.97,100,64.31,89,29.4,0,2.95
4.8,18.4,0.00,0.00,0,2.97,100,64.31,92,29.4,0,2.95
5.6,18.4,0.00,0.00,0,2.97,100,64.31,93,29.4,0,2.95
5.0,18.4,0.00,0.00,0,2.97,100,64.31,91,29.4,0,2.95
5.2,18.4,0.00,0.00,0,2.97,100,64.31,91,29.4,0,2.95
6.5,18.4,0.00,0.00,0,2.97,100,64.31,91,29.4,0,2.95
4.2,18.4,0.00,0.00,0,2.97,100,64.31,92,29.4,0,2.95
5.4,18.4,0.00,0.00,0,2.97,100,64.31,92,29.4,0,2.95
7.7,18.4,0.00,0.00,0,2.97,100,64.31,91,29.4,0,2.95
6.2,18.4,0.00,0.00,0,2.97,100,64.31,88,29.4,0,2.95
4.8,18.4,0.00,0.00,0,2.97,100,64.31,88,29.4,0,2.95
7.7,18.4,0.00,0.00,0,2.97,100,64.31,92,29.4,0,2.95
5.0,18.4,0.00,0.00,0,2.97,100,64.31,91,29.4,0,2.95
6.7,18.4,0.00,0.00,0,2.97,100,64.31,91,29.4,0,2.95
4.6,18.4,0.00,0.00,0,2.97,100,64.31,89,29.4,0,2.95
5.4,18.4,0.00,0.00,0,2.97,100,64.31,88,29.4,0,2.95
7.8,18.4,0.00,0.00,0,2.97,100,64.31,91,29.4,0,2.95
4.6,18.4,0.00,0.00,0,2.97,100,64.31,90,29.4,0,2.95
7.0,18.4,0.00,0.00,0,2.97,100,64.31,88,29.4,0,2.95
7.9,18.4,0.00,0.00,0,2.97,100,64.31,88,29.4,0,2.95
6.5,18.4,0.00,0.00,0,2.97,100,64.31,89,29.4,0,2.95
5.8,18.4,0.00,0.00,0,2.97,100,64.31,90,29.4,0,2.95
6.2,18.4,0.00,0.00,0,2.97,100,64.31,89,29.4,0,2.95
4.4,18.4,0.00,0.00,0,2.97,100,64.31,87,29.4,0,2.95
7.5,18.4,0.00,0.00,0,2.97,100,64.31,90,29.4,0,2.95
4.6,18.4,0.00,0.00,0,2.97,100,64.31,90,29.4,0,2.95
5.2,18.4,0.00,0.00,0,2.97,100,64.31,91,29.4,0,2.95
6.0,18.3,0.00,0.00,0,2.97,100,64.31,89,29.4,0,2.95
4.8,18.3,0.00,0.00,0,2.97,100,64.31,88,29.4,0,2.95
7.9,18.4,0.00,0.00,0,2.97,100,64.31,88,29.4,0,2.95
4.6,18.4,0.00,0.00,0,2.97,100,64.31,90,29.4,0,2.95
4.4,18.4,0.00,0.00,0,2.97,100,64.31,89,29.4,0,2.95
6.0,16.8,0.00,0.00,0,2.97,100,64.31,0,29.4,0,2.95
73.9,17.0,0.00,0.00,0,2.97,100,64.31,0,29.4,0,2.95
21.5,17.2,0.00,0.00,0,2.97,100,64.31,0,29.4,0,2.95
4.8,17.4,0.00,0.00,0,2.97,100,64.31,0,29.4,0,2.95
5.0,17.7,0.00,0.00,0,2.97,100,64.31,0,29.4,0,2.95
5.8,17.8,0.00,0.00,0,2.97,100,64.31,0,29.4,0,2.95
4.4,18.1,0.00,0.00,0,2.97,100,64.31,0,29.4,0,2.95
16.9,18.3,0.00,0.00,0,2.97,100,64.31,49,29.4,0,2.95
7.1,18.4,0.00,0.00,0,2.97,100,64.31,86,29.4,0,2.95
4.4,18.4,0.00,0.00,0,2.97,100,64.31,88,29.4,0,2.95
6.0,18.4,0.00,0.00,0,2.97,100,64.31,88,29.4,0,2.95
5.0,18.4,0.00,0.00,0,2.97,100,64.31,89,29.4,0,2.95
6.0,18.4,0.00,0.00,0,2.97,100,64.31,88,29.4,0,2.95
5.4,18.3,0.00,0.00,0,2.97,100,64.31,84,29.4,0,2.95
4.6,18.3,0.00,0.00,0,2.97,100,64.31,89,29.4,0,2.95
6.4,18.3,0.00,0.00,0,2.97,100,64.31,89,29.4,0,2.95
6.2,18.3,0.00,0.00,0,2.97,100,64.31,88,29.4,0,2.95
4.6,18.3,0.00,0.00,0,2.97,100,64.31,88,29.4,0,2.95
6.1,18.3,0.00,0.00,0,2.97,100,64.31,88,29.4,0,2.95
6.6,18.3,0.00,0.00,0,2.97,100,64.31,89,29.4,0,2.95
5.4,16.6,0.00,0.00,0,2.97,11,2.95,89,29.4,0,2.95
3.1,13.2,0.00,0.00,0,2.97,0,2.95,89,29.4,0,2.95
2.3,13.2,0.00,0.00,0,2.97,0,2.95,87,29.4,0,2.95
3.1,13.2,0.00,0.00,0,2.97,0,2.95,88,29.4,0,2.95
2.5,13.2,0.00,0.00,0,2.97,0,2.95,90,29.4,0,2.95
2.5,13.2,0.00,0.00,0,2.97,0,2.95,91,29.4,0,2.95
4.6,13.2,0.00,0.00,0,2.97,0,2.95,90,29.4,0,2.95
2.3,13.2,0.00,0.00,0,2.97,0,2.95,90,29.4,0,2.95
2.5,13.2,0.00,0.00,0,2.97,0,2.95,89,29.4,0,2.95
5.6,13.2,0.00,0.00,0,2.97,0,2.95,91,29.4,0,2.95
2.5,13.2,0.00,0.00,0,2.97,0,2.95,91,29.4,0,2.95
3.3,13.2,0.00,0.00,0,2.97,0,2.95,91,29.4,0,2.95
3.3,13.2,0.00,0.00,0,2.97,0,2.95,89,29.4,0,2.95
2.5,13.2,0.00,0.00,0,2.97,0,2.95,86,29.4,0,2.95
5.5,13.3,0.00,0.00,0,2.97,0,2.95,87,29.4,0,2.95
6.5,13.3,0.00,0.00,0,2.97,0,2.95,80,29.4,0,2.95
6.1,13.2,0.00,0.00,0,2.97,0,2.95,88,29.4,0,2.95
2.3,13.2,0.00,0.00,0,2.97,0,2.95,92,29.4,0,2.95
2.5,13.2,0.00,0.00,0,2.97,0,2.95,89,29.4,0,2.95
4.6,13.2,0.00,0.00,0,2.97,0,2.95,89,29.4,0,2.95
2.7,13.2,0.00,0.00,0,2.97,0,2.95,87,29.4,0,2.95
2.3,13.2,0.00,0.00,0,2.97,0,2.95,90,29.4,0,2.95
4.2,13.2,0.00,0.00,0,2.97,0,2.95,90,29.4,0,2.95
2.3,13.2,0.00,0.00,0,2.97,0,2.95,87,29.4,0,2.95
2.5,13.2,0.00,0.00,0,2.97,0,2.95,89,29.4,0,2.95
4.2,13.2,0.00,0.00,0,2.97,0,2.95,90,29.4,0,2.95
2.7,13.2,0.00,0.00,0,2.97,0,2.95,91,29.4,0,2.95
2.5,13.2,0.00,0.00,0,2.97,0,2.95,90,29.4,0,2.95
4.4,13.2,0.00,0.00,0,2.97,0,2.95,90,29.4,0,2.95
2.9,13.2,0.00,0.00,0,2.97,0,2.95,90,29.4,0,2.95
3.1,13.2,0.00,0.00,0,2.97,0,2.95,89,29.4,0,2.95
3.7,13.2,0.00,0.00,0,2.97,0,2.95,89,29.4,0,2.95
2.3,13.2,0.00,0.00,0,2.97,0,2.95,89,29.4,0,2.95
4.0,13.2,0.00,0.00,0,2.97,0,2.95,89,29.4,0,2.95
3.5,13.2,0.00,0.00,0,2.97,0,2.95,89,29.4,0,2.95
2.7,13.2,0.00,0.00,0,2.97,0,2.95,88,29.4,0,2.95
2.5,13.2,0.00,0.00,0,2.97,0,2.95,87,29.4,0,2.95
4.4,13.2,0.00,0.00,0,2.97,0,2.95,90,29.4,0,2.95
2.5,13.2,0.00,0.00,0,2.97,0,2.95,89,29.4,0,2.95
2.5,13.2,0.00,0.00,0,2.97,0,2.95,87,29.4,0,2.95
4.8,13.2,0.00,0.00,0,2.97,0,2.95,87,29.4,0,2.95
2.5,13.2,0.00,0.00,0,2.97,0,2.95,88,29.4,0,2.95
2.3,13.2,0.00,0.00,0,2.97,0,2.95,89,29.4,0,2.95
4.4,13.2,0.00,0.00,0,2.97,0,2.95,87,29.4,0,2.95
2.7,13.2,0.00,0.00,0,2.97,0,2.95,87,29.4,0,2.95
2.5,13.2,0.00,0.00,0,2.97,0,2.95,90,29.4,0,2.95
4.2,13.2,0.00,0.00,0,2.97,0,2.95,88,29.4,0,2.95
2.3,13.2,0.00,0.00,0,2.97,0,2.95,88,29.4,0,2.95
3.1,13.2,0.00,0.00,0,2.97,0,2.95,88,29.4,0,2.95
4.8,13.2,0.00,0.00,0,2.97,0,2.95,89,29.4,0,2.95
3.3,13.2,0.00,0.00,0,2.97,0,2.95,89,29.4,0,2.95
2.5,13.2,0.00,0.00,0,2.97,0,2.95,86,29.4,0,2.95
4.4,13.2,0.00,0.00,0,2.97,0,2.95,88,29.4,0,2.95
2.5,13.2,0.00,0.00,0,2.97,0,2.95,89,29.4,0,2.95
2.9,13.2,0.00,0.00,0,2.97,0,2.95,90,29.4,0,2.95
5.0,13.2,0.00,0.00,0,2.97,0,2.95,90,29.4,0,2.95
2.9,13.2,0.00,0.00,0,2.97,0,2.95,81,29.4,0,2.95
4.4,13.2,0.00,0.00,0,2.97,0,2.95,74,29.4,0,2.95
2.7,13.2,0.00,0.00,0,2.97,0,2.95,74,29.4,0,2.95
2.5,13.2,0.00,0.00,0,2.97,0,2.95,75,29.4,0,2.95
5.0,13.2,0.00,0.00,0,2.97,0,2.95,75,29.4,0,2.95
2.3,13.2,0.00,0.00,0,2.97,0,2.95,75,29.4,0,2.95
2.9,13.2,0.00,0.00,0,2.97,0,2.95,73,29.4,0,2.95
3.9,13.2,0.00,0.00,0,2.97,0,2.95,74,29.4,0,2.95
2.5,13.2,0.00,0.00,0,2.97,0,2.95,74,29.4,0,2.95
2.5,13.2,0.00,0.00,0,2.97,0,2.95,73,29.4,0,2.95
3.3,13.2,0.00,0.00,0,2.97,0,2.95,75,29.4,0,2.95
3.1,13.2,0.00,0.00,0,2.97,0,2.95,74,29.4,0,2.95
3.1,13.2,0.00,0.00,0,2.97,0,2.95,89,29.4,0,2.95
4.0,13.2,0.00,0.00,0,2.97,0,2.95,89,29.4,0,2.95
3.1,13.2,0.00,0.00,0,2.97,0,2.95,87,29.4,0,2.95
2.5,13.2,0.00,0.00,0,2.97,0,2.95,88,29.4,0,2.95
3.1,13.2,0.00,0.00,0,2.97,0,2.95,89,29.4,0,2.95
2.9,13.2,0.00,0.00,0,2.97,0,2.95,89,29.4,0,2.95
2.9,13.2,0.00,0.00,0,2.97,0,2.95,88,29.4,0,2.95
4.6,13.2,0.00,0.00,0,2.97,0,2.95,89,29.4,0,2.95
2.5,13.2,0.00,0.00,0,2.97,0,2.95,91,29.4,0,2.95
4.2,13.2,0.00,0.00,0,2.97,0,2.95,90,29.4,0,2.95
2.3,13.2,0.00,0.00,0,2.97,0,2.95,91,29.4,0,2.95
2.5,13.2,0.00,0.00,0,2.97,0,2.95,88,29.4,0,2.95
5.4,13.2,0.00,0.00,0,2.97,0,2.95,89,29.4,0,2.95
2.7,13.2,0.00,0.00,0,2.97,0,2.95,90,29.4,0,2.95
3.3,13.2,0.00,0.00,0,2.97,0,2.95,90,29.4,0,2.95
2.7,13.2,0.00,0.00,0,2.97,0,2.95,91,29.4,0,2.95
2.9,13.2,0.00,0.00,0,2.97,0,2.95,88,29.4,0,2.95
3.8,13.2,0.00,0.00,0,2.97,0,2.95,88,29.4,0,2.95
2.3,13.2,0.00,0.00,0,2.97,0,2.95,89,29.4,0,2.95
3.3,13.2,0.00,0.00,0,2.97,0,2.95,89,29.4,0,2.95
2.5,13.2,0.00,0.00,0,2.97,0,2.95,91,29.4,0,2.95
2.9,13.2,0.00,0.00,0,2.97,0,2.95,80,29.4,0,2.95
4.2,13.2,0.00,0.00,0,2.97,0,2.95,82,29.4,0,2.95
2.9,13.2,0.00,0.00,0,2.97,0,2.95,79,29.4,0,2.95
2.3,13.2,0.00,0.00,0,2.97,0,2.95,83,29.4,0,2.95
2.7,13.2,0.00,0.00,0,2.97,0,2.95,88,29.4,0,2.95
4.4,13.2,0.00,0.00,0,2.97,0,2.95,89,29.4,0,2.95
2.5,13.2,0.00,0.00,0,2.97,0,2.95,90,29.4,0,2.95
2.1,13.2,0.00,0.00,0,2.97,0,2.95,91,29.4,0,2.95
3.5,13.2,0.00,0.00,0,2.97,0,2.95,88,29.4,0,2.95
2.3,13.2,0.00,0.00,0,2.97,0,2.95,89,29.4,0,2.95
3.5,13.2,0.00,0.00,0,2.97,0,2.95,89,29.4,0,2.95
4.6,13.2,0.00,0.00,0,2.97,0,2.95,90,29.4,0,2.95
2.7,13.2,0.00,0.00,0,2.97,0,2.95,77,29.4,0,2.95
2.5,13.2,0.00,0.00,0,2.97,0,2.95,85,29.4,0,2.95
2.7,13.2,0.00,0.00,0,2.97,0,2.95,87,29.4,0,2.95
2.9,13.2,0.00,0.00,0,2.97,0,2.95,85,29.4,0,2.95
3.8,13.2,0.00,0.00,0,2.97,0,2.95,89,29.4,0,2.95
2.5,13.2,0.00,0.00,0,2.97,0,2.95,90,29.4,0,2.95
3.5,13.2,0.00,0.00,0,2.97,0,2.95,90,29.4,0,2.95
2.7,13.2,0.00,0.00,0,2.97,0,2.95,87,29.4,0,2.95
2.5,13.2,0.00,0.00,0,2.97,0,2.95,89,29.4,0,2.95
5.8,13.2,0.00,0.00,0,2.97,0,2.95,89,29.4,0,2.95
2.9,13.2,0.00,0.00,0,2.97,0,2.95,91,29.4,0,2.95
2.3,13.2,0.00,0.00,0,2.97,0,2.95,88,29.4,0,2.95
4.6,13.2,0.00,0.00,0,2.97,0,2.95,87,29.4,0,2.95
2.3,13.2,0.00,0.00,0,2.97,0,2.95,88,29.4,0,2.95
2.3,13.2,0.00,0.00,0,2.97,0,2.95,90,29.4,0,2.95
4.4,13.2,0.00,0.00,0,2.97,0,2.95,89,29.4,0,2.95
2.5,13.2,0.00,0.00,0,2.97,0,2.95,87,29.4,0,2.95
2.1,13.2,0.00,0.00,0,2.97,0,2.95,89,29.4,0,2.95
3.7,13.2,0.00,0.00,0,2.97,0,2.95,90,29.4,0,2.95
4.0,13.2,0.00,0.00,0,2.97,0,2.95,90,29.4,0,2.95
3.5,13.2,0.00,0.00,0,2.97,0,2.95,89,29.4,0,2.95
3.1,13.2,0.00,0.00,0,2.97,0,2.95,87,29.4,0,2.95
2.3,13.2,0.00,0.00,0,2.97,0,2.95,87,29.4,0,2.95
3.5,13.2,0.00,0.00,0,2.97,0,2.95,89,29.4,0,2.95
2.7,13.2,0.00,0.00,0,2.97,0,2.95,90,29.4,0,2.95
2.3,13.2,0.00,0.00,0,2.97,0,2.95,87,29.4,0,2.95
3.8,13.2,0.00,0.00,0,2.97,0,2.95,87,29.4,0,2.95
2.3,13.2,0.00,0.00,0,2.97,0,2.95,89,29.4,0,2.95
2.5,13.2,0.00,0.00,0,2.97,0,2.95,90,29.4,0,2.95
5.2,13.2,0.00,0.00,0,2.97,0,2.95,90,29.4,0,2.95
2.1,13.2,0.00,0.00,0,2.97,0,2.95,87,29.4,0,2.95
2.9,13.2,0.00,0.00,0,2.97,0,2.95,85,29.4,0,2.95
3.9,13.2,0.00,0.00,0,2.97,0,2.95,90,29.4,0,2.95
2.3,13.2,0.00,0.00,0,2.97,0,2.95,91,29.4,0,2.95
3.5,13.2,0.00,0.00,0,2.97,0,2.95,89,29.4,0,2.95
2.7,13.2,0.00,0.00,0,2.97,0,2.95,88,29.4,0,2.95
2.7,13.2,0.00,0.00,0,2.97,0,2.95,89,29.4,0,2.95
4.0,13.2,0.00,0.00,0,2.97,0,2.95,90,29.4,0,2.95
2.3,13.2,0.00,0.00,0,2.97,0,2.95,89,29.4,0,2.95
2.9,13.2,0.00,0.00,0,2.97,0,2.95,87,29.4,0,2.95
4.2,13.2,0.00,0.00,0,2.97,0,2.95,88,29.4,0,2.95
2.3,13.2,0.00,0.00,0,2.97,0,2.95,88,29.4,0,2.95
3.1,13.2,0.00,0.00,0,2.97,0,2.95,90,29.4,0,2.95
3.1,13.2,0.00,0.00,0,2.97,0,2.95,90,29.4,0,2.95
2.1,13.2,0.00,0.00,0,2.97,0,2.95,87,29.4,0,2.95
4.4,13.2,0.00,0.00,0,2.97,0,2.95,86,29.4,0,2.95
2.3,13.2,0.00,0.00,0,2.97,0,2.95,88,29.4,0,2.95
2.3,13.2,0.00,0.00,0,2.97,0,2.95,88,29.4,0,2.95
4.0,13.2,0.00,0.00,0,2.97,0,2.95,89,29.4,0,2.95
3.1,13.2,0.00,0.00,0,2.97,0,2.95,86,29.4,0,2.95
3.1,13.2,0.00,0.00,0,2.97,0,2.95,86,29.4,0,2.95
2.5,13.2,0.00,0.00,0,2.97,0,2.95,88,29.4,0,2.95
2.3,13.2,0.00,0.00,0,2.97,0,2.95,88,29.4,0,2.95
4.4,13.2,0.00,0.00,0,2.97,0,2.95,88,29.4,0,2.95
2.5,13.2,0.00,0.00,0,2.97,0,2.95,87,29.4,0,2.95
2.5,13.2,0.00,0.00,0,2.97,0,2.95,86,29.4,0,2.95
3.5,13.2,0.00,0.00,0,2.97,0,2.95,87,29.4,0,2.95
2.5,13.2,0.00,0.00,0,2.97,0,2.95,87,29.4,0,2.95
4.0,13.2,0.00,0.00,0,2.97,0,2.95,88,29.4,0,2.95
3.1,13.2,0.00,0.00,0,2.97,0,2.95,87,29.4,0,2.95
2.3,13.2,0.00,0.00,0,2.97,0,2.95,87,29.4,0,2.95
4.4,13.2,0.00,0.00,0,2.97,0,2.95,87,29.4,0,2.95
2.5,13.2,0.00,0.00,0,2.97,0,2.95,88,29.4,0,2.95
2.7,13.2,0.00,0.00,0,2.97,0,2.95,89,29.4,0,2.95
3.5,13.2,0.00,0.00,0,2.97,0,2.95,87,29.4,0,2.95
2.1,13.2,0.00,0.00,0,2.97,0,2.95,85,29.4,0,2.95
2.3,13.2,0.00,0.00,0,2.97,0,2.95,87,29.4,0,2.95
2.9,13.2,0.00,0.00,0,2.97,0,2.95,87,29.4,0,2.95
6.7,11.5,0.00,0.00,0,2.97,0,2.95,7,2.95,0,2.95
2578.11