1.5,7.2,0.00,0.00,0,2.95,0,2.95,0,2.95,0,2.95
0.4,7.2,0.00,0.00,0,2.95,0,2.95,0,2.95,0,2.95
0.4,7.2,0.00,0.00,0,2.95,0,2.95,0,2.95,0,2.95
3.2,7.3,0.00,0.00,0,2.95,0,2.95,0,2.95,0,2.95
2.9,7.3,0.00,0.00,0,2.95,0,2.95,0,2.95,0,2.95
0.2,7.2,0.00,0.00,0,2.95,0,2.95,0,2.95,0,2.95
0.2,7.2,0.00,0.00,0,2.95,0,2.95,0,2.95,0,2.95
0.6,7.2,0.00,0.00,0,2.95,0,2.95,0,2.95,0,2.95
3.4,7.3,0.00,0.00,0,2.95,0,2.95,0,2.95,0,2.95
3.6,7.3,0.00,0.00,0,2.95,0,2.95,0,2.95,0,2.95
0.4,7.2,0.00,0.00,0,2.95,0,2.95,0,2.95,0,2.95
0.2,7.2,0.00,0.00,0,2.95,0,2.95,0,2.95,0,2.95
0.6,7.2,0.00,0.00,0,2.95,0,2.95,0,2.95,0,2.95
3.2,7.3,0.00,0.00,0,2.95,0,2.95,0,2.95,0,2.95
3.4,7.3,0.00,0.00,0,2.95,0,2.95,0,2.95,0,2.95
0.8,7.2,0.00,0.00,0,2.95,0,2.95,0,2.95,0,2.95
0.4,7.2,0.00,0.00,0,2.95,0,2.95,0,2.95,0,2.95
0.2,7.2,0.00,0.00,0,2.95,0,2.95,0,2.95,0,2.95
3.4,7.3,0.00,0.00,0,2.95,0,2.95,0,2.95,0,2.95
3.4,7.3,0.00,0.00,0,2.95,0,2.95,0,2.95,0,2.95
1.0,7.2,0.00,0.00,0,2.95,0,2.95,0,2.95,0,2.95
0.2,7.2,0.00,0.00,0,2.95,0,2.95,0,2.95,0,2.95
0.4,7.2,0.00,0.00,0,2.95,0,2.95,0,2.95,0,2.95
3.4,7.3,0.00,0.00,0,2.95,0,2.95,0,2.95,0,2.95
3.8,7.3,0.00,0.00,0,2.95,0,2.95,0,2.95,0,2.95
0.6,7.2,0.00,0.00,0,2.95,0,2.95,0,2.95,0,2.95
0.0,7.2,0.00,0.00,0,2.95,0,2.95,0,2.95,0,2.95
0.2,7.2,0.00,0.00,0,2.95,0,2.95,0,2.95,0,2.95
3.3,7.3,0.00,0.00,0,2.95,0,2.95,0,2.95,0,2.95
3.1,7.3,0.00,0.00,0,2.95,0,2.95,0,2.95,0,2.95
2.7,7.3,0.00,0.00,0,2.95,0,2.95,0,2.95,0,2.95
0.4,7.2,0.00,0.00,0,2.95,0,2.95,0,2.95,0,2.95
0.2,7.2,0.00,0.00,0,2.95,0,2.95,0,2.95,0,2.95
1.5,7.2,0.00,0.00,0,2.95,0,2.95,0,2.95,0,2.95
3.4,7.3,0.00,0.00,0,2.95,0,2.95,0,2.95,0,2.95
3.2,7.3,0.00,0.00,0,2.95,0,2.95,0,2.95,0,2.95
0.4,7.2,0.00,0.00,0,2.95,0,2.95,0,2.95,0,2.95
0.4,7.2,0.00,0.00,0,2.95,0,2.95,0,2.95,0,2.95
0.4,7.2,0.00,0.00,0,2.95,0,2.95,0,2.95,0,2.95
3.8,7.3,0.00,0.00,0,2.95,0,2.95,0,2.95,0,2.95
3.8,7.3,0.00,0.00,0,2.95,0,2.95,0,2.95,0,2.95
0.2,7.2,0.00,0.00,0,2.95,0,2.95,0,2.95,0,2.95
0.4,7.2,0.00,0.00,0,2.95,0,2.95,0,2.95,0,2.95
0.4,7.2,0.00,0.00,0,2.95,0,2.95,0,2.95,0,2.95
3.4,7.2,0.00,0.00,0,2.95,0,2.95,0,2.95,0,2.95
3.2,7.2,0.00,0.00,0,2.95,0,2.95,0,2.95,0,2.95
0.4,7.2,0.00,0.00,0,2.95,0,2.95,0,2.95,0,2.95
0.4,7.2,0.00,0.00,0,2.95,0,2.95,0,2.95,0,2.95
0.4,7.2,0.00,0.00,0,2.95,0,2.95,0,2.95,0,2.95
2.9,7.2,0.00,0.00,0,2.95,0,2.95,0,2.95,0,2.95
3.4,7.2,0.00,0.00,0,2.95,0,2.95,0,2.95,0,2.95
0.6,7.2,0.00,0.00,0,2.95,0,2.95,0,2.95,0,2.95
0.8,7.2,0.00,0.00,0,2.95,0,2.95,0,2.95,0,2.95
0.2,7.2,0.00,0.00,0,2.95,0,2.95,0,2.95,0,2.95
3.5,7.2,0.00,0.00,0,2.95,0,2.95,0,2.95,0,2.95
2.9,7.2,0.00,0.00,0,2.95,0,2.95,0,2.95,0,2.95
0.4,7.2,0.00,0.00,0,2.95,0,2.95,0,2.95,0,2.95
3.2,7.2,0.00,0.00,0,2.95,0,2.95,0,2.95,0,2.95
3.2,7.2,0.00,0.00,0,2.95,0,2.95,0,2.95,0,2.95
2.9,7.2,0.00,0.00,0,2.95,0,2.95,0,2.95,0,2.95
3.6,7.2,0.00,0.00,0,2.95,0,2.95,0,2.95,0,2.95
4.2,7.2,0.00,0.00,0,2.95,0,2.95,0,2.95,0,2.95
1.7,7.2,0.00,0.00,0,2.95,0,2.95,0,2.95,0,2.95
0.0,7.2,0.00,0.00,0,2.95,0,2.95,0,2.95,0,2.95
0.2,7.2,0.00,0.00,0,2.95,0,2.95,0,2.95,0,2.95
3.4,7.2,0.00,0.00,0,2.95,0,2.95,0,2.95,0,2.95
3.4,7.2,0.00,0.00,0,2.95,0,2.95,0,2.95,0,2.95
0.2,7.2,0.00,0.00,0,2.95,0,2.95,0,2.95,0,2.95
0.2,7.2,0.00,0.00,0,2.95,0,2.95,0,2.95,0,2.95
0.2,7.2,0.00,0.00,0,2.95,0,2.95,0,2.95,0,2.95
2.8,7.2,0.00,0.00,0,2.95,0,2.95,0,2.95,0,2.95
2.9,7.2,0.00,0.00,0,2.95,0,2.95,0,2.95,0,2.95
0.4,7.2,0.00,0.00,0,2.95,0,2.95,0,2.95,0,2.95
0.0,7.2,0.00,0.00,0,2.95,0,2.95,0,2.95,0,2.95
0.4,7.2,0.00,0.00,0,2.95,0,2.95,0,2.95,0,2.95
3.4,7.2,0.00,0.00,0,2.95,0,2.95,0,2.95,0,2.95
3.4,7.2,0.00,0.00,0,2.95,0,2.95,0,2.95,0,2.95
0.4,7.2,0.00,0.00,0,2.95,0,2.95,0,2.95,0,2.95
0.6,7.2,0.00,0.00,0,2.95,0,2.95,0,2.95,0,2.95
0.6,7.2,0.00,0.00,0,2.95,0,2.95,0,2.95,0,2.95
3.2,7.2,0.00,0.00,0,2.95,0,2.95,0,2.95,0,2.95
3.6,7.2,0.00,0.00,0,2.95,0,2.95,0,2.95,0,2.95
0.4,7.2,0.00,0.00,0,2.95,0,2.95,0,2.95,0,2.95
0.0,7.2,0.00,0.00,0,2.95,0,2.95,0,2.95,0,2.95
0.2,7.2,0.00,0.00,0,2.95,0,2.95,0,2.95,0,2.95
3.4,7.2,0.00,0.00,0,2.95,0,2.95,0,2.95,0,2.95
4.0,7.2,0.00,0.00,0,2.95,0,2.95,0,2.95,0,2.95
0.4,7.2,0.00,0.00,0,2.95,0,2.95,0,2.95,0,2.95
0.4,7.2,0.00,0.00,0,2.95,0,2.95,0,2.95,0,2.95
1.7,7.2,0.00,0.00,0,2.95,0,2.95,0,2.95,0,2.95
3.5,7.2,0.00,0.00,0,2.95,0,2.95,0,2.95,0,2.95
3.5,7.2,0.00,0.00,0,2.95,0,2.95,0,2.95,0,2.95
2.9,7.2,0.00,0.00,0,2.95,0,2.95,0,2.95,0,2.95
0.4,7.2,0.00,0.00,0,2.95,0,2.95,0,2.95,0,2.95
0.6,7.2,0.00,0.00,0,2.95,0,2.95,0,2.95,0,2.95
3.4,7.2,0.00,0.00,0,2.95,0,2.95,0,2.95,0,2.95
