1.7,8.1,0.00,0.00,0,2.95,0,2.95,0,2.95,0,2.95
4.6,8.1,0.00,0.00,0,2.95,0,2.95,0,2.95,0,2.95
4.4,8.1,0.00,0.00,0,2.95,0,2.95,0,2.95,0,2.95
1.3,8.1,0.00,0.00,0,2.95,0,2.95,0,2.95,0,2.95
0.4,8.1,0.00,0.00,0,2.95,0,2.95,0,2.95,0,2.95
3.6,8.1,0.00,0.00,0,2.95,0,2.95,0,2.95,0,2.95
0.4,8.1,0.00,0.00,0,2.95,0,2.95,0,2.95,0,2.95
0.2,8.1,0.00,0.00,0,2.95,0,2.95,0,2.95,0,2.95
3.8,8.1,0.00,0.00,0,2.95,0,2.95,0,2.95,0,2.95
3.4,8.1,0.00,0.00,0,2.95,0,2.95,0,2.95,0,2.95
0.4,8.1,0.00,0.00,0,2.95,0,2.95,0,2.95,0,2.95
0.4,8.1,0.00,0.00,0,2.95,0,2.95,0,2.95,0,2.95
0.2,8.1,0.00,0.00,0,2.95,0,2.95,0,2.95,0,2.95
3.3,8.1,0.00,0.00,0,2.95,0,2.95,0,2.95,0,2.95
3.4,8.1,0.00,0.00,0,2.95,0,2.95,0,2.95,0,2.95
1.7,8.1,0.00,0.00,0,2.95,0,2.95,0,2.95,0,2.95
0.0,8.1,0.00,0.00,0,2.95,0,2.95,0,2.95,0,2.95
0.6,8.1,0.00,0.00,0,2.95,0,2.95,0,2.95,0,2.95
4.6,8.1,0.00,0.00,0,2.95,0,2.95,0,2.95,0,2.95
2.8,8.1,0.00,0.00,0,2.95,0,2.95,0,2.95,0,2.95
7.5,8.0,0.00,0.00,0,2.95,0,2.95,0,2.95,0,2.95
0.2,8.0,0.00,0.00,0,2.95,0,2.95,0,2.95,0,2.95
0.4,8.0,0.00,0.00,0,2.95,0,2.95,0,2.95,0,2.95
3.8,8.1,0.00,0.00,0,2.95,0,2.95,0,2.95,0,2.95
5.6,8.1,0.00,0.00,0,2.95,0,2.95,0,2.95,0,2.95
0.6,8.0,0.00,0.00,0,2.95,0,2.95,0,2.95,0,2.95
2.3,8.0,0.00,0.00,0,2.95,0,2.95,0,2.95,0,2.95
0.8,8.0,0.00,0.00,0,2.95,0,2.95,0,2.95,0,2.95
3.8,8.1,0.00,0.00,0,2.95,0,2.95,0,2.95,0,2.95
3.6,8.1,0.00,0.00,0,2.95,0,2.95,0,2.95,0,2.95
0.6,8.0,0.00,0.00,0,2.95,0,2.95,0,2.95,0,2.95
0.4,8.0,0.00,0.00,0,2.95,0,2.95,0,2.95,0,2.95
0.6,8.0,0.00,0.00,0,2.95,0,2.95,0,2.95,0,2.95
3.4,8.1,0.00,0.00,0,2.95,0,2.95,0,2.95,0,2.95
3.2,8.1,0.00,0.00,0,2.95,0,2.95,0,2.95,0,2.95
0.2,8.0,0.00,0.00,0,2.95,0,2.95,0,2.95,0,2.95
0.2,8.0,0.00,0.00,0,2.95,0,2.95,0,2.95,0,2.95
2.3,8.0,0.00,0.00,0,2.95,0,2.95,0,2.95,0,2.95
