1.9,8.2,0.00,0.00,0,2.95,0,2.95,0,2.95,0,2.95
3.4,8.2,0.00,0.00,0,2.95,0,2.95,0,2.95,0,2.95
4.9,8.2,0.00,0.00,0,2.95,0,2.95,0,2.95,0,2.95
1.0,8.2,0.00,0.00,0,2.95,0,2.95,0,2.95,0,2.95
0.6,8.2,0.00,0.00,0,2.95,0,2.95,0,2.95,0,2.95
1.0,8.2,0.00,0.00,0,2.95,0,2.95,0,2.95,0,2.95
5.7,8.4,0.00,0.00,0,2.95,0,2.95,0,2.95,0,2.95
4.6,8.5,0.00,0.00,0,2.95,0,2.95,0,2.95,0,2.95
9.1,9.1,0.00,0.00,0,2.95,0,2.95,0,2.95,0,2.95
6.6,9.5,0.00,0.00,0,2.95,0,2.95,0,2.95,0,2.95
6.7,11.2,0.00,0.00,0,2.95,0,2.95,0,2.95,0,2.95
