1.0,7.3,0.00,0.00,0,2.95,0,2.95,0,2.95,0,2.95
1.0,7.3,0.00,0.00,0,2.95,0,2.95,0,2.95,0,2.95
1.0,7.3,0.00,0.00,0,2.95,0,2.95,0,2.95,0,2.95
3.8,7.4,0.00,0.00,0,2.95,0,2.95,0,2.95,0,2.95
3.0,7.4,0.00,0.00,0,2.95,0,2.95,0,2.95,0,2.95
0.2,7.3,0.00,0.00,0,2.95,0,2.95,0,2.95,0,2.95
0.2,7.3,0.00,0.00,0,2.95,0,2.95,0,2.95,0,2.95
0.4,7.3,0.00,0.00,0,2.95,0,2.95,0,2.95,0,2.95
3.4,7.4,0.00,0.00,0,2.95,0,2.95,0,2.95,0,2.95
3.8,7.4,0.00,0.00,0,2.95,0,2.95,0,2.95,0,2.95
0.6,7.3,0.00,0.00,0,2.95,0,2.95,0,2.95,0,2.95
0.2,7.3,0.00,0.00,0,2.95,0,2.95,0,2.95,0,2.95
0.8,7.3,0.00,0.00,0,2.95,0,2.95,0,2.95,0,2.95
2.9,7.4,0.00,0.00,0,2.95,0,2.95,0,2.95,0,2.95
3.0,7.4,0.00,0.00,0,2.95,0,2.95,0,2.95,0,2.95
0.2,7.3,0.00,0.00,0,2.95,0,2.95,0,2.95,0,2.95
0.6,7.3,0.00,0.00,0,2.95,0,2.95,0,2.95,0,2.95
0.4,7.3,0.00,0.00,0,2.95,0,2.95,0,2.95,0,2.95
4.0,7.4,0.00,0.00,0,2.95,0,2.95,0,2.95,0,2.95
3.4,7.4,0.00,0.00,0,2.95,0,2.95,0,2.95,0,2.95
0.2,7.3,0.00,0.00,0,2.95,0,2.95,0,2.95,0,2.95
1.0,7.3,0.00,0.00,0,2.95,0,2.95,0,2.95,0,2.95
7.5,7.3,0.00,0.00,0,2.95,0,2.95,0,2.95,0,2.95
6.1,7.4,0.00,0.00,0,2.95,0,2.95,0,2.95,0,2.95
13.2,7.4,0.00,0.00,0,2.95,0,2.95,0,2.95,0,2.95
13.8,7.4,0.00,0.00,0,2.95,0,2.95,0,2.95,0,2.95
8.1,7.5,0.00,0.00,0,2.95,0,2.95,0,2.95,0,2.95
12.7,7.5,0.00,0.00,0,2.95,0,2.95,0,2.95,0,2.95
6.8,7.7,0.00,0.00,0,2.95,0,2.95,0,2.95,0,2.95
5.1,7.7,0.00,0.00,0,2.95,0,2.95,0,2.95,0,2.95
4.0,7.7,0.00,0.00,0,2.95,0,2.95,0,2.95,0,2.95
0.4,7.7,0.00,0.00,0,2.95,0,2.95,0,2.95,0,2.95
1.0,7.6,0.00,0.00,0,2.95,0,2.95,0,2.95,0,2.95
1.2,7.6,0.00,0.00,0,2.95,0,2.95,0,2.95,0,2.95
60.98