5.2,8.0,0.00,0.00,0,2.95,0,2.95,0,2.95,0,2.95
3.8,8.0,0.00,0.00,0,2.95,0,2.95,0,2.95,0,2.95
0.8,8.0,0.00,0.00,0,2.95,0,2.95,0,2.95,0,2.95
0.0,8.0,0.00,0.00,0,2.95,0,2.95,0,2.95,0,2.95
0.2,8.0,0.00,0.00,0,2.95,0,2.95,0,2.95,0,2.95
3.4,8.0,0.00,0.00,0,2.95,0,2.95,0,2.95,0,2.95
4.0,8.0,0.00,0.00,0,2.95,0,2.95,0,2.95,0,2.95
0.2,8.0,0.00,0.00,0,2.95,0,2.95,0,2.95,0,2.95
2.9,8.0,0.00,0.00,0,2.95,0,2.95,0,2.95,0,2.95
2.5,8.0,0.00,0.00,0,2.95,0,2.95,0,2.95,0,2.95
3.0,8.0,0.00,0.00,0,2.95,0,2.95,0,2.95,0,2.95
4.4,8.0,0.00,0.00,0,2.95,0,2.95,0,2.95,0,2.95
0.8,8.0,0.00,0.00,0,2.95,0,2.95,0,2.95,0,2.95
0.4,8.0,0.00,0.00,0,2.95,0,2.95,0,2.95,0,2.95
0.2,8.0,0.00,0.00,0,2.95,0,2.95,0,2.95,0,2.95
3.4,8.0,0.00,0.00,0,2.95,0,2.95,0,2.95,0,2.95
3.6,8.0,0.00,0.00,0,2.95,0,2.95,0,2.95,0,2.95
3.6,8.0,0.00,0.00,0,2.95,0,2.95,0,2.95,0,2.95
1.7,8.0,0.00,0.00,0,2.95,0,2.95,0,2.95,0,2.95
0.4,8.0,0.00,0.00,0,2.95,0,2.95,0,2.95,0,2.95
3.4,8.0,0.00,0.00,0,2.95,0,2.95,0,2.95,0,2.95
3.4,8.0,0.00,0.00,0,2.95,0,2.95,0,2.95,0,2.95
3.2,8.0,0.00,0.00,0,2.95,0,2.95,0,2.95,0,2.95
0.4,7.9,0.00,0.00,0,2.95,0,2.95,0,2.95,0,2.95
0.0,7.9,0.00,0.00,0,2.95,0,2.95,0,2.95,0,2.95
1.5,7.9,0.00,0.00,0,2.95,0,2.95,0,2.95,0,2.95
3.4,8.0,0.00,0.00,0,2.95,0,2.95,0,2.95,0,2.95
9.0,8.0,0.00,0.00,0,2.95,0,2.95,0,2.95,0,2.95
0.6,8.0,0.00,0.00,0,2.95,0,2.95,0,2.95,0,2.95
0.2,8.0,0.00,0.00,0,2.95,0,2.95,0,2.95,0,2.95
0.6,8.0,0.00,0.00,0,2.95,0,2.95,0,2.95,0,2.95
3.6,8.0,0.00,0.00,0,2.95,0,2.95,0,2.95,0,2.95
8.6,8.0,0.00,0.00,0,2.95,0,2.95,0,2.95,0,2.95
0.6,8.0,0.00,0.00,0,2.95,0,2.95,0,2.95,0,2.95
60.91