1.9,7.9,0.00,0.00,0,2.67,0,2.67,0,2.67,0,2.67
0.8,7.9,0.00,0.00,0,2.67,0,2.67,0,2.67,0,2.67
0.2,7.9,0.00,0.00,0,2.67,0,2.67,0,2.67,0,2.67
0.2,7.9,0.00,0.00,0,2.67,0,2.67,0,2.67,0,2.67
0.0,7.9,0.00,0.00,0,2.67,0,2.67,0,2.67,0,2.67
0.2,7.9,0.00,0.00,0,2.67,0,2.67,0,2.67,0,2.67
2.1,8.0,0.00,0.00,0,2.67,0,2.67,0,2.67,0,2.67
2.3,8.2,0.00,0.00,0,2.67,0,2.67,0,2.67,0,2.67
6.1,8.9,0.00,0.00,0,2.67,0,2.67,0,2.67,0,2.67
8.1,9.3,0.00,0.00,0,2.67,0,2.79,1,5.07,0,2.67
6.9,12.6,0.00,0.00,0,9.17,3,9.76,4,9.81,0,2.67
38.0,15.2,0.00,0.00,3,9.81,0,9.81,0,9.81,0,2.67
10.0,16.0,0.00,0.00,0,9.81,0,9.81,0,9.81,0,2.67
9.1,16.9,0.00,0.00,0,9.81,0,9.81,0,9.81,0,2.67
8.3,17.6,0.00,0.00,0,9.81,0,9.81,0,9.81,0,2.67
8.6,18.6,0.00,0.00,0,9.81,0,9.81,0,9.81,4,8.05
8.3,20.8,0.00,0.00,0,9.81,0,9.81,0,9.81,4,18.43
8.7,21.7,0.00,0.00,0,9.81,0,9.81,0,9.81,0,18.43
8.5,22.3,0.00,0.00,0,9.81,0,10.47,0,10.91,0,18.43
10.8,25.6,0.00,0.00,15,23.19,2,23.19,76,23.19,0,18.43
11.3,25.8,0.00,0.00,65,23.19,77,23.19,80,23.19,0,18.43
13.8,26.1,0.00,0.00,82,23.19,73,23.19,76,23.19,0,18.43
12.3,26.2,0.00,0.00,72,23.19,80,23.19,74,23.19,0,18.43
14.2,26.5,0.00,0.00,76,23.19,73,23.19,77,23.19,0,18.43
22.8,26.7,0.00,0.00,70,23.19,75,23.19,83,23.19,31,29.9
14.4,27.5,0.00,0.00,59,23.19,86,23.19,88,23.19,94,29.9
13.6,27.5,0.00,0.00,64,23.19,85,23.19,86,23.19,96,29.9
15.7,27.5,0.00,0.00,59,23.19,86,23.19,86,23.19,94,29.9
14.7,27.5,0.00,0.00,54,23.19,85,23.19,86,23.19,96,29.9
13.8,27.5,0.00,0.00,52,23.19,87,23.19,83,23.19,94,29.9
17.2,27.5,0.00,0.00,63,23.19,79,23.19,76,23.19,93,29.9
13.8,27.5,0.00,0.00,68,23.19,79,23.19,74,23.19,93,29.9
17.0,27.5,0.00,0.00,64,23.19,84,23.19,74,23.19,91,29.9
17.7,27.5,0.00,0.00,62,23.19,78,23.19,77,23.19,90,29.9
14.6,27.5,0.00,0.00,65,23.19,72,23.19,72,23.19,95,29.9
16.3,27.5,0.00,0.00,70,23.19,77,23.19,75,23.19,96,29.9
17.9,27.5,0.00,0.00,71,23.19,69,23.19,81,23.19,90,29.9
15.5,27.5,0.00,0.00,66,23.19,75,23.19,81,23.19,94,29.9
13.8,27.5,0.00,0.00,70,23.19,70,23.19,81,23.19,95,29.9
14.6,27.5,0.00,0.00,66,23.19,75,23.19,71,23.19,98,29.9
16.5,27.5,0.00,0.00,63,23.19,86,23.19,87,23.19,95,29.9
13.4,27.5,0.00,0.00,57,23.19,87,23.19,84,23.19,95,29.9
16.7,27.5,0.00,0.00,68,23.19,77,23.19,84,23.19,94,29.9
14.0,27.5,0.00,0.00,72,23.19,75,23.19,76,23.19,90,29.9
15.8,27.5,0.00,0.00,67,23.19,82,23.19,84,23.19,88,29.9
18.1,27.6,0.00,0.00,63,23.19,75,23.19,82,23.19,38,29.9
15.5,27.6,0.00,0.00,63,23.19,77,23.19,76,23.19,44,29.9
12.8,27.6,0.00,0.00,62,23.19,83,23.29,83,23.29,46,29.9
14.0,22.6,0.00,0.00,42,23.29,0,23.29,0,23.29,84,29.9
12.5,23.3,0.00,0.00,0,23.29,0,23.29,0,23.29,84,29.9
19.0,23.9,0.00,0.00,0,23.29,0,23.29,0,23.29,82,29.9
13.2,24.6,0.00,0.00,0,23.29,0,23.29,0,23.29,81,29.9
12.3,25.1,0.00,0.00,0,23.29,0,23.29,0,23.29,89,29.9
12.5,25.8,0.00,0.00,0,23.29,0,23.29,0,23.29,89,29.9
12.4,26.3,0.00,0.00,0,23.29,0,23.29,0,23.29,87,29.9
13.5,27.0,0.00,0.00,0,23.29,0,23.29,0,23.29,88,29.9
33.6,27.5,0.00,0.00,0,23.29,0,23.29,89,23.29,0,29.9
10.2,26.3,0.00,0.00,62,23.29,79,23.29,75,23.29,0,29.9
12.4,26.4,0.00,0.00,67,23.29,87,23.29,82,23.29,0,29.9
13.9,26.7,0.00,0.00,61,23.29,74,23.29,75,23.29,0,29.9
12.1,26.8,0.00,0.00,69,23.29,79,23.29,75,23.29,0,29.9
10.9,27.1,0.00,0.00,74,23.29,72,23.29,79,23.29,0,29.9
20.1,27.3,0.00,0.00,72,23.29,67,23.29,82,23.29,0,29.9
11.1,27.5,0.00,0.00,71,23.29,81,23.29,71,23.29,0,29.9
17.3,27.6,0.00,0.00,72,23.29,68,23.29,84,23.29,95,29.9
17.5,27.6,0.00,0.00,54,23.29,80,23.29,84,23.29,87,29.9
18.8,27.6,0.00,0.00,62,23.29,74,23.29,83,23.29,90,29.9
16.5,27.6,0.00,0.00,65,23.29,80,23.29,76,23.29,98,29.9
15.7,27.6,0.00,0.00,68,23.29,69,23.29,76,23.29,94,29.9
17.5,27.6,0.00,0.00,71,23.29,82,23.29,78,23.29,87,29.9
16.3,27.6,0.00,0.00,56,23.29,86,23.29,82,23.29,96,29.9
15.9,27.6,0.00,0.00,64,23.29,81,23.29,79,23.29,93,29.9
15.9,27.6,0.00,0.00,63,23.29,85,23.29,86,23.29,93,29.9
17.6,27.6,0.00,0.00,64,23.29,86,23.29,84,23.29,96,29.9
15.9,27.6,0.00,0.00,67,23.29,81,23.29,83,23.29,94,29.9
15.7,27.6,0.00,0.00,58,23.29,83,23.29,74,23.29,89,29.9
16.9,27.7,0.00,0.00,77,23.29,76,23.29,80,23.29,96,29.9
16.3,27.6,0.00,0.00,74,23.29,70,23.29,79,23.29,96,29.9
18.5,27.7,0.00,0.00,71,23.29,80,23.29,77,23.29,95,29.9
18.0,27.7,0.00,0.00,72,23.29,80,23.29,77,23.29,96,29.9
13.8,27.6,0.00,0.00,66,23.29,77,23.29,77,23.29,98,29.9
13.9,27.6,0.00,0.00,56,23.29,87,23.29,87,23.29,98,29.9
14.3,27.6,0.00,0.00,53,23.29,83,23.29,89,23.29,94,29.9
16.3,27.6,0.00,0.00,49,23.29,87,23.29,90,23.29,93,29.9
11.9,27.6,0.00,0.00,50,23.29,93,23.29,87,23.29,97,29.9
12.2,22.6,0.00,0.00,49,23.29,7,23.29,0,23.29,86,29.9
12.9,23.3,0.00,0.00,0,23.29,0,23.29,0,23.29,88,29.9
12.3,23.8,0.00,0.00,0,23.29,0,23.29,0,23.29,86,29.9
12.1,24.6,0.00,0.00,0,23.29,0,23.29,0,23.29,88,29.9
22.2,25.0,0.00,0.00,0,23.29,0,23.29,0,23.29,95,29.9
12.3,25.7,0.00,0.00,0,23.29,0,23.29,0,23.29,96,29.9
17.1,26.2,0.00,0.00,0,23.29,0,23.29,0,23.29,81,29.9
11.7,27.0,0.00,0.00,0,23.29,0,23.29,0,23.29,87,29.9
23.3,27.5,0.00,0.00,0,23.29,36,23.29,62,23.29,95,29.9
18.8,27.6,0.00,0.00,64,23.29,84,23.29,77,23.29,0,29.9
11.7,26.2,0.00,0.00,74,23.29,68,23.29,76,23.29,0,29.9
12.1,26.4,0.00,0.00,74,23.29,75,23.29,72,23.29,0,29.9
12.7,26.7,0.00,0.00,73,23.29,71,23.29,81,23.29,0,29.9
10.6,26.8,0.00,0.00,71,23.29,82,23.29,79,23.29,0,29.9
13.7,27.1,0.00,0.00,76,23.29,81,23.29,65,23.29,0,29.9
11.7,27.2,0.00,0.00,74,23.29,77,23.29,67,23.29,0,29.9
12.7,27.5,0.00,0.00,78,23.29,77,23.29,75,23.29,0,29.9
12.3,27.6,0.00,0.00,64,23.29,81,23.29,79,23.29,67,29.9
13.6,27.6,0.00,0.00,70,23.29,84,23.29,68,23.29,95,29.9
17.2,27.6,0.00,0.00,68,23.29,80,23.29,76,23.29,96,29.9
14.2,27.6,0.00,0.00,60,23.29,81,23.29,78,23.29,95,29.9
17.4,27.6,0.00,0.00,67,23.29,75,23.29,73,23.29,94,29.9
14.8,27.6,0.00,0.00,77,23.29,70,23.29,76,23.29,95,29.9
15.3,27.6,0.00,0.00,71,23.29,82,23.29,80,23.29,89,29.9
16.0,27.6,0.00,0.00,67,23.29,85,23.29,83,23.29,97,29.9
15.3,27.6,0.00,0.00,70,23.29,81,23.29,82,23.29,91,29.9
16.9,27.6,0.00,0.00,64,23.29,83,23.29,83,23.29,88,29.9
13.8,27.6,0.00,0.00,56,23.29,93,23.29,92,23.29,93,29.9
13.4,27.6,0.00,0.00,51,23.29,92,23.29,90,23.29,98,29.9
15.4,27.6,0.00,0.00,56,23.29,84,23.29,83,23.29,97,29.9
17.0,27.6,0.00,0.00,66,23.29,87,23.29,83,23.29,94,29.9
17.5,27.6,0.00,0.00,72,23.29,79,23.29,78,23.29,97,29.9
17.5,27.6,0.00,0.00,67,23.29,86,23.29,76,23.29,99,29.9
15.2,27.6,0.00,0.00,77,23.29,72,23.29,70,23.29,98,29.9
13.9,27.6,0.00,0.00,73,23.29,72,23.29,80,23.29,96,29.9
15.2,27.6,0.00,0.00,66,23.29,74,23.29,76,23.29,98,29.9
12.7,27.6,0.00,0.00,72,23.29,84,23.29,5,23.29,96,29.9
61.0,23.0,0.00,0.00,18,23.29,0,23.29,0,23.29,97,29.9
98.7,23.5,0.00,0.00,0,23.29,0,23.29,0,23.29,97,29.9
78.8,24.2,0.00,0.00,0,23.29,0,23.29,0,23.29,96,29.9
42.1,24.7,0.00,0.00,0,23.29,0,23.29,0,23.29,94,29.9
24.2,25.3,0.00,0.00,0,23.29,0,23.29,0,23.29,77,29.9
54.9,25.9,0.00,0.00,0,23.29,0,23.29,0,23.29,91,29.9
48.8,26.5,0.00,0.00,0,23.29,0,23.29,0,23.29,89,29.9
32.2,27.1,0.00,0.00,0,23.29,0,23.29,0,23.29,97,29.9
16.1,27.6,0.00,0.00,0,23.29,62,23.29,82,23.29,96,29.9
14.0,27.6,0.00,0.00,70,23.29,85,23.29,81,23.29,99,29.9
13.2,27.6,0.00,0.00,52,23.29,87,23.29,84,23.29,97,29.9
11.0,26.1,0.00,0.00,56,23.29,90,23.29,85,23.29,0,29.9
14.0,26.3,0.00,0.00,58,23.29,81,23.29,72,23.29,0,29.9
14.5,26.5,0.00,0.00,70,23.29,81,23.29,77,23.29,0,29.9
14.0,26.7,0.00,0.00,74,23.29,68,23.29,77,23.29,0,29.9
33.8,27.0,0.00,0.00,71,23.29,71,23.29,76,23.29,0,29.9
27.6,27.2,0.00,0.00,72,23.29,74,23.29,73,23.29,0,29.9
10.2,27.4,0.00,0.00,74,23.29,74,23.29,68,23.29,0,29.9
13.0,27.6,0.00,0.00,80,23.29,79,23.29,80,23.29,67,29.9
17.9,27.6,0.00,0.00,66,23.29,79,23.29,72,23.29,96,29.9
14.4,27.6,0.00,0.00,61,23.29,84,23.29,75,23.29,97,29.9
15.4,27.6,0.00,0.00,66,23.29,84,23.29,75,23.29,92,29.9
16.9,27.6,0.00,0.00,71,23.29,79,23.29,76,23.29,90,29.9
13.6,27.6,0.00,0.00,70,23.29,84,23.29,84,23.29,97,29.9
14.2,27.6,0.00,0.00,54,23.29,87,23.29,82,23.29,97,29.9
14.2,27.7,0.00,0.00,56,23.29,82,23.29,72,23.29,88,29.9
15.5,27.6,0.00,0.00,69,23.29,78,23.29,74,23.29,38,29.9
15.8,27.7,0.00,0.00,65,23.29,74,23.29,76,23.29,38,29.9
17.4,27.7,0.00,0.00,64,23.29,76,23.29,76,23.29,42,29.9
23.3,27.7,0.00,0.00,60,23.29,72,23.29,75,23.29,92,29.9
16.0,27.6,0.00,0.00,67,23.29,84,23.29,78,23.29,91,29.9
16.2,27.6,0.00,0.00,66,23.29,87,23.29,79,23.29,95,29.9
14.1,27.6,0.00,0.00,73,23.29,75,23.29,75,23.29,96,29.9
14.4,27.6,0.00,0.00,64,23.29,87,23.29,88,23.29,97,29.9
17.5,27.6,0.00,0.00,51,23.29,89,23.29,89,23.29,96,29.9
15.6,27.6,0.00,0.00,64,23.29,87,23.29,84,23.29,95,29.9
11.3,27.6,0.00,0.00,70,23.29,84,23.29,57,23.29,92,29.9
12.1,22.7,0.00,0.00,0,23.29,9,23.29,0,23.29,91,29.9
12.3,23.4,0.00,0.00,0,23.29,0,23.29,0,23.29,89,29.9
12.1,24.0,0.00,0.00,0,23.29,0,23.29,0,23.29,85,29.9
11.5,24.6,0.00,0.00,0,23.29,0,23.29,0,23.29,98,29.9
12.5,25.1,0.00,0.00,0,23.29,0,23.29,0,23.29,86,29.9
11.5,25.8,0.00,0.00,0,23.29,0,23.29,0,23.29,91,29.9
11.9,26.3,0.00,0.00,0,23.29,0,23.29,0,23.29,86,29.9
12.1,27.0,0.00,0.00,0,23.29,0,23.29,0,23.29,96,29.9
24.5,27.7,0.00,0.00,0,23.29,10,23.29,50,23.29,96,29.9
18.1,27.7,0.00,0.00,60,23.29,81,23.29,72,23.29,96,29.9
17.5,27.6,0.00,0.00,66,23.29,82,23.29,78,23.29,98,29.9
16.7,27.6,0.00,0.00,73,23.29,79,23.29,73,23.29,96,29.9
17.8,27.6,0.00,0.00,77,23.29,75,23.29,81,23.29,95,29.9
13.1,27.6,0.00,0.00,72,23.29,81,23.29,84,23.29,98,29.9
20.1,27.6,0.00,0.00,67,23.29,77,23.29,78,23.29,19,2.67
13.3,22.7,0.00,0.00,80,23.29,74,23.29,72,23.29,0,2.67
11.7,22.7,0.00,0.00,80,23.29,75,23.29,77,23.29,0,2.67
11.0,22.7,0.00,0.00,80,23.29,76,23.29,76,23.29,0,2.67
9.4,22.7,0.00,0.00,79,23.29,77,23.29,80,23.29,0,2.67
13.2,22.7,0.00,0.00,76,23.29,77,23.29,81,23.29,0,2.67
9.4,22.6,0.00,0.00,78,23.29,74,23.29,81,23.29,0,2.67
10.2,22.6,0.00,0.00,77,23.29,75,23.29,74,23.29,0,2.67
11.9,22.6,0.00,0.00,74,23.29,80,23.29,75,23.29,0,2.67
8.8,22.6,0.00,0.00,78,23.29,81,23.29,76,23.29,0,2.67
12.1,22.6,0.00,0.00,73,23.29,84,23.29,74,23.29,0,2.67
10.6,22.6,0.00,0.00,81,23.29,86,23.29,70,23.29,0,2.67
8.9,22.6,0.00,0.00,79,23.29,82,23.29,68,23.29,0,2.67
11.5,22.6,0.00,0.00,80,23.29,86,23.29,68,23.29,0,2.67
11.4,22.6,0.00,0.00,79,23.29,85,23.29,78,23.29,0,2.67
9.6,22.6,0.00,0.00,70,23.29,76,23.29,84,23.29,0,2.67
9.1,22.6,0.00,0.00,72,23.29,84,23.29,86,23.29,0,2.67
8.8,22.6,0.00,0.00,74,23.29,80,23.29,75,23.29,0,2.67
11.0,22.6,0.00,0.00,77,23.29,82,23.29,78,23.29,0,2.67
8.3,22.6,0.00,0.00,76,23.29,88,23.29,78,23.29,0,2.67
6.9,22.6,0.00,0.00,74,23.29,78,23.29,50,23.29,0,2.67
21.1,18.0,0.00,0.00,0,23.29,0,23.29,0,23.29,0,2.67
87.5,18.5,0.00,0.00,0,23.29,0,23.29,0,23.29,0,2.67
6.0,19.3,0.00,0.00,0,23.29,0,23.29,0,23.29,0,2.67
44.0,19.8,0.00,0.00,0,23.29,0,23.29,0,23.29,0,2.67
12.5,20.5,0.00,0.00,0,23.29,0,23.29,0,23.29,0,2.67
54.8,21.0,0.00,0.00,0,23.29,0,23.29,0,23.29,0,2.67
92.1,21.7,0.00,0.00,0,23.29,0,23.29,0,23.29,0,2.67
6.2,22.2,0.00,0.00,0,23.29,0,23.29,0,23.29,0,2.67
12.4,22.7,0.00,0.00,66,23.29,85,23.29,76,23.29,0,2.67
9.6,22.7,0.00,0.00,79,23.29,78,23.29,82,23.29,0,2.67
9.8,22.7,0.00,0.00,75,23.29,78,23.29,78,23.29,0,2.67
12.3,22.7,0.00,0.00,78,23.29,82,23.29,76,23.29,0,2.67
7.7,22.6,0.00,0.00,77,23.29,81,23.29,72,23.29,0,2.67
9.9,22.6,0.00,0.00,76,23.29,79,23.29,75,23.29,0,2.67
11.7,22.7,0.00,0.00,75,23.29,80,23.29,77,23.29,0,2.67
13.7,22.7,0.00,0.00,72,23.29,79,23.29,74,23.29,0,2.67
11.9,22.6,0.00,0.00,81,23.29,75,23.29,77,23.29,0,2.67
10.9,22.6,0.00,0.00,77,23.29,79,23.29,79,23.29,0,2.67
9.1,22.6,0.00,0.00,77,23.29,76,23.29,81,23.29,0,2.67
11.3,22.6,0.00,0.00,77,23.29,81,23.29,80,23.29,0,2.67
9.8,22.6,0.00,0.00,72,23.29,73,23.29,81,23.29,0,2.67
9.1,22.6,0.00,0.00,76,23.29,75,23.29,75,23.29,0,2.67
12.5,22.6,0.00,0.00,78,23.29,79,23.29,77,23.29,0,2.67
8.4,22.6,0.00,0.00,77,23.29,82,23.29,86,23.29,0,2.67
11.9,22.6,0.00,0.00,60,23.29,85,23.29,83,23.29,0,2.67
9.4,22.6,0.00,0.00,70,23.29,80,23.29,77,23.29,0,2.67
12.5,22.6,0.00,0.00,78,23.29,78,23.29,72,23.29,0,2.67
11.7,22.6,0.00,0.00,79,23.29,84,23.29,70,23.29,0,2.67
9.7,22.6,0.00,0.00,83,23.29,79,23.29,73,23.29,0,2.67
11.5,22.6,0.00,0.00,80,23.29,70,23.29,84,23.29,0,2.67
10.0,22.6,0.00,0.00,81,23.29,75,23.29,75,23.29,0,2.67
11.1,22.6,0.00,0.00,80,23.29,77,23.29,77,23.29,0,2.67
11.3,22.6,0.00,0.00,80,23.29,78,23.29,71,23.29,0,2.67
6.7,22.6,0.00,0.00,81,23.29,81,23.29,85,23.29,0,2.67
6.3,17.8,0.00,0.00,27,23.29,0,23.29,0,23.29,0,2.67
72.5,18.4,0.00,0.00,0,23.29,0,23.29,0,23.29,0,2.67
92.1,19.1,0.00,0.00,0,23.29,0,23.29,0,23.29,0,2.67
14.3,19.7,0.00,0.00,0,23.29,0,23.29,0,23.29,0,2.67
6.5,20.3,0.00,0.00,0,23.29,0,23.29,0,23.29,0,2.67
84.2,20.9,0.00,0.00,0,23.29,0,23.29,0,23.29,0,2.67
97.4,21.6,0.00,0.00,0,23.29,0,23.29,0,23.29,0,2.67
6.4,22.1,0.00,0.00,0,23.29,0,23.29,0,23.29,0,2.67
9.0,22.6,0.00,0.00,97,23.29,5,23.29,83,23.29,0,2.67
9.4,22.6,0.00,0.00,74,23.29,83,23.29,81,23.29,0,2.67
9.6,22.6,0.00,0.00,80,23.29,74,23.29,76,23.29,0,2.67
10.0,22.6,0.00,0.00,76,23.29,77,23.29,77,23.29,0,2.67
10.6,22.6,0.00,0.00,74,23.29,76,23.29,77,23.29,0,2.67
12.3,22.6,0.00,0.00,76,23.29,80,23.29,79,23.29,0,2.67
11.7,22.6,0.00,0.00,77,23.29,82,23.29,76,23.29,0,2.67
11.9,22.6,0.00,0.00,78,23.29,80,23.29,79,23.29,0,2.67
8.9,22.6,0.00,0.00,78,23.29,77,23.29,79,23.29,0,2.67
9.4,22.6,0.00,0.00,78,23.29,72,23.29,77,23.29,0,2.67
8.8,22.6,0.00,0.00,67,23.29,81,23.29,77,23.29,0,2.67
9.8,22.6,0.00,0.00,75,23.29,84,23.29,80,23.29,0,2.67
11.9,22.6,0.00,0.00,74,23.29,79,23.29,76,23.29,0,2.67
10.4,22.6,0.00,0.00,80,23.29,83,23.29,81,23.29,0,2.67
11.4,22.6,0.00,0.00,68,23.29,87,23.29,83,23.29,0,2.67
12.8,22.7,0.00,0.00,57,23.29,89,23.29,87,23.29,0,2.67
13.6,22.6,0.00,0.00,56,23.29,75,23.29,75,23.29,0,2.67
13.1,22.6,0.00,0.00,77,23.29,69,23.29,68,23.29,0,2.67
13.8,22.7,0.00,0.00,78,23.29,76,23.29,80,23.29,0,2.67
7.9,22.6,0.00,0.00,64,23.29,86,23.29,87,23.29,0,2.67
8.1,22.6,0.00,0.00,61,23.29,88,23.29,89,23.29,0,2.67
7.9,22.6,0.00,0.00,64,23.29,82,23.29,82,23.29,0,2.67
9.0,22.6,0.00,0.00,64,23.29,89,23.29,87,23.29,0,2.67
11.7,22.6,0.00,0.00,66,23.29,86,23.29,87,23.29,0,2.67
9.3,22.6,0.00,0.00,66,23.29,89,23.29,87,23.29,0,2.67
9.2,22.6,0.00,0.00,66,23.29,86,23.29,85,23.29,0,2.67
9.6,22.6,0.00,0.00,66,23.29,90,23.29,85,23.29,0,2.67
25.4,22.6,0.00,0.00,69,23.29,57,23.29,16,23.29,0,2.67
6.3,18.1,0.00,0.00,0,23.29,0,23.29,0,23.29,0,2.67
6.1,18.6,0.00,0.00,0,23.29,0,23.29,0,23.29,0,2.67
6.6,19.4,0.00,0.00,0,23.29,0,23.29,0,23.29,0,2.67
6.4,19.9,0.00,0.00,0,23.29,0,23.29,0,23.29,0,2.67
6.5,20.7,0.00,0.00,0,23.29,0,23.29,0,23.29,0,2.67
6.8,21.1,0.00,0.00,0,23.29,0,23.29,0,23.29,0,2.67
6.7,22.0,0.00,0.00,0,23.29,0,23.29,0,23.29,0,2.67
24.5,22.5,0.00,0.00,6,23.29,0,23.29,10,23.29,0,2.67
12.5,22.7,0.00,0.00,93,23.29,82,23.29,82,23.29,0,2.67
9.6,22.7,0.00,0.00,65,23.29,87,23.29,81,23.29,0,2.67
10.2,22.7,0.00,0.00,66,23.29,88,23.29,86,23.29,0,2.67
11.3,22.7,0.00,0.00,65,23.29,83,23.29,78,23.29,0,2.67
8.8,22.7,0.00,0.00,71,23.29,78,23.29,74,23.29,0,2.67
12.7,22.7,0.00,0.00,76,23.29,66,23.29,85,23.29,0,2.67
8.7,22.7,0.00,0.00,84,23.29,72,23.29,73,23.29,0,2.67
9.8,22.7,0.00,0.00,81,23.29,78,23.29,73,23.29,0,2.67
9.1,22.7,0.00,0.00,76,23.29,80,23.29,73,23.29,0,2.67
11.7,22.7,0.00,0.00,79,23.29,75,23.29,79,23.29,0,2.67
12.6,22.7,0.00,0.00,76,23.29,75,23.29,80,23.29,0,2.67
10.9,22.6,0.00,0.00,78,23.29,82,23.29,77,23.29,0,2.67
8.7,22.6,0.00,0.00,77,23.29,80,23.29,78,23.29,0,2.67
10.3,22.6,0.00,0.00,77,23.29,77,23.29,79,23.29,0,2.67
9.7,22.6,0.00,0.00,74,23.29,84,23.29,76,23.29,0,2.67
10.9,22.7,0.00,0.00,69,23.29,81,23.29,75,23.29,0,2.67
12.6,22.7,0.00,0.00,82,23.29,73,23.29,77,23.29,0,2.67
11.6,22.6,0.00,0.00,79,23.29,77,23.29,77,23.29,0,2.67
10.7,22.6,0.00,0.00,74,23.29,78,23.29,78,23.29,0,2.67
11.5,22.6,0.00,0.00,75,23.29,82,23.29,74,23.29,0,2.67
13.7,22.6,0.00,0.00,76,23.29,74,23.29,77,23.29,0,2.67
11.4,22.6,0.00,0.00,81,23.29,76,23.29,78,23.29,0,2.67
12.1,22.6,0.00,0.00,82,23.29,76,23.29,76,23.29,0,2.67
12.0,22.6,0.00,0.00,77,23.29,79,23.29,79,23.29,0,2.67
10.0,22.6,0.00,0.00,77,23.29,80,23.29,76,23.29,0,2.67
7.3,22.6,0.00,0.00,80,23.29,83,23.29,82,23.29,0,2.67
6.9,17.7,0.00,0.00,43,23.29,0,23.29,0,23.29,0,2.67
6.5,18.4,0.00,0.00,0,23.29,0,23.29,0,23.29,0,2.67
6.7,19.0,0.00,0.00,0,23.29,0,23.29,0,23.29,0,2.67
6.3,19.7,0.00,0.00,0,23.29,0,23.29,0,23.29,0,2.67
43.0,20.4,0.00,0.00,0,23.29,0,23.29,0,23.29,0,2.67
90.2,20.9,0.00,0.00,0,23.29,0,23.29,0,23.29,0,2.67
44.4,21.7,0.00,0.00,0,23.29,0,23.29,0,23.29,0,2.67
58.5,22.2,0.00,0.00,0,23.29,0,23.29,25,23.29,0,2.67
8.5,22.7,0.00,0.00,62,23.29,56,23.29,82,23.29,0,2.67
9.6,22.7,0.00,0.00,76,23.29,73,23.29,77,23.29,0,2.67
12.4,22.7,0.00,0.00,78,23.29,82,23.29,80,23.29,0,2.67
8.8,22.7,0.00,0.00,80,23.29,77,23.29,77,23.29,0,2.67
11.7,22.7,0.00,0.00,80,23.29,78,23.29,77,23.29,0,2.67
12.3,22.7,0.00,0.00,80,23.29,77,23.29,79,23.29,0,2.67
11.7,22.7,0.00,0.00,79,23.29,77,23.29,77,23.29,0,2.67
10.9,22.7,0.00,0.00,78,23.29,81,23.29,73,23.29,0,2.67
9.4,22.7,0.00,0.00,78,23.29,84,23.29,83,23.29,0,2.67
9.4,22.7,0.00,0.00,74,23.29,81,23.29,78,23.29,0,2.67
10.4,22.7,0.00,0.00,77,23.29,79,23.29,82,23.29,0,2.67
11.7,22.7,0.00,0.00,68,23.29,86,23.29,81,23.29,0,2.67
11.9,22.7,0.00,0.00,71,23.29,77,23.29,83,23.29,0,2.67
9.0,22.7,0.00,0.00,73,23.29,82,23.29,84,23.29,0,2.67
9.4,22.7,0.00,0.00,70,23.29,86,23.29,81,23.29,0,2.67
10.6,22.7,0.00,0.00,78,23.29,78,23.29,74,23.29,0,2.67
10.2,22.7,0.00,0.00,76,23.29,79,23.29,80,23.29,0,2.67
9.2,22.7,0.00,0.00,76,23.29,80,23.29,82,23.29,0,2.67
10.2,22.7,0.00,0.00,78,23.29,80,23.29,69,23.29,0,2.67
8.6,22.6,0.00,0.00,78,23.29,73,23.29,77,23.29,0,2.67
9.6,22.6,0.00,0.00,76,23.29,74,23.29,81,23.29,0,2.67
12.7,22.6,0.00,0.00,80,23.29,81,23.29,77,23.29,0,2.67
10.2,22.6,0.00,0.00,76,23.29,79,23.29,81,23.29,0,2.67
10.9,22.6,0.00,0.00,75,23.29,82,23.29,83,23.29,0,2.67
12.1,22.7,0.00,0.00,71,23.29,81,23.29,77,23.29,0,2.67
6.4,22.7,0.00,0.00,80,23.29,89,23.29,87,23.29,0,2.67
86.3,18.0,0.00,0.00,17,23.29,0,23.29,0,23.29,0,2.67
39.4,18.5,0.00,0.00,0,23.29,0,23.29,0,23.29,0,2.67
40.7,19.2,0.00,0.00,0,23.29,0,23.29,0,23.29,0,2.67
75.4,19.7,0.00,0.00,0,23.29,0,23.29,0,23.29,0,2.67
82.3,20.5,0.00,0.00,0,23.29,0,23.29,0,23.29,0,2.67
99.4,21.0,0.00,0.00,0,23.29,0,23.29,0,23.29,0,2.67
6.5,21.7,0.00,0.00,0,23.29,0,23.29,0,23.29,0,2.67
6.5,22.2,0.00,0.00,0,23.29,0,23.29,0,23.29,0,2.67
8.9,22.7,0.00,0.00,90,23.29,0,23.29,79,23.29,0,2.67
8.4,22.7,0.00,0.00,82,23.29,74,23.29,73,23.29,0,2.67
8.6,22.7,0.00,0.00,82,23.29,70,23.29,82,23.29,0,2.67
13.1,22.7,0.00,0.00,81,23.29,73,23.29,79,23.29,0,2.67
8.6,22.7,0.00,0.00,78,23.29,82,23.29,76,23.29,0,2.67
9.0,22.6,0.00,0.00,72,23.29,85,23.29,74,23.29,0,2.67
8.3,22.6,0.00,0.00,80,23.29,75,23.29,67,23.29,0,2.67
11.4,22.6,0.00,0.00,81,23.29,71,23.29,78,23.29,0,2.67
8.4,22.6,0.00,0.00,76,23.29,84,23.29,80,23.29,0,2.67
8.9,22.6,0.00,0.00,62,23.29,88,23.29,80,23.29,0,2.67
8.4,22.6,0.00,0.00,58,23.29,88,23.29,87,23.29,0,2.67
11.5,22.6,0.00,0.00,57,23.29,88,23.29,86,23.29,0,2.67
7.5,22.6,0.00,0.00,61,23.29,85,23.29,83,23.29,0,2.67
8.1,22.6,0.00,0.00,56,23.29,82,23.29,75,23.29,0,2.67
10.0,22.6,0.00,0.00,78,23.29,80,23.29,78,23.29,0,2.67
13.4,22.6,0.00,0.00,75,23.29,75,23.29,73,23.29,0,2.67
14.4,22.6,0.00,0.00,69,23.29,77,23.29,76,23.29,0,2.67
14.2,22.7,0.00,0.00,54,23.29,84,23.29,77,23.29,0,2.67
9.4,22.6,0.00,0.00,63,23.29,81,23.29,80,23.29,0,2.67
12.1,22.6,0.00,0.00,73,23.29,81,23.29,76,23.29,0,2.67
11.0,22.6,0.00,0.00,78,23.29,82,23.29,67,23.29,0,2.67
8.7,22.6,0.00,0.00,78,23.29,79,23.29,72,23.29,0,2.67
9.0,22.6,0.00,0.00,79,23.29,77,23.29,76,23.29,0,2.67
11.1,22.6,0.00,0.00,77,23.29,83,23.29,89,23.29,0,2.67
9.8,22.6,0.00,0.00,60,23.29,82,23.29,87,23.29,0,2.67
9.3,22.6,0.00,0.00,74,23.29,77,23.29,82,23.29,0,2.67
8.9,22.6,0.00,0.00,75,23.29,77,23.29,74,23.29,0,2.67
6.5,22.6,0.00,0.00,78,23.29,86,23.29,61,23.29,0,2.67
80.2,18.0,0.00,0.00,0,23.29,0,23.29,0,23.29,0,2.67
23.8,18.5,0.00,0.00,0,23.29,0,23.29,0,23.29,0,2.67
6.3,19.3,0.00,0.00,0,23.29,0,23.29,0,23.29,0,2.67
5.6,19.8,0.00,0.00,0,23.29,0,23.29,0,23.29,0,2.67
6.4,20.5,0.00,0.00,0,23.29,0,23.29,0,23.29,0,2.67
6.2,21.0,0.00,0.00,0,23.29,0,23.29,0,23.29,0,2.67
7.5,21.8,0.00,0.00,0,23.29,0,23.29,0,23.29,0,2.67
6.5,22.3,0.00,0.00,0,23.29,0,23.29,21,23.29,0,2.67
9.4,22.7,0.00,0.00,83,23.29,66,23.29,77,23.29,0,2.67
10.2,22.7,0.00,0.00,74,23.29,75,23.29,86,23.29,0,2.67
11.9,22.7,0.00,0.00,62,23.29,84,23.29,75,23.29,0,2.67
10.4,22.7,0.00,0.00,74,23.29,77,23.29,76,23.29,0,2.67
8.7,22.7,0.00,0.00,75,23.29,84,23.29,76,23.29,0,2.67
11.9,22.7,0.00,0.00,81,23.29,80,23.29,76,23.29,0,2.67
11.3,22.7,0.00,0.00,80,23.29,71,23.29,82,23.29,0,2.67
12.3,22.7,0.00,0.00,74,23.29,79,23.29,80,23.29,0,2.67
12.5,22.7,0.00,0.00,78,23.29,80,23.29,74,23.29,0,2.67
11.9,22.7,0.00,0.00,77,23.29,79,23.29,73,23.29,0,2.67
10.2,22.7,0.00,0.00,79,23.29,79,23.29,76,23.29,0,2.67
9.6,22.7,0.00,0.00,80,23.29,84,23.29,77,23.29,0,2.67
9.4,22.7,0.00,0.00,74,23.29,81,23.29,70,23.29,0,2.67
9.2,22.7,0.00,0.00,79,23.29,84,23.29,79,23.29,0,2.67
10.5,22.7,0.00,0.00,59,23.29,85,23.29,78,23.29,0,2.67
11.7,22.7,0.00,0.00,79,23.29,82,23.29,73,23.29,0,2.67
10.3,22.7,0.00,0.00,76,23.29,81,23.29,74,23.29,0,2.67
10.3,22.7,0.00,0.00,67,23.29,87,23.29,80,23.29,0,2.67
10.1,22.7,0.00,0.00,74,23.29,84,23.29,79,23.29,0,2.67
12.8,22.7,0.00,0.00,73,23.29,81,23.29,76,23.29,0,2.67
11.7,22.7,0.00,0.00,71,23.29,78,23.29,79,23.29,0,2.67
10.2,22.7,0.00,0.00,73,23.29,79,23.29,75,23.29,0,2.67
12.5,22.7,0.00,0.00,76,23.29,76,23.29,73,23.29,0,2.67
12.5,22.7,0.00,0.00,74,23.29,69,23.29,76,23.29,0,2.67
11.2,22.7,0.00,0.00,78,23.29,86,23.29,72,23.29,0,2.67
6.7,22.6,0.00,0.00,78,23.29,79,23.29,71,23.29,0,2.67
25.1,22.7,0.00,0.00,82,23.29,41,23.24,4,2.67,0,2.67
0.0,7.9,0.00,0.00,3,2.67,3,2.67,0,2.67,0,2.67
2.5,8.1,0.00,0.00,0,2.67,0,2.67,0,2.67,0,2.67
7.7,8.3,0.00,0.00,0,2.67,0,2.67,0,2.67,0,2.67
7.7,9.1,0.00,0.00,0,2.67,0,2.67,0,2.67,0,2.67
0.2,9.4,0.00,0.00,0,2.67,0,2.67,0,2.67,0,2.67
6.8,10.8,0.00,0.00,0,6.51,2,8.25,5,8.93,0,2.67
6.5,14.9,0.00,0.00,4,9.81,1,9.81,0,9.81,0,2.67
6.5,15.7,0.00,0.00,0,9.81,0,9.81,0,9.81,0,2.67
6.5,16.3,0.00,0.00,0,9.81,0,9.81,0,9.81,0,2.67
99.2,16.9,0.00,0.00,0,9.81,0,9.81,0,9.81,0,2.67
83.0,17.5,0.00,0.00,0,9.81,0,9.81,0,9.81,0,2.67
33.7,18.2,0.00,0.00,0,9.81,0,9.81,0,9.81,0,2.67
8.3,18.8,0.00,0.00,0,9.81,0,9.81,0,9.81,0,2.67
26.8,19.4,0.00,0.00,0,9.81,0,9.81,0,9.81,0,2.67
6.5,21.8,0.00,0.00,0,23.11,21,23.19,12,23.19,0,2.67
11.9,22.6,0.00,0.00,80,23.19,82,23.19,77,23.19,0,2.67
8.1,22.6,0.00,0.00,76,23.19,85,23.19,67,23.19,0,2.67
9.6,22.6,0.00,0.00,81,23.19,84,23.19,60,23.19,0,2.67
9.2,22.6,0.00,0.00,69,23.19,83,23.19,81,23.19,0,2.67
7.7,22.6,0.00,0.00,79,23.19,56,23.19,86,23.19,0,2.67
11.8,22.6,0.00,0.00,81,23.19,69,23.19,73,23.19,0,2.67
9.7,22.6,0.00,0.00,85,23.19,70,23.19,83,23.19,0,2.67
9.2,22.6,0.00,0.00,81,23.19,61,23.19,80,23.19,0,2.67
10.7,22.6,0.00,0.00,76,23.19,80,23.19,76,23.19,0,2.67
9.4,22.6,0.00,0.00,68,23.19,77,23.19,76,23.19,0,2.67
12.5,22.6,0.00,0.00,68,23.19,83,23.19,82,23.19,0,2.67
8.9,22.6,0.00,0.00,70,23.19,85,23.19,84,23.19,0,2.67
8.1,22.6,0.00,0.00,75,23.19,79,23.19,79,23.19,0,2.67
9.2,22.6,0.00,0.00,69,23.19,79,23.19,76,23.19,0,2.67
11.7,22.6,0.00,0.00,75,23.19,80,23.19,77,23.19,0,2.67
11.8,22.6,0.00,0.00,71,23.19,78,23.19,78,23.19,0,2.67
9.6,22.6,0.00,0.00,75,23.19,77,23.19,71,23.19,0,2.67
8.6,22.6,0.00,0.00,75,23.19,82,23.19,74,23.19,0,2.67
10.8,22.6,0.00,0.00,79,23.19,75,23.19,79,23.19,0,2.67
10.6,22.6,0.00,0.00,75,23.19,72,23.19,74,23.19,0,2.67
8.1,22.6,0.00,0.00,70,23.19,79,23.19,82,23.19,0,2.67
9.8,22.6,0.00,0.00,76,23.19,75,23.19,72,23.19,0,2.67
8.1,22.6,0.00,0.00,70,23.19,80,23.19,82,23.19,0,2.67
11.2,22.6,0.00,0.00,68,23.19,82,23.19,77,23.19,0,2.67
10.2,22.6,0.00,0.00,81,23.19,79,23.19,75,23.19,0,2.67
9.1,22.6,0.00,0.00,79,23.19,74,23.19,78,23.19,0,2.67
25.6,22.6,0.00,0.00,84,23.29,22,23.29,0,23.29,0,2.67
6.3,18.1,0.00,0.00,0,23.29,0,23.29,0,23.29,0,2.67
8.1,18.6,0.00,0.00,0,23.29,0,23.29,0,23.29,0,2.67
29.6,19.3,0.00,0.00,0,23.29,0,23.29,0,23.29,0,2.67
6.3,19.8,0.00,0.00,0,23.29,0,23.29,0,23.29,0,2.67
98.8,20.5,0.00,0.00,0,23.29,0,23.29,0,23.29,0,2.67
86.1,21.0,0.00,0.00,0,23.29,0,23.29,0,23.29,0,2.67
24.0,21.7,0.00,0.00,0,23.29,0,23.29,0,23.29,0,2.67
38.1,22.2,0.00,0.00,0,23.29,0,23.29,0,23.29,0,2.67
9.4,22.6,0.00,0.00,63,23.29,82,23.29,77,23.29,0,2.67
9.6,22.6,0.00,0.00,76,23.29,74,23.29,82,23.29,0,2.67
12.5,22.6,0.00,0.00,73,23.29,80,23.29,82,23.29,0,2.67
8.6,22.6,0.00,0.00,77,23.29,79,23.29,73,23.29,0,2.67
7.9,22.6,0.00,0.00,81,23.29,59,23.29,75,23.29,0,2.67
11.7,22.6,0.00,0.00,84,23.29,58,23.29,78,23.29,0,2.67
15.2,22.6,0.00,0.00,75,23.29,75,23.29,71,23.29,0,2.67
14.0,22.6,0.00,0.00,69,23.29,75,23.29,79,23.29,0,2.67
14.3,22.6,0.00,0.00,77,23.29,60,23.29,78,23.29,0,2.67
8.2,22.6,0.00,0.00,79,23.29,61,23.29,82,23.29,0,2.67
11.9,22.6,0.00,0.00,84,23.29,70,23.29,81,23.29,0,2.67
8.1,22.6,0.00,0.00,75,23.29,69,23.29,83,23.29,0,2.67
11.1,22.6,0.00,0.00,78,23.29,69,23.29,88,23.29,0,2.67
8.1,22.6,0.00,0.00,81,23.29,68,23.29,87,23.29,0,2.67
12.1,22.6,0.00,0.00,82,23.29,68,23.29,82,23.29,0,2.67
7.9,22.6,0.00,0.00,79,23.29,68,23.29,85,23.29,0,2.67
7.9,22.6,0.00,0.00,84,23.29,59,23.29,84,23.29,0,2.67
12.1,22.6,0.00,0.00,82,23.29,61,23.29,89,23.29,0,2.67
10.2,22.6,0.00,0.00,78,23.29,59,23.29,84,23.29,0,2.67
10.3,22.6,0.00,0.00,81,23.29,81,23.29,79,23.29,0,2.67
10.4,22.6,0.00,0.00,71,23.29,75,23.29,82,23.29,0,2.67
8.4,22.6,0.00,0.00,80,23.29,74,23.29,79,23.29,0,2.67
8.9,22.6,0.00,0.00,74,23.29,79,23.29,82,23.29,0,2.67
9.2,22.6,0.00,0.00,74,23.29,85,23.29,76,23.29,0,2.67
11.4,22.6,0.00,0.00,76,23.29,85,23.29,81,23.29,0,2.67
11.2,22.6,0.00,0.00,71,23.29,82,23.29,79,23.29,0,2.67
10.9,22.6,0.00,0.00,74,23.29,81,23.29,84,23.29,0,2.67
7.3,22.6,0.00,0.00,73,23.29,83,23.29,84,23.29,0,2.67
10.3,18.0,0.00,0.00,23,23.29,0,23.29,0,23.29,0,2.67
30.2,18.5,0.00,0.00,0,23.29,0,23.29,0,23.29,0,2.67
9.2,19.2,0.00,0.00,0,23.29,0,23.29,0,23.29,0,2.67
60.6,19.7,0.00,0.00,0,23.29,0,23.29,0,23.29,0,2.67
6.9,20.4,0.00,0.00,0,23.29,0,23.29,0,23.29,0,2.67
6.2,20.9,0.00,0.00,0,23.29,0,23.29,0,23.29,0,2.67
7.9,21.7,0.00,0.00,0,23.29,0,23.29,0,23.29,0,2.67
7.1,22.2,0.00,0.00,0,23.29,0,23.29,0,23.29,0,2.67
9.4,22.6,0.00,0.00,54,23.29,68,23.29,73,23.29,0,2.67
12.1,22.6,0.00,0.00,80,23.29,69,23.29,76,23.29,0,2.67
11.3,22.6,0.00,0.00,75,23.29,76,23.29,80,23.29,0,2.67
11.7,22.6,0.00,0.00,76,23.29,78,23.29,78,23.29,0,2.67
12.4,22.6,0.00,0.00,77,23.29,76,23.29,72,23.29,0,2.67
11.9,22.6,0.00,0.00,71,23.29,77,23.29,80,23.29,0,2.67
10.2,22.6,0.00,0.00,79,23.29,77,23.29,83,23.29,0,2.67
10.7,22.6,0.00,0.00,82,23.29,59,23.29,87,23.29,0,2.67
8.4,22.6,0.00,0.00,82,23.29,58,23.29,79,23.29,0,2.67
10.6,22.6,0.00,0.00,81,23.29,79,23.29,68,23.29,0,2.67
9.0,22.6,0.00,0.00,85,23.29,81,23.29,68,23.29,0,2.67
8.4,22.6,0.00,0.00,86,23.29,84,23.29,72,23.29,0,2.67
9.6,22.6,0.00,0.00,70,23.29,79,23.29,76,23.29,0,2.67
10.8,22.6,0.00,0.00,73,23.29,74,23.29,76,23.29,0,2.67
9.0,22.6,0.00,0.00,80,23.29,74,23.29,74,23.29,0,2.67
8.9,22.6,0.00,0.00,80,23.29,78,23.29,80,23.29,0,2.67
10.0,22.6,0.00,0.00,76,23.29,75,23.29,75,23.29,0,2.67
9.0,22.6,0.00,0.00,77,23.29,79,23.29,82,23.29,0,2.67
7.7,22.6,0.00,0.00,83,23.29,58,23.29,84,23.29,0,2.67
12.9,22.6,0.00,0.00,84,23.29,61,23.29,85,23.29,0,2.67
12.4,22.6,0.00,0.00,83,23.29,76,23.29,77,23.29,0,2.67
11.4,22.6,0.00,0.00,72,23.29,81,23.29,82,23.29,0,2.67
8.9,22.6,0.00,0.00,79,23.29,74,23.29,80,23.29,0,2.67
8.6,22.6,0.00,0.00,78,23.29,76,23.29,65,23.29,0,2.67
11.4,22.6,0.00,0.00,81,23.29,74,23.29,79,23.29,0,2.67
11.8,22.6,0.00,0.00,71,23.29,69,23.29,79,23.29,0,2.67
8.4,22.6,0.00,0.00,83,23.29,66,23.29,88,23.29,0,2.67
25.2,22.6,0.00,0.00,75,23.29,64,23.29,54,23.24,0,2.67
2.5,8.3,0.00,0.00,0,2.67,4,2.67,3,2.67,0,2.67
1.2,7.9,0.00,0.00,0,2.67,0,2.67,0,2.67,0,2.67
0.4,7.9,0.00,0.00,0,2.67,0,2.67,0,2.67,0,2.67
1.7,8.0,0.00,0.00,0,2.67,0,2.67,0,2.67,0,2.67
10.4,8.2,0.00,0.00,0,2.67,0,2.67,0,2.67,0,2.67
6.7,8.8,0.00,0.00,0,2.67,0,2.67,0,2.67,0,2.67
7.0,9.3,0.00,0.00,0,2.67,0,2.67,0,2.67,0,2.67
6.1,9.5,0.00,0.00,0,4.05,0,5.61,2,7.69,0,2.67
2.5,14.2,0.00,0.00,4,9.81,4,9.81,1,9.81,0,2.67
6.6,15.5,0.00,0.00,0,9.81,0,9.81,0,9.81,0,2.67
6.3,15.9,0.00,0.00,0,9.81,0,9.81,0,9.81,0,2.67
6.5,16.7,0.00,0.00,0,9.81,0,9.81,0,9.81,0,2.67
6.5,17.1,0.00,0.00,0,9.81,0,9.81,0,9.81,0,2.67
6.7,18.0,0.00,0.00,0,9.81,0,9.81,0,9.81,0,2.67
14.1,18.5,0.00,0.00,0,9.81,0,9.81,0,9.81,0,2.67
6.9,19.3,0.00,0.00,0,9.81,0,9.81,0,9.81,0,2.67
19.8,20.1,0.00,0.00,0,11.81,0,21.89,34,23.19,0,2.67
11.9,22.5,0.00,0.00,62,23.19,79,23.19,73,23.19,0,2.67
8.5,22.5,0.00,0.00,86,23.19,88,23.19,67,23.19,0,2.67
11.9,22.5,0.00,0.00,74,23.19,81,23.19,84,23.19,0,2.67
9.0,22.5,0.00,0.00,79,23.19,81,23.19,83,23.19,0,2.67
10.9,22.5,0.00,0.00,77,23.19,71,23.19,84,23.19,0,2.67
10.0,22.5,0.00,0.00,80,23.19,79,23.19,85,23.19,0,2.67
11.0,22.5,0.00,0.00,77,23.19,83,23.19,73,23.19,0,2.67
9.6,22.5,0.00,0.00,84,23.19,85,23.19,79,23.19,0,2.67
11.1,22.5,0.00,0.00,79,23.19,84,23.19,81,23.19,0,2.67
11.9,22.5,0.00,0.00,78,23.19,84,23.19,86,23.19,0,2.67
9.4,22.5,0.00,0.00,76,23.19,84,23.19,79,23.19,0,2.67
11.9,22.5,0.00,0.00,77,23.19,84,23.19,80,23.19,0,2.67
9.0,22.5,0.00,0.00,78,23.19,84,23.19,79,23.19,0,2.67
8.6,22.5,0.00,0.00,76,23.19,84,23.19,77,23.19,0,2.67
12.7,22.5,0.00,0.00,76,23.19,80,23.19,80,23.19,0,2.67
10.0,22.5,0.00,0.00,80,23.19,78,23.19,73,23.19,0,2.67
11.2,22.5,0.00,0.00,80,23.19,75,23.19,83,23.19,0,2.67
12.8,22.5,0.00,0.00,85,23.19,78,23.19,76,23.19,0,2.67
9.2,22.5,0.00,0.00,80,23.19,75,23.19,84,23.19,0,2.67
10.9,22.5,0.00,0.00,80,23.19,80,23.19,79,23.19,0,2.67
10.8,22.5,0.00,0.00,79,23.19,77,23.19,76,23.19,0,2.67
9.4,22.5,0.00,0.00,79,23.19,80,23.19,76,23.19,0,2.67
12.5,22.5,0.00,0.00,79,23.19,85,23.19,81,23.19,0,2.67
9.4,22.5,0.00,0.00,74,23.19,77,23.19,78,23.19,0,2.67
6.2,22.5,0.00,0.00,84,23.19,86,23.19,89,23.29,0,2.67
17.1,18.1,0.00,0.00,45,23.29,0,23.29,0,23.29,0,2.67
6.5,18.3,0.00,0.00,0,23.29,0,23.29,0,23.29,0,2.67
7.3,18.9,0.00,0.00,0,23.29,0,23.29,0,23.29,0,2.67
7.4,19.6,0.00,0.00,0,23.29,0,23.29,0,23.29,0,2.67
9.0,20.0,0.00,0.00,0,23.29,0,23.29,0,23.29,0,2.67
8.4,20.7,0.00,0.00,0,23.29,0,23.29,0,23.29,0,2.67
11.4,21.2,0.00,0.00,0,23.29,0,23.29,0,23.29,0,2.67
6.5,21.9,0.00,0.00,0,23.29,0,23.29,0,23.29,0,2.67
10.0,22.5,0.00,0.00,0,23.29,0,23.29,67,23.29,0,2.67
11.9,22.7,0.00,0.00,92,23.29,79,23.29,84,23.29,0,2.67
10.4,22.6,0.00,0.00,82,23.29,75,23.29,88,23.29,0,2.67
12.6,22.7,0.00,0.00,75,23.29,78,23.29,85,23.29,0,2.67
8.7,22.7,0.00,0.00,75,23.29,79,23.29,88,23.29,0,2.67
12.1,22.7,0.00,0.00,82,23.29,82,23.29,87,23.29,0,2.67
11.1,22.7,0.00,0.00,77,23.29,83,23.29,89,23.29,0,2.67
11.6,22.7,0.00,0.00,78,23.29,78,23.29,87,23.29,0,2.67
9.0,22.7,0.00,0.00,77,23.29,76,23.29,68,23.29,0,2.67
10.0,22.7,0.00,0.00,85,23.29,87,23.29,64,23.29,0,2.67
11.3,22.7,0.00,0.00,83,23.29,81,23.29,64,23.29,0,2.67
10.0,22.7,0.00,0.00,78,23.29,85,23.29,64,23.29,0,2.67
10.6,22.6,0.00,0.00,85,23.29,78,23.29,75,23.29,0,2.67
14.1,22.7,0.00,0.00,76,23.29,76,23.29,88,23.29,0,2.67
12.5,22.7,0.00,0.00,72,23.29,83,23.29,86,23.29,0,2.67
9.0,22.6,0.00,0.00,73,23.29,85,23.29,87,23.29,0,2.67
10.8,22.6,0.00,0.00,74,23.29,86,23.29,85,23.29,0,2.67
10.8,22.6,0.00,0.00,74,23.29,77,23.29,89,23.29,0,2.67
14.0,22.7,0.00,0.00,76,23.29,80,23.29,90,23.29,0,2.67
11.1,22.6,0.00,0.00,79,23.29,76,23.29,90,23.29,0,2.67
11.1,22.6,0.00,0.00,76,23.29,77,23.29,88,23.29,0,2.67
8.6,22.6,0.00,0.00,74,23.29,74,23.29,88,23.29,0,2.67
11.1,22.6,0.00,0.00,73,23.29,81,23.29,87,23.29,0,2.67
12.3,22.6,0.00,0.00,72,23.29,82,23.29,90,23.29,0,2.67
11.5,22.6,0.00,0.00,72,23.29,83,23.29,87,23.29,0,2.67
9.2,22.6,0.00,0.00,77,23.29,76,23.29,79,23.29,0,2.67
6.5,22.6,0.00,0.00,74,23.29,88,23.29,54,23.29,0,2.67
84.8,17.9,0.00,0.00,0,23.29,0,23.29,0,23.29,0,2.67
28.0,18.5,0.00,0.00,0,23.29,0,23.29,0,23.29,0,2.67
6.5,19.2,0.00,0.00,0,23.29,0,23.29,0,23.29,0,2.67
6.6,19.7,0.00,0.00,0,23.29,0,23.29,0,23.29,0,2.67
6.3,20.4,0.00,0.00,0,23.29,0,23.29,0,23.29,0,2.67
87.8,20.9,0.00,0.00,0,23.29,0,23.29,0,23.29,0,2.67
48.1,21.6,0.00,0.00,0,23.29,0,23.29,0,23.29,0,2.67
8.2,22.2,0.00,0.00,0,23.29,0,23.29,0,23.29,0,2.67
11.7,22.7,0.00,0.00,0,23.29,61,23.29,86,23.29,0,2.67
11.9,22.7,0.00,0.00,78,23.29,77,23.29,80,23.29,0,2.67
8.9,22.7,0.00,0.00,78,23.29,84,23.29,84,23.29,0,2.67
12.1,22.7,0.00,0.00,79,23.29,79,23.29,84,23.29,0,2.67
9.1,22.7,0.00,0.00,81,23.29,72,23.29,85,23.29,0,2.67
11.5,22.7,0.00,0.00,76,23.29,80,23.29,88,23.29,0,2.67
7.7,22.7,0.00,0.00,67,23.29,81,23.29,66,23.29,0,2.67
8.9,22.7,0.00,0.00,78,23.29,81,23.29,65,23.29,0,2.67
8.7,22.7,0.00,0.00,84,23.29,85,23.29,65,23.29,0,2.67
9.2,22.7,0.00,0.00,84,23.29,86,23.29,63,23.29,0,2.67
8.5,22.7,0.00,0.00,82,23.29,85,23.29,80,23.29,0,2.67
11.7,22.7,0.00,0.00,73,23.29,80,23.29,86,23.29,0,2.67
9.2,22.7,0.00,0.00,76,23.29,76,23.29,85,23.29,0,2.67
11.0,22.7,0.00,0.00,74,23.29,82,23.29,87,23.29,0,2.67
10.4,22.7,0.00,0.00,80,23.29,82,23.29,87,23.29,0,2.67
10.2,22.7,0.00,0.00,79,23.29,78,23.29,82,23.29,0,2.67
11.5,22.6,0.00,0.00,78,23.29,82,23.29,84,23.29,0,2.67
11.5,22.7,0.00,0.00,79,23.29,75,23.29,88,23.29,0,2.67
10.0,22.7,0.00,0.00,78,23.29,76,23.29,79,23.29,0,2.67
10.8,22.6,0.00,0.00,83,23.29,74,23.29,83,23.29,0,2.67
12.3,22.6,0.00,0.00,75,23.29,78,23.29,85,23.29,0,2.67
9.1,22.6,0.00,0.00,77,23.29,76,23.29,81,23.29,0,2.67
11.9,22.7,0.00,0.00,77,23.29,73,23.29,85,23.29,0,2.67
12.7,22.7,0.00,0.00,82,23.29,76,23.29,83,23.29,0,2.67
9.6,22.7,0.00,0.00,75,23.29,80,23.29,84,23.29,0,2.67
6.7,22.6,0.00,0.00,76,23.29,91,23.29,62,23.29,0,2.67
98.1,18.0,0.00,0.00,2,23.29,0,23.29,0,23.29,0,2.67
23.3,18.5,0.00,0.00,0,23.29,0,23.29,0,23.29,0,2.67
45.1,19.3,0.00,0.00,0,23.29,0,23.29,0,23.29,0,2.67
6.3,19.8,0.00,0.00,0,23.29,0,23.29,0,23.29,0,2.67
41.4,20.5,0.00,0.00,0,23.29,0,23.29,0,23.29,0,2.67
6.0,21.0,0.00,0.00,0,23.29,0,23.29,0,23.29,0,2.67
6.7,21.8,0.00,0.00,0,23.29,0,23.29,0,23.29,0,2.67
6.6,22.3,0.00,0.00,0,23.29,0,23.29,77,23.29,0,2.67
11.9,22.7,0.00,0.00,81,23.29,60,23.29,87,23.29,0,2.67
9.2,22.7,0.00,0.00,81,23.29,75,23.29,87,23.29,0,2.67
10.8,22.7,0.00,0.00,80,23.29,77,23.29,81,23.29,0,2.67
9.8,22.7,0.00,0.00,79,23.29,75,23.29,79,23.29,0,2.67
9.0,22.7,0.00,0.00,79,23.29,77,23.29,87,23.29,0,2.67
11.6,22.7,0.00,0.00,78,23.29,78,23.29,84,23.29,0,2.67
10.3,22.7,0.00,0.00,80,23.29,80,23.29,64,23.29,0,2.67
10.5,22.7,0.00,0.00,84,23.29,79,23.29,77,23.29,0,2.67
9.2,22.7,0.00,0.00,74,23.29,81,23.29,86,23.29,0,2.67
10.6,22.7,0.00,0.00,81,23.29,74,23.29,86,23.29,0,2.67
12.5,22.7,0.00,0.00,73,23.29,78,23.29,88,23.29,0,2.67
9.4,22.7,0.00,0.00,71,23.29,81,23.29,82,23.29,0,2.67
11.9,22.7,0.00,0.00,78,23.29,73,23.29,85,23.29,0,2.67
9.0,22.7,0.00,0.00,79,23.29,76,23.29,82,23.29,0,2.67
9.4,22.7,0.00,0.00,83,23.29,68,23.29,83,23.29,0,2.67
12.5,22.7,0.00,0.00,79,23.29,78,23.29,83,23.29,0,2.67
14.2,22.6,0.00,0.00,78,23.29,83,23.29,81,23.29,0,2.67
10.0,22.6,0.00,0.00,81,23.29,75,23.29,85,23.29,0,2.67
8.9,22.7,0.00,0.00,81,23.29,80,23.29,79,23.29,0,2.67
11.2,22.7,0.00,0.00,81,23.29,83,23.29,88,23.29,0,2.67
10.1,22.6,0.00,0.00,75,23.29,78,23.29,85,23.29,0,2.67
11.5,22.7,0.00,0.00,75,23.29,80,23.29,88,23.29,0,2.67
9.8,22.6,0.00,0.00,71,23.29,81,23.29,91,23.29,0,2.67
9.0,22.6,0.00,0.00,74,23.29,80,23.29,81,23.29,0,2.67
9.4,22.6,0.00,0.00,75,23.29,74,23.29,87,23.29,0,2.67
25.6,22.6,0.00,0.00,38,23.29,54,23.29,17,23.29,0,2.67
6.7,18.3,0.00,0.00,0,23.29,0,23.29,0,23.29,0,2.67
13.0,18.7,0.00,0.00,0,23.29,0,23.29,0,23.29,0,2.67
9.0,19.6,0.00,0.00,0,23.29,0,23.29,0,23.29,0,2.67
16.1,20.0,0.00,0.00,0,23.29,0,23.29,0,23.29,0,2.67
9.6,20.7,0.00,0.00,0,23.29,0,23.29,0,23.29,0,2.67
5.8,21.0,0.00,0.00,0,23.29,0,23.29,0,23.29,0,2.67
6.7,21.8,0.00,0.00,0,23.29,0,23.29,0,23.29,0,2.67
7.0,22.3,0.00,0.00,0,23.29,0,23.29,58,23.29,0,2.67
10.4,22.7,0.00,0.00,77,23.29,39,23.29,88,23.29,0,2.67
10.4,22.7,0.00,0.00,75,23.29,72,23.29,92,23.29,0,2.67
12.3,22.7,0.00,0.00,76,23.29,76,23.29,84,23.29,0,2.67
11.2,22.7,0.00,0.00,76,23.29,79,23.29,83,23.29,0,2.67
12.1,22.7,0.00,0.00,75,23.29,80,23.29,78,23.29,0,2.67
9.2,22.7,0.00,0.00,80,23.29,77,23.29,83,23.29,0,2.67
10.2,22.7,0.00,0.00,77,23.29,83,23.29,75,23.29,0,2.67
12.2,22.7,0.00,0.00,75,23.29,82,23.29,88,23.29,0,2.67
9.6,22.7,0.00,0.00,75,23.29,76,23.29,83,23.29,0,2.67
8.5,22.7,0.00,0.00,83,23.29,80,23.29,88,23.29,0,2.67
8.1,22.7,0.00,0.00,72,23.29,81,23.29,80,23.29,0,2.67
12.8,22.7,0.00,0.00,79,23.29,82,23.29,76,23.29,0,2.67
11.3,22.7,0.00,0.00,73,23.29,76,23.29,86,23.29,0,2.67
11.3,22.7,0.00,0.00,73,23.29,75,23.29,85,23.29,0,2.67
9.8,22.7,0.00,0.00,74,23.29,80,23.29,87,23.29,0,2.67
9.6,22.7,0.00,0.00,73,23.29,71,23.29,72,23.29,0,2.67
12.6,22.6,0.00,0.00,77,23.29,84,23.29,79,23.29,0,2.67
10.6,22.6,0.00,0.00,80,23.29,89,23.29,71,23.29,0,2.67
12.3,22.6,0.00,0.00,75,23.29,87,23.29,73,23.29,0,2.67
9.2,22.6,0.00,0.00,79,23.29,86,23.29,89,23.29,0,2.67
8.8,22.6,0.00,0.00,75,23.29,79,23.29,86,23.29,0,2.67
11.5,22.6,0.00,0.00,75,23.29,76,23.29,79,23.29,0,2.67
9.8,22.6,0.00,0.00,77,23.29,80,23.29,83,23.29,0,2.67
11.1,22.6,0.00,0.00,76,23.29,82,23.29,86,23.29,0,2.67
9.2,22.6,0.00,0.00,75,23.29,72,23.29,83,23.29,0,2.67
18.0,22.6,0.00,0.00,87,23.29,75,23.29,0,23.24,0,2.67
2.7,8.3,0.00,0.00,4,2.67,0,2.67,3,2.67,0,2.67
0.2,7.9,0.00,0.00,0,2.67,0,2.67,0,2.67,0,2.67
6.7,8.6,0.00,0.00,0,2.67,0,2.67,0,2.67,0,2.67
10.9,9.2,0.00,0.00,0,2.67,0,2.67,0,2.67,0,2.67
10.6,10.3,0.00,0.00,0,2.67,0,2.67,0,2.67,0,2.67
9.9,11.0,0.00,0.00,0,2.67,0,4.36,0,5.83,2,7.76
10.8,17.3,0.00,0.00,1,10.2,5,11.35,5,11.35,3,16.24
14.6,20.8,0.00,0.00,3,11.35,0,11.35,0,11.35,6,38.26
10.0,21.3,0.00,0.00,0,11.35,0,11.35,0,11.35,0,38.26
68.9,22.4,0.00,0.00,0,11.35,0,11.35,0,11.35,0,38.26
83.2,23.3,0.00,0.00,0,11.35,0,11.35,0,11.35,0,38.26
94.7,24.4,0.00,0.00,0,11.35,0,11.35,0,11.35,0,38.26
86.1,25.3,0.00,0.00,0,11.35,0,11.35,0,11.35,0,38.26
87.1,26.4,0.00,0.00,0,11.35,0,11.35,0,11.35,0,38.26
90.4,27.3,0.00,0.00,0,11.35,0,11.35,0,11.35,5,43.73
12.1,30.5,0.00,0.00,1,16.72,0,18.38,51,18.38,80,45.56
14.8,32.0,0.00,0.00,89,18.38,90,18.38,92,18.38,90,76.94
14.5,32.6,0.00,0.00,92,18.38,88,18.38,89,18.38,100,78.3
14.6,32.7,0.00,0.00,93,18.38,94,18.38,88,18.38,100,78.3
15.2,32.7,0.00,0.00,91,18.38,90,18.38,81,18.38,100,78.3
13.8,32.6,0.00,0.00,93,18.38,83,18.38,94,18.38,100,78.3
17.7,32.7,0.00,0.00,92,18.38,89,18.38,94,18.38,100,78.3
17.0,32.6,0.00,0.00,94,18.38,85,18.38,90,18.38,100,78.3
13.3,32.6,0.00,0.00,85,18.38,93,18.38,84,18.38,100,78.3
12.5,32.6,0.00,0.00,94,18.38,90,18.38,86,18.38,100,78.3
17.6,32.6,0.00,0.00,95,18.38,87,18.38,88,18.38,100,78.3
14.9,32.6,0.00,0.00,93,18.38,94,18.38,89,18.38,100,78.3
17.1,32.6,0.00,0.00,93,18.38,94,18.38,88,18.38,100,78.3
17.2,32.6,0.00,0.00,93,18.38,94,18.38,82,18.38,100,78.3
18.0,32.7,0.00,0.00,94,18.38,94,18.38,88,18.38,100,78.3
17.9,32.6,0.00,0.00,93,18.38,93,18.38,87,18.38,100,78.3
12.2,32.6,0.00,0.00,87,18.38,84,18.38,95,18.38,100,78.3
16.1,32.6,0.00,0.00,93,18.38,91,18.38,94,18.38,100,78.3
13.6,32.6,0.00,0.00,93,18.38,87,18.38,93,18.38,100,78.3
18.8,32.6,0.00,0.00,94,18.38,92,18.38,87,18.38,100,78.3
15.0,32.6,0.00,0.00,93,18.38,92,18.38,90,18.38,100,78.3
13.1,32.7,0.00,0.00,87,18.38,93,18.38,88,18.38,100,78.3
14.7,32.6,0.00,0.00,92,18.38,95,18.38,93,18.38,100,78.3
16.7,32.7,0.00,0.00,88,18.38,94,18.38,93,18.38,100,78.3
16.3,32.7,0.00,0.00,95,18.38,82,18.38,95,18.38,100,78.3
16.1,32.7,0.00,0.00,91,18.38,86,18.38,95,18.38,100,78.3
15.4,32.6,0.00,0.00,92,18.38,89,18.38,94,18.38,100,78.3
12.5,32.6,0.00,0.00,93,18.38,90,18.38,94,18.38,100,78.3
12.3,32.6,0.00,0.00,78,18.38,94,18.38,95,18.38,100,78.3
31.5,32.6,0.00,0.00,64,18.38,75,18.38,0,18.38,100,78.3
11.6,28.3,0.00,0.00,0,18.38,0,18.38,0,18.38,100,78.3
12.2,28.7,0.00,0.00,0,18.38,0,18.38,0,18.38,100,78.3
12.9,29.5,0.00,0.00,0,18.38,0,18.38,0,18.38,100,78.3
10.8,29.9,0.00,0.00,0,18.38,0,18.38,0,18.38,100,78.3
11.0,30.6,0.00,0.00,0,18.38,0,18.38,0,18.38,100,78.3
11.5,31.1,0.00,0.00,0,18.38,0,18.38,0,18.38,100,78.3
11.0,31.9,0.00,0.00,0,18.38,0,18.38,0,18.38,100,78.3
12.5,32.4,0.00,0.00,0,18.38,0,18.38,5,18.38,100,78.3
13.1,32.7,0.00,0.00,41,18.38,95,18.38,94,18.38,100,78.3
14.9,32.7,0.00,0.00,93,18.38,90,18.38,90,18.38,100,78.3
15.7,32.7,0.00,0.00,93,18.38,90,18.38,93,18.38,100,78.3
18.5,32.7,0.00,0.00,94,18.38,85,18.38,89,18.38,100,78.3
12.1,32.7,0.00,0.00,95,18.38,94,18.38,81,18.38,100,78.3
16.9,32.7,0.00,0.00,94,18.38,85,18.38,94,18.38,100,78.3
16.0,32.7,0.00,0.00,93,18.38,90,18.38,94,18.38,100,78.3
19.1,32.7,0.00,0.00,94,18.38,92,18.38,95,18.38,100,78.3
16.9,32.7,0.00,0.00,87,18.38,87,18.38,95,18.38,100,78.3
15.9,32.7,0.00,0.00,85,18.38,91,18.38,95,18.38,100,78.3
15.5,32.7,0.00,0.00,85,18.38,94,18.38,95,18.38,100,78.3
11.5,32.7,0.00,0.00,88,18.38,84,18.38,95,18.38,100,78.3
16.9,32.7,0.00,0.00,92,18.38,93,18.38,83,18.38,100,78.3
16.3,32.7,0.00,0.00,88,18.38,93,18.38,91,18.38,100,78.3
13.2,32.7,0.00,0.00,94,18.38,89,18.38,93,18.38,100,78.3
17.0,32.7,0.00,0.00,94,18.38,94,18.38,91,18.38,100,78.3
14.4,32.7,0.00,0.00,94,18.38,94,18.38,95,18.38,100,78.3
18.5,32.7,0.00,0.00,94,18.38,92,18.38,93,18.38,100,78.3
18.7,32.7,0.00,0.00,91,18.38,92,18.38,94,18.38,100,78.3
18.1,32.7,0.00,0.00,79,18.38,92,18.38,95,18.38,100,78.3
20.5,32.7,0.00,0.00,89,18.38,89,18.38,85,18.38,100,78.3
15.9,32.7,0.00,0.00,87,18.38,93,18.38,87,18.38,100,78.3
13.1,32.7,0.00,0.00,88,18.38,93,18.38,90,18.38,100,78.3
16.7,32.7,0.00,0.00,94,18.38,94,18.38,95,18.38,100,78.3
12.9,32.7,0.00,0.00,94,18.38,95,18.38,95,18.38,100,78.3
19.3,32.7,0.00,0.00,93,18.38,95,18.38,92,18.38,100,78.3
12.9,32.7,0.00,0.00,94,18.38,95,18.38,94,18.38,100,78.3
14.2,32.7,0.00,0.00,94,18.38,93,18.38,96,18.38,100,78.3
29.5,32.7,0.00,0.00,95,18.38,29,18.38,15,18.38,100,78.3
11.6,28.2,0.00,0.00,0,18.38,0,18.38,0,18.38,100,78.3
11.3,28.7,0.00,0.00,0,18.38,0,18.38,0,18.38,100,78.3
12.2,29.5,0.00,0.00,0,18.38,0,18.38,0,18.38,100,78.3
11.7,29.9,0.00,0.00,0,18.38,0,18.38,0,18.38,100,78.3
11.2,30.7,0.00,0.00,0,18.38,0,18.38,0,18.38,100,78.3
13.3,31.1,0.00,0.00,0,18.38,0,18.38,0,18.38,100,78.3
12.0,32.0,0.00,0.00,0,18.38,0,18.38,0,18.38,100,78.3
11.4,32.4,0.00,0.00,0,18.38,0,18.38,47,18.38,100,78.3
14.2,32.7,0.00,0.00,91,18.38,81,18.38,95,18.38,100,78.3
15.0,32.8,0.00,0.00,83,18.38,91,18.38,96,18.38,100,78.3
18.2,32.8,0.00,0.00,85,18.38,95,18.38,95,18.38,100,78.3
18.0,32.8,0.00,0.00,84,18.38,95,18.38,94,18.38,100,78.3
14.8,32.8,0.00,0.00,90,18.38,93,18.38,96,18.38,100,78.3
14.3,32.8,0.00,0.00,94,18.38,92,18.38,94,18.38,100,78.3
12.3,32.8,0.00,0.00,94,18.38,83,18.38,95,18.38,100,78.3
11.7,32.8,0.00,0.00,91,18.38,92,18.38,92,18.38,100,78.3
13.6,32.7,0.00,0.00,91,18.38,96,18.38,85,18.38,100,78.3
14.0,32.7,0.00,0.00,90,18.38,96,18.38,92,18.38,100,78.3
16.1,32.7,0.00,0.00,93,18.38,95,18.38,94,18.38,100,78.3
14.2,32.7,0.00,0.00,83,18.38,96,18.38,94,18.38,100,78.3
15.1,32.7,0.00,0.00,93,18.38,88,18.38,95,18.38,100,78.3
15.1,32.7,0.00,0.00,95,18.38,85,18.38,96,18.38,100,78.3
16.5,32.7,0.00,0.00,94,18.38,93,18.38,95,18.38,100,78.3
16.7,32.7,0.00,0.00,94,18.38,94,18.38,94,18.38,100,78.3
13.6,32.7,0.00,0.00,93,18.38,94,18.38,95,18.38,100,78.3
14.5,32.7,0.00,0.00,91,18.38,96,18.38,95,18.38,100,78.3
15.7,32.7,0.00,0.00,93,18.38,94,18.38,87,18.38,100,78.3
15.6,32.7,0.00,0.00,89,18.38,95,18.38,95,18.38,100,78.3
14.9,32.7,0.00,0.00,93,18.38,96,18.38,94,18.38,100,78.3
11.6,32.7,0.00,0.00,91,18.38,95,18.38,94,18.38,100,78.3
11.5,32.7,0.00,0.00,88,18.38,96,18.38,83,18.38,100,78.3
12.9,32.7,0.00,0.00,95,18.38,95,18.38,92,18.38,100,78.3
16.2,32.7,0.00,0.00,92,18.38,91,18.38,96,18.38,100,78.3
14.3,32.7,0.00,0.00,94,18.38,95,18.38,96,18.38,100,78.3
19.8,32.7,0.00,0.00,94,18.38,94,18.38,96,18.38,100,78.3
17.9,32.7,0.00,0.00,95,18.38,93,18.38,96,18.38,100,78.3
11.5,32.7,0.00,0.00,95,18.38,92,18.38,5,18.38,100,78.3
15.8,28.1,0.00,0.00,0,18.38,0,18.38,0,18.38,100,78.3
67.2,28.6,0.00,0.00,0,18.38,0,18.38,0,18.38,100,78.3
42.1,29.3,0.00,0.00,0,18.38,0,18.38,0,18.38,100,78.3
44.4,29.8,0.00,0.00,0,18.38,0,18.38,0,18.38,100,78.3
11.5,30.6,0.00,0.00,0,18.38,0,18.38,0,18.38,100,78.3
60.2,31.1,0.00,0.00,0,18.38,0,18.38,0,18.38,100,78.3
11.3,31.8,0.00,0.00,0,18.38,0,18.38,0,18.38,100,78.3
13.1,32.3,0.00,0.00,0,18.38,0,18.38,0,18.38,100,78.3
17.2,32.8,0.00,0.00,13,18.38,77,18.38,95,18.38,100,78.3
16.1,32.7,0.00,0.00,93,18.38,91,18.38,94,18.38,100,78.3
13.7,32.7,0.00,0.00,93,18.38,96,18.38,92,18.38,100,78.3
16.5,32.7,0.00,0.00,94,18.38,94,18.38,92,18.38,100,78.3
13.2,32.7,0.00,0.00,94,18.38,94,18.38,95,18.38,100,78.3
12.9,32.7,0.00,0.00,94,18.38,91,18.38,87,18.38,100,78.3
14.6,32.7,0.00,0.00,95,18.38,95,18.38,84,18.38,100,78.3
13.1,32.7,0.00,0.00,94,18.38,95,18.38,93,18.38,100,78.3
14.8,32.7,0.00,0.00,94,18.38,93,18.38,82,18.38,100,78.3
16.1,32.7,0.00,0.00,95,18.38,96,18.38,79,18.38,100,78.3
16.6,32.7,0.00,0.00,94,18.38,93,18.38,94,18.38,100,78.3
16.2,32.7,0.00,0.00,89,18.38,96,18.38,93,18.38,100,78.3
13.3,32.7,0.00,0.00,91,18.38,93,18.38,78,18.38,100,78.3
14.0,32.7,0.00,0.00,93,18.38,96,18.38,93,18.38,100,78.3
16.1,32.7,0.00,0.00,93,18.38,96,18.38,94,18.38,100,78.3
14.8,32.7,0.00,0.00,93,18.38,93,18.38,92,18.38,100,78.3
13.3,32.7,0.00,0.00,94,18.38,94,18.38,91,18.38,100,78.3
17.3,32.7,0.00,0.00,94,18.38,87,18.38,96,18.38,100,78.3
15.1,32.7,0.00,0.00,94,18.38,93,18.38,97,18.38,100,78.3
15.2,32.7,0.00,0.00,94,18.38,95,18.38,87,18.38,100,78.3
14.8,32.7,0.00,0.00,91,18.38,86,18.38,93,18.38,100,78.3
13.8,32.7,0.00,0.00,93,18.38,89,18.38,95,18.38,100,78.3
11.5,32.7,0.00,0.00,94,18.38,96,18.38,93,18.38,100,78.3
14.4,32.7,0.00,0.00,91,18.38,95,18.38,86,18.38,100,78.3
14.8,32.7,0.00,0.00,88,18.38,95,18.38,93,18.38,100,78.3
16.4,32.7,0.00,0.00,80,18.38,97,18.38,96,18.38,100,78.3
15.1,32.7,0.00,0.00,87,18.38,87,18.38,92,18.38,100,78.3
16.3,32.7,0.00,0.00,93,18.38,95,18.38,97,18.38,100,78.3
19.1,32.7,0.00,0.00,93,18.38,97,18.38,94,18.38,100,78.3
20.4,32.7,0.00,0.00,95,18.38,42,18.38,22,18.38,100,78.3
11.1,28.2,0.00,0.00,0,18.38,0,18.38,0,18.38,100,78.3
10.4,28.7,0.00,0.00,0,18.38,0,18.38,0,18.38,100,78.3
10.6,29.4,0.00,0.00,0,18.38,0,18.38,0,18.38,100,78.3
13.5,29.9,0.00,0.00,0,18.38,0,18.38,0,18.38,100,78.3
99.0,30.6,0.00,0.00,0,18.38,0,18.38,0,18.38,100,78.3
87.2,31.1,0.00,0.00,0,18.38,0,18.38,0,18.38,100,78.3
11.9,31.9,0.00,0.00,0,18.38,0,18.38,0,18.38,100,78.3
80.7,32.3,0.00,0.00,0,18.38,0,18.38,0,18.38,100,78.3
15.9,32.7,0.00,0.00,99,18.38,70,18.38,86,18.38,100,78.3
13.5,32.7,0.00,0.00,94,18.38,95,18.38,86,18.38,100,78.3
14.2,32.7,0.00,0.00,92,18.38,92,18.38,96,18.38,100,78.3
13.0,32.7,0.00,0.00,93,18.38,86,18.38,96,18.38,100,78.3
12.5,32.7,0.00,0.00,92,18.38,96,18.38,96,18.38,100,78.3
16.7,32.7,0.00,0.00,91,18.38,96,18.38,96,18.38,100,78.3
16.9,32.7,0.00,0.00,88,18.38,91,18.38,96,18.38,100,78.3
15.7,32.7,0.00,0.00,90,18.38,97,18.38,93,18.38,100,78.3
17.9,32.7,0.00,0.00,90,18.38,94,18.38,95,18.38,100,78.3
18.0,32.7,0.00,0.00,90,18.38,94,18.38,93,18.38,100,78.3
18.8,32.7,0.00,0.00,81,18.38,94,18.38,93,18.38,100,78.33
21.5,32.7,0.00,0.00,78,18.38,89,18.38,90,18.38,100,78.33
16.4,31.3,0.00,0.00,80,18.38,91,18.38,94,18.38,100,78.33
17.0,31.4,0.00,0.00,91,18.38,96,18.38,96,18.38,100,78.33
16.2,31.7,0.00,0.00,92,18.38,96,18.38,97,18.38,100,78.33
12.1,31.8,0.00,0.00,93,18.38,93,18.38,94,18.38,100,78.33
15.0,32.1,0.00,0.00,93,18.38,95,18.38,94,18.38,100,78.33
11.6,32.2,0.00,0.00,89,18.38,89,18.38,92,18.38,100,78.33
16.4,32.5,0.00,0.00,89,18.38,97,18.38,96,18.38,99,78.33
16.7,32.7,0.00,0.00,92,18.38,96,18.38,97,18.38,100,78.33
17.2,32.8,0.00,0.00,93,18.38,93,18.38,97,18.38,100,78.33
15.9,32.8,0.00,0.00,91,18.38,97,18.38,97,18.38,100,78.33
13.1,32.7,0.00,0.00,92,18.38,97,18.38,95,18.38,100,78.33
13.6,32.7,0.00,0.00,92,18.38,97,18.38,96,18.38,100,78.33
13.7,32.7,0.00,0.00,92,18.38,97,18.38,95,18.38,100,78.33
14.0,32.7,0.00,0.00,92,18.38,97,18.38,94,18.38,100,78.33
12.4,32.7,0.00,0.00,87,18.38,97,18.38,95,18.38,100,78.33
15.2,32.7,0.00,0.00,89,18.38,97,18.38,94,18.38,100,78.33
11.9,32.7,0.00,0.00,94,18.38,96,18.38,94,18.38,100,78.33
29.6,32.7,0.00,0.00,83,18.38,32,18.38,6,18.38,100,78.33
12.1,28.3,0.00,0.00,0,18.38,0,18.38,0,18.38,100,78.33
11.0,28.8,0.00,0.00,0,18.38,0,18.38,0,18.38,100,78.33
11.6,29.6,0.00,0.00,0,18.38,0,18.38,0,18.38,100,78.33
13.0,30.0,0.00,0.00,0,18.38,0,18.38,0,18.38,100,78.33
11.0,30.9,0.00,0.00,0,18.38,0,18.38,0,18.38,100,78.33
20.9,31.3,0.00,0.00,0,18.38,0,18.38,0,18.38,100,78.33
11.3,32.1,0.00,0.00,0,18.38,0,18.38,0,18.38,100,78.33
27.8,32.5,0.00,0.00,0,18.38,0,18.38,81,18.38,100,78.33
15.7,32.7,0.00,0.00,97,18.38,93,18.38,85,18.38,100,78.33
17.8,32.7,0.00,0.00,94,18.38,89,18.38,96,18.38,100,78.33
13.7,32.7,0.00,0.00,92,18.38,93,18.38,95,18.38,100,78.33
15.9,32.7,0.00,0.00,93,18.38,95,18.38,96,18.38,100,78.33
16.1,32.7,0.00,0.00,94,18.38,96,18.38,95,18.38,100,78.33
16.9,32.7,0.00,0.00,94,18.38,93,18.38,96,18.38,100,78.33
15.2,32.7,0.00,0.00,94,18.38,90,18.38,95,18.38,100,78.33
15.1,32.7,0.00,0.00,94,18.38,92,18.38,93,18.38,100,78.33
15.8,32.7,0.00,0.00,90,18.38,95,18.38,96,18.38,100,78.33
16.1,32.7,0.00,0.00,95,18.38,95,18.38,96,18.38,100,78.33
14.0,32.7,0.00,0.00,95,18.38,95,18.38,96,18.38,100,78.33
13.9,32.7,0.00,0.00,94,18.38,96,18.38,95,18.38,100,78.33
14.3,32.7,0.00,0.00,93,18.38,96,18.38,95,18.38,100,78.33
12.5,32.7,0.00,0.00,94,18.38,95,18.38,95,18.38,100,78.33
13.0,32.7,0.00,0.00,93,18.38,93,18.38,89,18.38,100,78.33
17.3,32.7,0.00,0.00,94,18.38,94,18.38,96,18.38,100,78.33
16.3,32.7,0.00,0.00,89,18.38,92,18.38,96,18.38,100,78.33
14.7,32.7,0.00,0.00,94,18.38,94,18.38,97,18.38,100,78.33
15.8,32.7,0.00,0.00,94,18.38,97,18.38,92,18.38,100,78.33
16.6,32.7,0.00,0.00,94,18.38,90,18.38,96,18.38,100,78.33
12.6,32.7,0.00,0.00,88,18.38,96,18.38,96,18.38,100,78.33
13.1,32.7,0.00,0.00,91,18.38,96,18.38,95,18.38,100,78.33
13.6,32.7,0.00,0.00,94,18.38,93,18.38,95,18.38,100,78.33
14.0,32.7,0.00,0.00,94,18.38,95,18.38,97,18.38,100,78.33
11.9,32.7,0.00,0.00,92,18.38,94,18.38,97,18.38,100,78.33
14.4,32.7,0.00,0.00,95,18.38,92,18.38,97,18.38,100,78.33
14.4,32.7,0.00,0.00,90,18.38,98,18.38,96,18.38,100,78.33
12.5,32.7,0.00,0.00,80,18.38,98,18.38,94,18.38,100,78.33
11.9,32.7,0.00,0.00,91,18.38,98,18.38,96,18.38,100,78.33
12.9,27.9,0.00,0.00,43,18.38,0,18.38,0,18.38,100,78.33
11.9,28.6,0.00,0.00,0,18.38,0,18.38,0,18.38,100,78.33
61.7,29.2,0.00,0.00,0,18.38,0,18.38,0,18.38,99,78.33
31.6,29.8,0.00,0.00,0,18.38,0,18.38,0,18.38,100,78.33
10.5,30.5,0.00,0.00,0,18.38,0,18.38,0,18.38,100,78.33
62.6,31.0,0.00,0.00,0,18.38,0,18.38,0,18.38,100,78.33
50.5,31.7,0.00,0.00,0,18.38,0,18.38,0,18.38,100,78.33
12.1,32.3,0.00,0.00,0,18.38,0,18.38,0,18.38,100,78.33
11.7,32.7,0.00,0.00,61,18.38,68,18.38,85,18.38,100,78.33
16.9,32.7,0.00,0.00,92,18.38,85,18.38,94,18.38,100,78.33
12.1,32.7,0.00,0.00,95,18.38,87,18.38,97,18.38,100,78.33
14.7,32.7,0.00,0.00,94,18.38,89,18.38,97,18.38,100,78.33
14.6,32.7,0.00,0.00,94,18.38,96,18.38,97,18.38,100,78.33
15.9,32.7,0.00,0.00,94,18.38,90,18.38,97,18.38,100,78.33
15.2,32.7,0.00,0.00,94,18.38,97,18.38,97,18.38,100,78.33
17.3,32.7,0.00,0.00,94,18.38,97,18.38,98,18.38,100,78.33
16.7,32.7,0.00,0.00,91,18.38,96,18.38,93,18.38,100,78.33
13.7,32.7,0.00,0.00,89,18.38,97,18.38,89,18.38,100,78.33
12.9,32.7,0.00,0.00,88,18.38,97,18.38,89,18.38,100,78.33
14.9,32.7,0.00,0.00,94,18.38,96,18.38,93,18.38,100,78.33
13.6,32.7,0.00,0.00,80,18.38,89,18.38,94,18.38,100,78.33
14.4,32.7,0.00,0.00,96,18.38,87,18.38,92,18.38,100,78.33
12.9,32.7,0.00,0.00,88,18.38,94,18.38,96,18.38,100,78.33
12.4,32.7,0.00,0.00,92,18.38,95,18.38,97,18.38,100,78.33
13.8,32.7,0.00,0.00,92,18.38,97,18.38,97,18.38,100,78.33
14.4,32.7,0.00,0.00,92,18.38,96,18.38,88,18.38,100,78.33
11.7,32.7,0.00,0.00,92,18.38,96,18.38,97,18.38,100,78.33
15.8,32.7,0.00,0.00,95,18.38,91,18.38,95,18.38,100,78.33
18.4,32.7,0.00,0.00,91,18.38,95,18.38,95,18.38,100,78.33
16.9,32.7,0.00,0.00,94,18.38,92,18.38,95,18.38,100,78.33
14.6,32.7,0.00,0.00,94,18.38,97,18.38,94,18.38,100,78.33
12.3,32.7,0.00,0.00,96,18.38,90,18.38,97,18.38,100,78.33
15.4,32.7,0.00,0.00,95,18.38,89,18.38,95,18.38,100,78.33
15.4,32.7,0.00,0.00,95,18.38,90,18.38,97,18.38,100,78.33
12.9,32.7,0.00,0.00,95,18.38,96,18.38,96,18.38,100,78.33
15.0,32.7,0.00,0.00,92,18.38,95,18.38,94,18.38,100,78.33
16.6,32.7,0.00,0.00,91,18.38,95,18.38,93,18.38,100,78.33
11.3,32.7,0.00,0.00,93,18.38,95,18.38,90,18.38,100,78.33
12.4,27.7,0.00,0.00,92,18.33,36,2.67,3,2.67,100,78.33
5.2,18.1,0.00,0.00,3,2.67,3,2.67,0,2.67,100,78.33
7.5,18.0,0.00,0.00,0,2.67,0,2.67,0,2.67,100,78.33
4.8,18.0,0.00,0.00,0,2.67,0,2.67,0,2.67,100,78.33
6.5,18.1,0.00,0.00,0,2.67,0,2.67,0,2.67,100,78.33
12.9,18.8,0.00,0.00,0,2.67,0,2.67,0,2.67,100,78.33
14.1,19.1,0.00,0.00,0,2.67,0,2.67,0,2.67,100,78.33
15.3,19.7,0.00,0.00,0,2.67,0,2.67,0,2.67,100,78.33
11.1,20.1,0.00,0.00,0,2.67,0,2.67,0,2.67,100,78.33
12.7,22.8,0.00,0.00,0,2.67,4,10.03,4,18.43,100,78.33
10.6,25.5,0.00,0.00,2,7.32,4,12.76,0,18.43,100,78.33
64.4,26.2,0.00,0.00,11,29.39,0,12.76,0,18.43,100,78.33
29.8,26.9,0.00,0.00,0,29.39,0,12.76,0,18.43,100,78.33
13.5,27.4,0.00,0.00,0,29.39,0,12.76,0,18.43,100,78.33
100.0,28.1,0.00,0.00,0,29.39,0,12.76,0,18.43,100,78.33
52.6,28.7,0.00,0.00,0,29.39,0,12.76,0,18.43,100,78.33
100.0,29.4,0.00,0.00,0,29.39,0,12.76,0,18.43,100,78.33
35.4,29.9,0.00,0.00,0,29.39,0,12.76,0,19.31,100,78.33
66.6,32.0,0.00,0.00,0,29.39,2,28.07,38,29.9,100,78.33
15.0,33.1,0.00,0.00,1,58.1,82,28.85,95,29.9,100,78.33
18.4,33.1,0.00,0.00,100,58.1,84,28.85,98,29.9,100,78.33
16.6,33.1,0.00,0.00,100,58.1,82,28.85,95,29.9,100,78.33
16.3,33.1,0.00,0.00,100,58.1,84,28.85,93,29.9,100,78.33
17.5,33.1,0.00,0.00,100,58.1,86,28.85,95,29.9,100,78.33
15.9,33.1,0.00,0.00,100,58.1,88,28.85,95,29.9,100,78.33
17.9,33.1,0.00,0.00,100,58.1,90,28.85,97,29.9,100,78.33
17.4,33.1,0.00,0.00,100,58.1,88,28.85,97,29.9,100,78.33
16.0,33.1,0.00,0.00,100,58.1,88,28.85,96,29.9,100,78.33
16.5,33.1,0.00,0.00,100,58.1,92,28.85,98,29.9,100,78.33
16.6,33.1,0.00,0.00,100,58.1,88,28.85,98,29.9,100,78.33
16.3,33.1,0.00,0.00,100,58.1,89,28.85,95,29.9,100,78.33
16.3,33.1,0.00,0.00,100,58.1,91,28.85,96,29.9,100,78.33
15.3,33.1,0.00,0.00,100,58.1,90,28.85,94,29.9,100,78.33
15.6,33.1,0.00,0.00,99,58.1,87,28.85,96,29.9,100,78.33
18.1,33.1,0.00,0.00,99,58.1,93,28.85,96,29.9,100,78.33
15.2,33.1,0.00,0.00,99,58.1,92,28.85,97,29.9,100,78.33
14.4,33.1,0.00,0.00,100,58.1,88,28.85,98,29.9,100,78.33
17.5,33.1,0.00,0.00,100,58.1,92,28.85,97,29.9,100,78.33
17.3,33.1,0.00,0.00,100,58.1,93,28.85,89,29.9,100,78.33
15.7,33.1,0.00,0.00,100,58.1,91,28.85,97,29.9,100,78.33
18.4,33.1,0.00,0.00,100,58.1,94,28.85,96,29.9,100,78.33
18.1,33.1,0.00,0.00,100,58.1,94,28.85,98,29.9,100,78.33
14.5,33.1,0.00,0.00,100,58.1,90,28.85,94,29.9,100,78.33
17.1,33.1,0.00,0.00,100,58.1,91,28.85,99,29.9,100,78.33
16.7,33.1,0.00,0.00,100,58.1,93,28.85,98,29.9,100,78.33
14.4,33.1,0.00,0.00,100,58.1,93,28.85,96,29.9,100,78.33
15.8,33.1,0.00,0.00,100,58.1,91,28.85,97,29.9,100,78.33
15.7,33.1,0.00,0.00,100,58.1,73,28.85,98,29.9,100,78.33
18.1,33.1,0.00,0.00,100,58.1,81,28.85,37,29.9,100,78.33
12.9,31.7,0.00,0.00,98,58.1,88,28.85,0,29.9,100,78.33
13.5,31.8,0.00,0.00,100,58.1,93,28.85,0,29.9,100,78.33
14.1,32.1,0.00,0.00,100,58.1,90,28.85,0,29.9,100,78.33
12.7,32.2,0.00,0.00,100,58.1,89,28.85,0,29.9,100,78.33
11.9,32.5,0.00,0.00,100,58.1,86,28.85,0,29.9,100,78.33
12.3,32.6,0.00,0.00,100,58.1,93,28.85,0,29.9,100,78.33
13.1,32.9,0.00,0.00,100,58.1,92,28.85,0,29.9,100,78.33
12.3,33.0,0.00,0.00,100,58.1,88,28.85,65,29.9,100,78.33
15.4,33.1,0.00,0.00,100,58.1,92,28.85,95,29.9,100,78.33
16.8,33.1,0.00,0.00,100,58.1,90,28.85,96,29.9,100,78.33
14.2,33.1,0.00,0.00,100,58.1,95,28.85,96,29.9,100,78.33
16.9,33.1,0.00,0.00,100,58.1,93,28.85,92,29.9,100,78.33
16.7,33.1,0.00,0.00,100,58.1,93,28.85,95,29.9,100,78.33
15.3,33.1,0.00,0.00,100,58.1,92,28.85,92,29.9,88,78.4
66.0,31.6,0.00,0.00,100,58.1,89,28.85,91,29.9,92,78.4
72.4,31.8,0.00,0.00,100,58.1,90,28.85,96,29.9,88,78.4
97.1,32.0,0.00,0.00,100,58.1,85,28.85,93,29.9,87,78.4
18.4,32.2,0.00,0.00,100,58.1,79,28.85,95,29.9,92,78.4
15.1,32.4,0.00,0.00,100,58.1,79,28.85,90,29.9,87,78.4
15.9,32.6,0.00,0.00,100,58.1,77,28.85,92,29.9,92,78.4
15.8,32.8,0.00,0.00,100,58.1,80,28.85,95,29.9,89,78.4
16.9,33.0,0.00,0.00,100,58.1,74,28.85,92,29.9,87,78.4
14.8,33.1,0.00,0.00,100,58.1,79,28.85,97,29.9,100,78.4
15.0,33.1,0.00,0.00,100,58.1,87,28.85,98,29.9,100,78.4
15.6,33.1,0.00,0.00,100,58.1,91,28.85,98,29.9,100,78.4
18.0,33.1,0.00,0.00,100,58.1,92,28.85,98,29.9,100,78.4
17.4,33.1,0.00,0.00,100,58.1,94,28.85,98,29.9,100,78.4
14.3,33.1,0.00,0.00,100,58.1,94,28.85,98,29.9,100,78.4
16.9,33.1,0.00,0.00,100,58.1,80,28.85,96,29.9,100,78.4
16.1,33.1,0.00,0.00,100,58.1,79,28.85,98,29.9,100,78.4
17.5,33.1,0.00,0.00,100,58.1,79,28.85,96,29.9,100,78.4
16.9,33.1,0.00,0.00,100,58.1,80,28.85,99,29.9,100,78.4
14.2,33.1,0.00,0.00,100,58.1,79,28.85,98,29.9,100,78.4
15.8,33.1,0.00,0.00,100,58.1,79,28.85,99,29.9,100,78.4
16.9,33.1,0.00,0.00,100,58.1,79,28.85,98,29.9,100,78.4
16.5,33.1,0.00,0.00,100,58.1,78,28.85,98,29.9,100,78.4
15.6,33.1,0.00,0.00,100,58.1,91,28.85,98,29.9,100,78.4
16.9,33.1,0.00,0.00,100,58.1,93,28.85,99,29.9,100,78.4
14.4,31.5,0.00,0.00,100,58.1,78,28.85,63,29.9,100,78.4
11.2,30.2,0.00,0.00,100,58.1,73,28.85,0,29.9,100,78.4
12.5,30.6,0.00,0.00,100,58.1,77,28.85,0,29.9,100,78.4
66.6,31.0,0.00,0.00,99,58.1,92,28.85,0,29.9,100,78.4
13.7,31.4,0.00,0.00,100,58.1,85,28.85,0,29.9,100,78.4
44.2,31.8,0.00,0.00,98,58.1,89,28.85,0,29.9,100,78.4
22.9,32.2,0.00,0.00,100,58.1,93,28.85,0,29.9,100,78.4
23.9,32.7,0.00,0.00,100,58.1,84,28.85,0,29.9,100,78.4
12.1,33.0,0.00,0.00,99,58.1,93,28.85,0,29.9,100,78.4
15.8,33.1,0.00,0.00,99,58.1,94,28.85,96,29.9,100,78.4
17.6,33.1,0.00,0.00,100,58.1,92,28.85,97,29.9,100,78.4
16.0,33.1,0.00,0.00,100,58.1,93,28.85,95,29.9,100,78.4
17.4,33.1,0.00,0.00,100,58.1,94,28.85,98,29.9,100,78.4
15.7,33.1,0.00,0.00,100,58.1,93,28.85,94,29.9,100,78.4
17.3,33.1,0.00,0.00,100,58.1,85,28.85,97,29.9,100,78.4
17.8,33.2,0.00,0.00,100,58.1,92,28.85,98,29.9,100,78.4
15.2,33.1,0.00,0.00,100,58.1,90,28.85,97,29.9,100,78.4
15.4,33.1,0.00,0.00,100,58.1,93,28.85,98,29.9,100,78.4
16.9,33.1,0.00,0.00,100,58.1,92,28.85,99,29.9,100,78.4
17.2,33.2,0.00,0.00,100,58.1,95,28.85,46,29.9,100,78.4
17.9,33.2,0.00,0.00,100,58.1,76,28.85,49,29.9,100,78.4
16.9,33.2,0.00,0.00,100,58.1,84,28.85,43,29.9,100,78.4
20.5,33.2,0.00,0.00,100,58.1,86,28.85,65,29.9,100,78.4
17.9,33.1,0.00,0.00,100,58.1,89,28.85,99,29.9,100,78.4
16.4,33.1,0.00,0.00,100,58.1,80,28.85,98,29.9,100,78.4
16.1,33.1,0.00,0.00,100,58.1,79,28.85,98,29.9,100,78.4
14.4,33.1,0.00,0.00,100,58.1,86,28.85,97,29.9,100,78.4
16.1,33.1,0.00,0.00,100,58.1,93,28.85,99,29.9,100,78.4
18.0,33.1,0.00,0.00,100,58.1,95,28.85,99,29.9,100,78.4
16.0,33.1,0.00,0.00,100,58.1,92,28.85,99,29.9,100,78.4
15.4,33.1,0.00,0.00,100,58.1,94,28.85,97,29.9,100,78.4
13.8,33.1,0.00,0.00,100,58.1,95,28.85,98,29.9,100,78.4
20.2,33.1,0.00,0.00,100,58.1,93,28.85,97,29.9,100,78.4
14.2,33.1,0.00,0.00,100,58.1,95,28.85,97,29.9,100,78.4
16.5,33.1,0.00,0.00,100,58.1,95,28.85,98,29.9,100,78.4
15.1,33.1,0.00,0.00,100,58.1,84,28.85,98,29.9,100,78.4
17.3,33.1,0.00,0.00,100,58.1,85,28.85,98,29.9,100,78.4
15.8,33.1,0.00,0.00,100,58.1,93,28.85,97,29.9,100,78.4
16.3,33.1,0.00,0.00,100,58.1,90,28.85,97,29.9,100,78.4
16.3,33.1,0.00,0.00,100,58.1,93,28.85,99,29.9,100,78.4
15.4,33.1,0.00,0.00,100,58.1,95,28.85,98,29.9,100,78.4
18.6,33.1,0.00,0.00,100,58.1,94,28.85,0,29.9,100,78.4
12.9,31.7,0.00,0.00,100,58.1,88,28.85,0,29.9,100,78.4
12.9,31.8,0.00,0.00,100,58.1,90,28.85,0,29.9,100,78.4
14.2,32.1,0.00,0.00,100,58.1,75,28.85,0,29.9,100,78.4
13.6,32.2,0.00,0.00,100,58.1,79,28.85,0,29.9,100,78.4
12.4,32.5,0.00,0.00,100,58.1,78,28.85,0,29.9,100,78.4
21.3,32.7,0.00,0.00,100,58.1,74,28.85,0,29.9,100,78.4
13.3,32.9,0.00,0.00,100,58.1,78,28.85,0,29.9,100,78.4
20.3,33.1,0.00,0.00,100,58.1,80,28.85,98,29.9,100,78.4
15.1,33.1,0.00,0.00,99,58.1,72,28.85,96,29.9,100,78.4
16.4,33.1,0.00,0.00,100,58.1,91,28.85,98,29.9,100,78.4
15.6,33.1,0.00,0.00,100,58.1,91,28.85,95,29.9,100,78.4
17.2,33.1,0.00,0.00,100,58.1,91,28.85,98,29.9,100,78.4
16.8,33.1,0.00,0.00,100,58.1,92,28.85,98,29.9,100,78.4
16.3,33.1,0.00,0.00,100,58.1,94,28.85,97,29.9,100,78.4
14.3,33.1,0.00,0.00,100,58.1,92,28.85,97,29.9,100,78.4
15.8,33.1,0.00,0.00,100,58.1,94,28.85,97,29.9,100,78.4
17.6,33.1,0.00,0.00,100,58.1,93,28.85,93,29.9,100,78.4
14.6,33.1,0.00,0.00,100,58.1,82,28.85,98,29.9,100,78.4
17.4,33.1,0.00,0.00,100,58.1,89,28.85,97,29.9,100,78.4
15.3,33.1,0.00,0.00,100,58.1,78,28.85,99,29.9,100,78.4
15.8,33.1,0.00,0.00,100,58.1,73,28.85,95,29.9,100,78.4
17.0,33.1,0.00,0.00,100,58.1,74,28.85,98,29.9,100,78.4
15.0,33.1,0.00,0.00,100,58.1,77,28.85,99,29.9,100,78.4
16.0,33.1,0.00,0.00,100,58.1,76,28.85,97,29.9,100,78.4
14.9,33.1,0.00,0.00,100,58.1,94,28.85,99,29.9,100,78.4
15.9,33.1,0.00,0.00,100,58.1,92,28.85,98,29.9,100,78.4
18.3,33.1,0.00,0.00,100,58.1,92,28.85,97,29.9,100,78.4
14.6,33.1,0.00,0.00,100,58.1,95,28.85,98,29.9,100,78.4
14.6,33.1,0.00,0.00,100,58.1,91,28.85,99,29.9,100,78.4
16.4,33.1,0.00,0.00,100,58.1,90,28.85,98,29.9,100,78.4
17.1,33.1,0.00,0.00,100,58.1,92,28.85,97,29.9,100,78.4
17.1,33.1,0.00,0.00,100,58.1,91,28.85,99,29.9,100,78.4
16.5,33.1,0.00,0.00,100,58.1,93,28.85,98,29.9,100,78.4
15.4,33.1,0.00,0.00,100,58.1,92,28.85,99,29.9,100,78.4
17.0,33.1,0.00,0.00,100,58.1,93,28.85,98,29.9,100,78.4
14.8,33.1,0.00,0.00,100,58.1,94,28.85,99,29.9,100,78.4
16.4,33.1,0.00,0.00,100,58.1,91,28.85,99,29.9,100,78.4
17.4,33.1,0.00,0.00,100,58.1,91,28.85,94,29.9,100,78.4
11.9,31.5,0.00,0.00,100,58.1,92,28.85,0,29.9,100,78.4
13.6,31.7,0.00,0.00,100,58.1,91,28.85,0,29.9,100,78.4
11.7,31.9,0.00,0.00,100,58.1,94,28.85,0,29.9,100,78.4
13.4,32.1,0.00,0.00,100,58.1,92,28.85,0,29.9,100,78.4
13.4,32.3,0.00,0.00,100,58.1,89,28.85,0,29.9,100,78.4
11.9,32.5,0.00,0.00,100,58.1,91,28.85,0,29.9,100,78.4
14.0,32.8,0.00,0.00,100,58.1,95,28.85,0,29.9,100,78.4
13.1,33.0,0.00,0.00,100,58.1,91,28.85,0,29.9,100,78.4
14.6,33.1,0.00,0.00,100,58.1,93,28.85,96,29.9,100,78.4
16.5,33.1,0.00,0.00,99,58.1,95,28.85,98,29.9,100,78.4
17.4,33.1,0.00,0.00,100,58.1,93,28.85,96,29.9,100,78.4
15.4,33.1,0.00,0.00,100,58.1,95,28.85,96,29.9,100,78.4
15.4,33.1,0.00,0.00,100,58.1,94,28.85,97,29.9,100,78.4
14.9,31.6,0.00,0.00,48,58.12,85,28.85,91,29.9,100,78.4
14.5,31.8,0.00,0.00,0,58.12,93,28.85,93,29.9,100,78.4
17.2,32.0,0.00,0.00,0,58.12,88,28.85,97,29.9,100,78.4
18.3,32.2,0.00,0.00,0,58.12,93,28.85,94,29.9,100,78.4
14.7,32.4,0.00,0.00,0,58.12,93,28.85,94,29.9,100,78.4
35.3,32.6,0.00,0.00,0,58.12,94,28.85,97,29.9,100,78.4
38.3,32.9,0.00,0.00,0,58.12,86,28.85,93,29.9,100,78.4
74.9,33.0,0.00,0.00,0,58.12,88,28.85,97,29.9,100,78.4
17.0,33.1,0.00,0.00,69,58.12,88,28.85,98,29.9,100,78.4
14.6,33.1,0.00,0.00,99,58.12,90,28.85,99,29.9,100,78.4
15.2,33.1,0.00,0.00,100,58.12,93,28.85,97,29.9,100,78.4
17.3,33.1,0.00,0.00,100,58.12,93,28.85,93,29.9,100,78.4
19.6,33.1,0.00,0.00,100,58.12,89,28.85,95,29.9,100,78.4
15.7,33.1,0.00,0.00,100,58.12,93,28.85,91,29.9,100,78.4
14.9,33.1,0.00,0.00,100,58.12,92,28.85,94,29.9,100,78.4
18.7,33.1,0.00,0.00,99,58.12,91,28.85,98,29.9,100,78.4
17.6,33.1,0.00,0.00,100,58.12,91,28.85,98,29.9,100,78.4
17.5,33.1,0.00,0.00,100,58.12,93,28.85,99,29.9,100,78.4
18.0,33.1,0.00,0.00,100,58.12,93,28.85,97,29.9,100,78.4
19.2,33.1,0.00,0.00,100,58.12,92,28.85,98,29.9,100,78.4
14.7,33.1,0.00,0.00,100,58.12,94,28.85,97,29.9,100,78.4
14.6,33.1,0.00,0.00,100,58.12,92,28.85,99,29.9,100,78.4
17.5,33.1,0.00,0.00,100,58.12,85,28.85,99,29.9,100,78.4
14.8,33.1,0.00,0.00,100,58.12,86,28.85,98,29.9,100,78.4
15.6,33.1,0.00,0.00,100,58.12,83,28.85,99,29.9,100,78.4
15.6,33.1,0.00,0.00,100,58.12,86,28.85,98,29.9,100,78.4
11.5,31.5,0.00,0.00,100,58.12,85,28.85,0,29.9,100,78.4
14.2,31.7,0.00,0.00,97,58.12,85,28.85,0,29.9,100,78.4
14.8,32.0,0.00,0.00,100,58.12,83,29.12,0,29.9,100,78.4
80.5,30.7,0.00,0.00,100,58.12,0,29.12,0,29.9,100,78.4
15.7,30.9,0.00,0.00,100,58.12,0,29.12,0,29.9,100,78.4
11.1,31.3,0.00,0.00,100,58.12,0,29.12,0,29.9,100,78.4
13.2,31.7,0.00,0.00,99,58.12,0,29.12,0,29.9,100,78.4
13.4,32.2,0.00,0.00,100,58.12,0,29.12,0,29.9,100,78.4
65.4,32.6,0.00,0.00,100,58.12,0,29.12,73,29.9,100,78.4
63.2,32.9,0.00,0.00,100,58.12,0,29.12,97,29.9,100,78.4
15.8,33.0,0.00,0.00,100,58.12,0,29.12,93,29.9,100,78.4
17.5,33.2,0.00,0.00,100,58.12,36,29.12,97,29.9,100,78.4
15.4,33.2,0.00,0.00,100,58.12,90,29.12,98,29.9,100,78.4
16.5,33.2,0.00,0.00,100,58.12,89,29.12,97,29.9,100,78.4
15.6,33.2,0.00,0.00,100,58.12,90,29.12,96,29.9,100,78.4
16.9,33.2,0.00,0.00,100,58.12,90,29.12,98,29.9,100,78.4
16.7,33.2,0.00,0.00,100,58.12,92,29.12,97,29.9,100,78.4
14.2,33.1,0.00,0.00,100,58.12,91,29.12,96,29.9,100,78.4
16.7,33.2,0.00,0.00,100,58.12,92,29.12,98,29.9,100,78.4
15.8,33.2,0.00,0.00,100,58.12,93,29.12,97,29.9,100,78.4
14.8,33.2,0.00,0.00,100,58.12,88,29.12,97,29.9,100,78.4
18.4,33.2,0.00,0.00,100,58.12,89,29.12,97,29.9,100,78.4
16.4,33.2,0.00,0.00,100,58.12,92,29.12,99,29.9,100,78.4
14.0,33.2,0.00,0.00,100,58.12,88,29.12,97,29.9,100,78.4
16.7,33.2,0.00,0.00,100,58.12,92,29.12,97,29.9,100,78.4
17.8,33.2,0.00,0.00,100,58.12,94,29.12,98,29.9,100,78.4
17.3,33.2,0.00,0.00,100,58.12,76,29.12,98,29.9,100,78.4
14.9,33.2,0.00,0.00,100,58.12,73,29.12,99,29.9,100,78.4
15.1,33.2,0.00,0.00,100,58.12,77,29.12,95,29.9,100,78.4
17.2,33.2,0.00,0.00,100,58.12,77,29.12,98,29.9,100,78.4
15.9,33.2,0.00,0.00,100,58.12,88,29.12,98,29.9,100,78.4
15.2,33.2,0.00,0.00,100,58.12,94,29.12,98,29.9,100,78.4
17.3,33.2,0.00,0.00,100,58.12,93,29.12,97,29.9,100,78.4
15.7,33.2,0.00,0.00,100,58.12,92,29.12,98,29.9,100,78.4
15.6,33.2,0.00,0.00,100,58.12,92,29.12,98,29.9,100,78.4
16.1,33.2,0.00,0.00,100,58.12,89,29.12,98,29.9,100,78.4
15.8,33.2,0.00,0.00,100,58.12,92,29.12,98,29.9,100,78.4
19.7,33.2,0.00,0.00,100,58.12,92,29.12,97,29.9,100,78.4
13.6,33.2,0.00,0.00,100,58.12,91,29.12,94,29.9,100,78.4
14.5,31.5,0.00,0.00,100,58.12,93,29.12,0,29.9,100,78.4
12.5,31.8,0.00,0.00,99,58.12,92,29.12,0,29.9,100,78.4
12.3,31.9,0.00,0.00,100,58.12,91,29.12,0,29.9,100,78.4
14.6,32.2,0.00,0.00,100,58.12,94,29.12,0,29.9,100,78.4
12.4,32.4,0.00,0.00,100,58.12,93,29.12,0,29.9,100,78.4
12.1,32.6,0.00,0.00,98,58.12,92,29.12,0,29.9,100,78.4
14.2,32.8,0.00,0.00,99,58.12,92,29.12,0,29.9,100,78.4
34.2,33.0,0.00,0.00,100,58.12,92,29.12,0,29.9,100,78.4
18.0,33.2,0.00,0.00,100,58.12,91,29.12,98,29.9,100,78.4
15.4,33.2,0.00,0.00,100,58.12,93,29.12,96,29.9,100,78.4
17.8,33.2,0.00,0.00,100,58.12,91,29.12,99,29.9,100,78.4
16.7,33.2,0.00,0.00,100,58.12,93,29.12,96,29.9,100,78.4
14.4,33.2,0.00,0.00,100,58.12,92,29.12,94,29.9,100,78.4
17.8,33.2,0.00,0.00,100,58.12,92,29.12,96,29.9,100,78.4
16.7,33.2,0.00,0.00,100,58.12,94,29.12,96,29.9,100,78.4
15.0,33.2,0.00,0.00,100,58.12,90,29.12,98,29.9,100,78.4
14.8,33.1,0.00,0.00,100,58.12,84,29.12,98,29.9,100,78.4
16.0,33.1,0.00,0.00,100,58.12,83,29.12,97,29.9,100,78.4
16.1,33.2,0.00,0.00,100,58.12,85,29.12,98,29.9,100,78.4
14.8,33.2,0.00,0.00,100,58.12,86,29.12,98,29.9,100,78.4
14.2,33.2,0.00,0.00,100,58.12,84,29.12,96,29.9,100,78.4
15.4,33.2,0.00,0.00,100,58.12,84,29.12,98,29.9,100,78.4
18.1,33.2,0.00,0.00,100,58.12,86,29.12,99,29.9,100,78.4
15.1,33.2,0.00,0.00,100,58.12,93,29.12,99,29.9,100,78.4
16.2,33.1,0.00,0.00,100,58.12,94,29.12,98,29.9,100,78.4
17.1,33.1,0.00,0.00,100,58.12,90,29.12,96,29.9,100,78.4
14.2,33.1,0.00,0.00,100,58.12,93,29.12,97,29.9,100,78.4
15.4,33.1,0.00,0.00,100,58.12,93,29.12,99,29.9,100,78.4
16.1,33.1,0.00,0.00,100,58.12,92,29.12,97,29.9,100,78.4
15.8,33.1,0.00,0.00,100,58.12,93,29.12,99,29.9,100,78.4
16.0,33.1,0.00,0.00,100,58.12,88,29.12,98,29.9,100,78.4
15.0,33.2,0.00,0.00,100,58.12,93,29.12,96,29.9,100,78.4
16.1,33.1,0.00,0.00,100,58.12,93,29.12,98,29.9,100,78.4
15.6,33.2,0.00,0.00,100,58.12,93,29.12,99,29.9,100,78.4
15.1,33.2,0.00,0.00,100,58.12,93,29.12,95,29.9,100,78.4
16.0,33.2,0.00,0.00,100,58.12,94,29.12,95,29.9,100,78.4
16.8,33.2,0.00,0.00,100,58.12,92,29.12,96,29.9,100,78.4
13.6,33.1,0.00,0.00,100,58.12,93,29.12,98,29.9,100,78.4
13.4,31.5,0.00,0.00,100,58.12,93,29.12,17,29.9,100,78.4
12.3,30.3,0.00,0.00,99,58.12,91,29.12,0,29.9,100,78.4
10.6,30.6,0.00,0.00,99,58.12,90,29.12,0,29.9,100,78.4
44.6,31.1,0.00,0.00,100,58.12,93,29.12,0,29.9,100,78.4
13.2,31.4,0.00,0.00,100,58.12,86,29.12,0,29.9,100,78.4
11.7,31.9,0.00,0.00,100,58.12,90,29.12,0,29.9,100,78.4
12.1,32.2,0.00,0.00,100,58.12,85,29.12,0,29.9,100,78.4
35.6,32.7,0.00,0.00,100,58.12,89,29.12,0,29.9,100,78.4
12.7,33.0,0.00,0.00,100,58.12,79,29.12,0,29.9,100,78.4
19.0,33.2,0.00,0.00,100,58.12,93,29.12,95,29.9,100,78.4
16.2,33.2,0.00,0.00,100,58.12,88,29.12,95,29.9,100,78.4
15.2,33.2,0.00,0.00,100,58.12,86,29.12,95,29.9,100,78.4
15.2,33.2,0.00,0.00,100,58.12,92,29.12,96,29.9,100,78.4
15.7,33.2,0.00,0.00,100,58.12,91,29.12,96,29.9,100,78.4
16.0,33.1,0.00,0.00,100,58.12,93,29.12,98,29.9,100,78.4
15.9,33.2,0.00,0.00,100,58.12,94,29.12,95,29.9,100,78.4
16.3,33.2,0.00,0.00,100,58.12,93,29.12,98,29.9,100,78.4
16.3,33.2,0.00,0.00,100,58.12,94,29.12,97,29.9,100,78.4
16.2,33.2,0.00,0.00,100,58.12,95,29.12,98,29.9,100,78.4
14.9,33.2,0.00,0.00,100,58.12,91,29.12,99,29.9,100,78.4
16.9,33.2,0.00,0.00,100,58.12,95,29.12,98,29.9,100,78.4
17.3,33.2,0.00,0.00,100,58.12,94,29.12,96,29.9,100,78.4
15.5,33.2,0.00,0.00,100,58.12,94,29.12,97,29.9,100,78.4
15.2,33.2,0.00,0.00,100,58.12,94,29.12,97,29.9,100,78.4
17.5,33.2,0.00,0.00,100,58.12,91,29.12,97,29.9,100,78.4
16.9,33.2,0.00,0.00,100,58.12,88,29.12,99,29.9,100,78.4
16.2,33.2,0.00,0.00,100,58.12,78,29.12,85,29.9,100,78.4
16.6,33.2,0.00,0.00,100,58.12,89,29.12,50,29.9,100,78.4
18.2,33.2,0.00,0.00,100,58.12,91,29.12,45,29.9,100,78.4
16.2,33.2,0.00,0.00,100,58.12,79,29.12,58,29.9,100,78.4
14.2,33.2,0.00,0.00,100,58.12,84,29.12,98,29.9,100,78.4
15.7,33.2,0.00,0.00,100,58.12,88,29.12,93,29.9,100,78.4
16.1,33.2,0.00,0.00,99,58.12,93,29.12,97,29.9,100,78.4
19.3,33.2,0.00,0.00,100,58.12,94,29.12,98,29.9,100,78.4
15.9,33.2,0.00,0.00,100,58.12,93,29.12,98,29.9,100,78.4
16.3,33.2,0.00,0.00,100,58.12,94,29.12,98,29.9,100,78.4
15.6,33.1,0.00,0.00,100,58.12,93,29.12,99,29.9,100,78.4
17.7,33.1,0.00,0.00,100,58.12,93,29.12,97,29.9,100,78.4
15.7,33.1,0.00,0.00,100,58.12,95,29.12,98,29.9,100,78.4
14.6,33.1,0.00,0.00,100,58.12,92,29.12,98,29.9,100,78.4
15.0,33.1,0.00,0.00,100,58.12,91,29.12,97,29.9,100,78.4
18.9,33.1,0.00,0.00,100,58.12,93,29.12,43,2.67,100,78.4
12.7,28.2,0.00,0.00,100,58.12,93,29.12,2,2.67,100,78.4
10.4,28.1,0.00,0.00,100,58.12,94,29.12,0,2.67,100,78.4
11.0,28.1,0.00,0.00,100,58.12,91,29.12,0,2.67,100,78.4
12.5,28.1,0.00,0.00,100,58.12,93,29.12,0,2.67,100,78.4
9.6,28.1,0.00,0.00,100,58.12,88,29.12,0,2.67,100,78.4
11.0,28.1,0.00,0.00,100,58.12,94,29.12,0,2.67,100,78.4
11.5,28.1,0.00,0.00,100,58.12,94,29.12,0,2.67,100,78.4
9.8,28.1,0.00,0.00,100,58.12,90,29.12,0,2.67,100,78.4
10.0,28.1,0.00,0.00,100,58.12,94,29.12,0,2.67,100,78.4
10.0,28.1,0.00,0.00,100,58.12,92,29.12,0,2.67,100,78.4
11.9,28.1,0.00,0.00,100,58.12,94,29.12,0,2.67,100,78.4
10.6,28.1,0.00,0.00,100,58.12,94,29.12,0,2.67,100,78.4
10.0,28.1,0.00,0.00,100,58.12,87,29.12,0,2.67,100,78.4
13.2,28.1,0.00,0.00,100,58.12,89,29.12,0,2.67,100,78.4
11.3,28.1,0.00,0.00,100,58.12,95,29.12,0,2.67,100,78.4
9.8,28.1,0.00,0.00,100,58.12,93,29.12,0,2.67,100,78.4
9.8,28.1,0.00,0.00,100,58.12,94,29.12,0,2.67,100,78.4
11.7,28.1,0.00,0.00,100,58.12,93,29.12,0,2.67,100,78.4
10.6,28.1,0.00,0.00,100,58.12,95,29.12,0,2.67,100,78.4
10.8,28.1,0.00,0.00,100,58.12,96,29.12,0,2.67,100,78.4
10.6,28.1,0.00,0.00,100,58.12,93,29.12,0,2.67,100,78.4
10.4,28.1,0.00,0.00,100,58.12,82,29.12,0,2.67,100,78.4
9.0,28.1,0.00,0.00,100,58.12,93,29.12,0,2.67,100,78.4
11.3,28.1,0.00,0.00,100,58.12,92,29.12,0,2.67,100,78.4
9.2,28.1,0.00,0.00,100,58.12,93,29.12,0,2.67,100,78.4
26.7,26.6,0.00,0.00,16,58.12,93,29.12,0,2.67,100,78.4
37.8,26.8,0.00,0.00,0,58.12,91,29.12,0,2.67,100,78.4
10.4,27.1,0.00,0.00,0,58.12,90,29.12,0,2.67,100,78.4
10.4,27.2,0.00,0.00,0,58.12,88,29.12,0,2.67,100,78.4
9.8,27.5,0.00,0.00,0,58.12,89,29.12,0,2.67,100,78.4
9.2,27.7,0.00,0.00,0,58.12,88,29.12,0,2.67,100,78.4
9.6,27.9,0.00,0.00,0,58.12,88,29.12,0,2.67,100,78.4
9.6,28.1,0.00,0.00,0,58.12,87,29.12,0,2.67,100,78.4
9.4,28.1,0.00,0.00,100,58.12,95,29.12,0,2.67,100,78.4
11.0,28.1,0.00,0.00,100,58.12,95,29.12,0,2.67,100,78.4
11.7,28.1,0.00,0.00,100,58.12,95,29.12,0,2.67,100,78.4
10.2,28.1,0.00,0.00,100,58.12,95,29.12,0,2.67,100,78.4
11.2,28.1,0.00,0.00,100,58.12,94,29.12,0,2.67,100,78.4
11.5,28.1,0.00,0.00,100,58.12,95,29.12,0,2.67,100,78.4
11.0,28.1,0.00,0.00,100,58.12,96,29.12,0,2.67,100,78.4
12.3,28.1,0.00,0.00,99,58.12,95,29.12,0,2.67,100,78.4
8.9,28.1,0.00,0.00,99,58.12,92,29.12,0,2.67,100,78.4
9.8,28.1,0.00,0.00,99,58.12,93,29.12,0,2.67,100,78.4
11.3,28.1,0.00,0.00,100,58.12,94,29.12,0,2.67,100,78.4
10.8,28.1,0.00,0.00,100,58.12,95,29.12,0,2.67,100,78.4
12.5,28.1,0.00,0.00,100,58.12,94,29.12,0,2.67,100,78.4
11.1,28.1,0.00,0.00,100,58.12,94,29.12,0,2.67,100,78.4
11.5,28.1,0.00,0.00,100,58.12,92,29.12,0,2.67,100,78.4
11.9,28.1,0.00,0.00,100,58.12,92,29.12,0,2.67,100,78.4
9.4,28.1,0.00,0.00,100,58.12,93,29.12,0,2.67,100,78.4
11.6,28.1,0.00,0.00,100,58.12,91,29.12,0,2.67,100,78.4
10.6,28.1,0.00,0.00,100,58.12,92,29.12,0,2.67,100,78.4
10.7,28.1,0.00,0.00,100,58.12,95,29.12,0,2.67,100,78.4
10.0,28.1,0.00,0.00,100,58.12,89,29.12,0,2.67,100,78.4
11.1,28.1,0.00,0.00,100,58.12,92,29.12,0,2.67,100,78.4
11.9,28.1,0.00,0.00,100,58.12,93,29.12,0,2.67,100,78.4
9.8,28.1,0.00,0.00,100,58.12,94,29.12,0,2.67,100,78.4
10.1,28.1,0.00,0.00,100,58.12,94,29.12,0,2.67,100,78.4
10.4,28.1,0.00,0.00,100,58.12,94,29.12,0,2.67,100,78.4
15.4,28.1,0.00,0.00,100,58.12,92,29.12,0,2.67,100,78.4
10.8,28.1,0.00,0.00,100,58.12,94,29.12,0,2.67,100,78.4
8.3,28.1,0.00,0.00,100,58.12,93,29.12,0,2.67,100,78.4
12.7,28.1,0.00,0.00,100,58.12,92,29.12,0,2.67,100,78.4
11.8,28.1,0.00,0.00,100,58.12,93,29.12,0,2.67,100,78.4
10.2,28.1,0.00,0.00,99,58.12,91,29.12,0,2.67,100,78.4
10.2,28.1,0.00,0.00,100,58.12,94,29.12,0,2.67,100,78.4
10.0,28.1,0.00,0.00,99,58.12,93,29.12,0,2.67,100,78.4
12.1,28.1,0.00,0.00,100,58.12,94,29.12,0,2.67,100,78.4
11.0,28.1,0.00,0.00,100,58.12,96,29.12,0,2.67,100,78.4
9.6,28.1,0.00,0.00,100,58.12,89,29.12,0,2.67,100,78.4
12.3,28.1,0.00,0.00,100,58.12,95,29.12,0,2.67,100,78.4
11.9,28.1,0.00,0.00,100,58.12,92,29.12,0,2.67,100,78.4
11.0,28.1,0.00,0.00,100,58.12,92,29.12,0,2.67,100,78.4
10.4,28.1,0.00,0.00,100,58.12,92,29.12,0,2.67,100,78.4
10.2,28.1,0.00,0.00,100,58.12,96,29.12,0,2.67,100,78.4
14.9,28.1,0.00,0.00,100,58.12,89,29.12,0,2.67,100,78.4
10.0,28.1,0.00,0.00,100,58.12,84,29.12,0,2.67,100,78.4
10.4,28.1,0.00,0.00,100,58.12,87,29.12,0,2.67,100,78.4
9.3,28.1,0.00,0.00,100,58.12,89,29.12,0,2.67,100,78.4
10.6,26.6,0.00,0.00,98,58.12,0,29.12,0,2.67,100,78.4
10.0,26.8,0.00,0.00,100,58.12,0,29.12,0,2.67,100,78.4
10.6,27.0,0.00,0.00,100,58.12,0,29.12,0,2.67,100,78.4
10.6,27.2,0.00,0.00,100,58.12,0,29.12,0,2.67,100,78.4
10.4,27.5,0.00,0.00,100,58.12,0,29.12,0,2.67,100,78.4
10.4,27.6,0.00,0.00,99,58.12,0,29.12,0,2.67,100,78.4
16.3,27.9,0.00,0.00,100,58.12,0,29.12,0,2.67,85,78.4
11.0,26.6,0.00,0.00,100,58.12,0,29.12,0,2.67,86,78.4
14.6,26.9,0.00,0.00,100,58.12,91,29.12,0,2.67,89,78.4
15.0,27.2,0.00,0.00,97,58.12,86,29.12,0,2.67,92,78.4
15.0,27.3,0.00,0.00,100,58.12,86,29.12,0,2.67,92,78.4
11.2,27.5,0.00,0.00,99,58.12,82,29.12,0,2.67,94,78.4
9.2,27.6,0.00,0.00,100,58.12,86,29.12,0,2.67,94,78.4
11.3,27.9,0.00,0.00,100,58.12,83,29.12,0,2.67,90,78.4
11.8,28.1,0.00,0.00,100,58.12,88,29.12,0,2.67,92,78.4
11.8,28.1,0.00,0.00,100,58.12,93,29.12,0,2.67,100,78.4
10.8,28.1,0.00,0.00,100,58.12,91,29.12,0,2.67,100,78.4
11.2,28.1,0.00,0.00,100,58.12,93,29.12,0,2.67,100,78.4
10.3,28.1,0.00,0.00,100,58.12,92,29.12,0,2.67,100,78.4
11.4,28.1,0.00,0.00,100,58.12,92,29.12,0,2.67,100,78.4
9.6,28.1,0.00,0.00,100,58.12,94,29.12,0,2.67,100,78.4
11.6,28.1,0.00,0.00,100,58.12,93,29.12,0,2.67,100,78.4
13.0,28.1,0.00,0.00,100,58.12,91,29.12,0,2.67,100,78.4
10.2,28.1,0.00,0.00,100,58.12,94,29.12,0,2.67,100,78.4
9.6,28.1,0.00,0.00,100,58.12,94,29.12,0,2.67,100,78.4
13.4,28.1,0.00,0.00,100,58.12,92,29.12,0,2.67,100,78.4
10.6,28.1,0.00,0.00,100,58.12,92,29.12,0,2.67,100,78.4
11.4,28.1,0.00,0.00,100,58.12,94,29.12,0,2.67,100,78.4
10.2,28.1,0.00,0.00,100,58.12,91,29.12,0,2.67,100,78.4
11.5,28.1,0.00,0.00,100,58.12,91,29.12,0,2.67,100,78.4
9.0,28.1,0.00,0.00,100,58.12,93,29.12,0,2.67,100,78.4
11.0,28.1,0.00,0.00,100,58.12,93,29.12,0,2.67,100,78.4
11.0,28.1,0.00,0.00,100,58.12,92,29.12,0,2.67,100,78.4
10.2,28.1,0.00,0.00,100,58.12,93,29.12,0,2.67,100,78.4
9.4,28.1,0.00,0.00,100,58.12,92,29.12,0,2.67,100,78.4
13.6,28.1,0.00,0.00,100,58.12,93,29.12,0,2.67,100,78.4
11.9,28.1,0.00,0.00,100,58.12,94,29.12,0,2.67,100,78.4
9.8,28.1,0.00,0.00,100,58.12,94,29.12,0,2.67,100,78.4
10.0,28.1,0.00,0.00,100,58.12,92,29.12,0,2.67,100,78.4
11.7,28.1,0.00,0.00,100,58.12,94,29.12,0,2.67,100,78.4
10.4,28.1,0.00,0.00,100,58.12,93,29.12,0,2.67,100,78.4
8.7,28.1,0.00,0.00,99,58.12,93,29.12,0,2.67,100,78.4
11.7,28.1,0.00,0.00,99,58.12,96,29.12,0,2.67,100,78.4
9.4,28.1,0.00,0.00,100,58.12,94,29.12,0,2.67,100,78.4
12.3,28.1,0.00,0.00,100,58.12,93,29.12,0,2.67,100,78.4
8.9,28.1,0.00,0.00,100,58.12,93,29.12,0,2.67,100,78.4
11.5,28.1,0.00,0.00,99,58.12,90,29.12,0,2.67,100,78.4
12.3,28.1,0.00,0.00,100,58.12,91,29.12,0,2.67,100,78.4
12.9,28.1,0.00,0.00,100,58.12,93,29.12,0,2.67,100,78.4
10.0,28.1,0.00,0.00,100,58.12,94,29.12,0,2.67,100,78.4
10.4,28.1,0.00,0.00,100,58.12,95,29.12,0,2.67,100,78.4
11.5,28.1,0.00,0.00,100,58.12,93,29.12,0,2.67,100,78.4
11.1,28.1,0.00,0.00,100,58.12,92,29.12,0,2.67,100,78.4
9.8,28.1,0.00,0.00,100,58.12,95,29.12,0,2.67,100,78.4
11.0,28.1,0.00,0.00,100,58.12,93,29.12,0,2.67,100,78.4
10.0,28.1,0.00,0.00,100,58.12,95,29.12,0,2.67,100,78.4
11.0,28.1,0.00,0.00,100,58.12,95,29.12,0,2.67,100,78.4
10.6,28.1,0.00,0.00,100,58.12,95,29.12,0,2.67,100,78.4
11.8,28.1,0.00,0.00,100,58.12,93,29.12,0,2.67,100,78.4
9.4,28.1,0.00,0.00,100,58.12,96,29.12,0,2.67,100,78.4
11.3,28.1,0.00,0.00,100,58.12,95,29.12,0,2.67,100,78.4
11.7,28.1,0.00,0.00,100,58.12,93,29.12,0,2.67,100,78.4
10.8,28.1,0.00,0.00,100,58.12,95,29.12,0,2.67,100,78.4
8.8,28.1,0.00,0.00,100,58.12,96,29.12,0,2.67,100,78.4
12.9,28.1,0.00,0.00,100,58.12,94,29.12,0,2.67,100,78.4
10.8,28.1,0.00,0.00,100,58.12,95,29.12,0,2.67,100,78.4
9.6,26.5,0.00,0.00,100,58.12,95,29.12,0,2.67,100,78.4
10.1,26.7,0.00,0.00,99,58.12,93,29.12,0,2.67,100,78.4
11.4,26.9,0.00,0.00,99,58.12,92,29.12,0,2.67,100,78.4
9.6,27.1,0.00,0.00,100,58.12,81,29.12,0,2.67,100,78.4
11.9,27.4,0.00,0.00,100,58.12,93,29.12,0,2.67,100,78.4
29.0,27.6,0.00,0.00,100,58.12,92,29.12,0,2.67,100,78.4
35.9,27.8,0.00,0.00,100,58.12,89,29.12,0,2.67,100,78.4
68.9,28.0,0.00,0.00,100,58.12,94,29.12,0,2.67,100,78.4
10.4,28.1,0.00,0.00,100,58.12,92,29.12,0,2.67,100,78.4
10.6,28.1,0.00,0.00,100,58.12,94,29.12,0,2.67,100,78.4
10.4,28.1,0.00,0.00,100,58.12,93,29.12,0,2.67,100,78.4
10.6,28.1,0.00,0.00,100,58.12,90,29.12,0,2.67,100,78.4
9.8,28.1,0.00,0.00,100,58.12,95,29.12,0,2.67,100,78.4
12.1,28.1,0.00,0.00,100,58.12,92,29.12,0,2.67,100,78.4
12.3,28.1,0.00,0.00,99,58.12,93,29.12,0,2.67,100,78.4
11.5,28.1,0.00,0.00,100,58.12,86,29.12,0,2.67,100,78.4
11.0,28.1,0.00,0.00,100,58.12,86,29.12,0,2.67,100,78.4
11.9,28.1,0.00,0.00,100,58.12,87,29.12,0,2.67,100,78.4
12.1,28.1,0.00,0.00,100,58.12,85,29.12,0,2.67,100,78.4
10.8,28.1,0.00,0.00,100,58.12,91,29.12,0,2.67,100,78.4
10.2,28.1,0.00,0.00,99,58.12,91,29.12,0,2.67,100,78.4
9.0,28.1,0.00,0.00,100,58.12,92,29.12,0,2.67,100,78.4
11.7,28.1,0.00,0.00,100,58.12,95,29.12,0,2.67,100,78.4
10.4,28.1,0.00,0.00,100,58.12,93,29.12,0,2.67,100,78.4
11.2,28.1,0.00,0.00,100,58.12,94,29.12,0,2.67,100,78.4
10.0,28.1,0.00,0.00,100,58.12,93,29.12,0,2.67,100,78.4
11.7,28.1,0.00,0.00,100,58.12,95,29.12,0,2.67,100,78.4
11.7,28.1,0.00,0.00,100,58.12,95,29.12,0,2.67,100,78.4
12.8,28.1,0.00,0.00,100,58.12,93,29.12,0,2.67,100,78.4
9.0,28.1,0.00,0.00,100,58.12,92,29.12,0,2.67,100,78.4
11.2,28.1,0.00,0.00,100,58.12,94,29.12,0,2.67,100,78.4
10.2,28.1,0.00,0.00,100,58.12,93,29.12,0,2.67,100,78.4
11.5,28.1,0.00,0.00,100,58.12,94,29.12,0,2.67,100,78.4
10.2,28.1,0.00,0.00,100,58.12,94,29.12,0,2.67,100,78.4
10.6,28.1,0.00,0.00,100,58.12,94,29.12,0,2.67,100,78.4
9.4,28.1,0.00,0.00,100,58.12,94,29.12,0,2.67,100,78.4
12.0,28.1,0.00,0.00,100,58.12,95,29.12,0,2.67,100,78.4
10.0,28.1,0.00,0.00,100,58.12,95,29.12,0,2.67,100,78.4
11.1,28.1,0.00,0.00,100,58.12,95,29.12,0,2.67,100,78.4
8.7,28.1,0.00,0.00,100,58.12,94,29.12,0,2.67,100,78.4
11.7,28.1,0.00,0.00,100,58.12,95,29.12,0,2.67,100,78.4
10.4,28.1,0.00,0.00,100,58.12,93,29.12,0,2.67,100,78.4
9.8,28.1,0.00,0.00,100,58.12,96,29.12,0,2.67,100,78.4
10.3,28.1,0.00,0.00,100,58.12,94,29.12,0,2.67,100,78.4
12.9,28.1,0.00,0.00,100,58.12,92,29.12,0,2.67,100,78.4
13.9,28.1,0.00,0.00,100,58.12,94,29.12,0,2.67,100,78.4
13.6,28.1,0.00,0.00,100,58.12,91,29.12,0,2.67,100,78.4
11.0,28.1,0.00,0.00,100,58.12,95,29.12,0,2.67,100,78.4
10.0,28.1,0.00,0.00,100,58.12,95,29.12,0,2.67,100,78.4
12.4,28.1,0.00,0.00,100,58.12,92,29.12,0,2.67,100,78.4
11.3,28.1,0.00,0.00,100,58.12,95,29.12,0,2.67,100,78.4
9.0,26.4,0.00,0.00,36,2.67,89,29.12,0,2.67,100,78.4
6.4,23.1,0.00,0.00,0,2.67,95,29.12,0,2.67,100,78.4
8.7,23.1,0.00,0.00,0,2.67,94,29.12,0,2.67,100,78.4
9.0,23.1,0.00,0.00,0,2.67,94,29.12,0,2.67,100,78.4
6.8,23.1,0.00,0.00,0,2.67,95,29.12,0,2.67,100,78.4
7.9,23.1,0.00,0.00,0,2.67,93,29.12,0,2.67,100,78.4
8.3,23.1,0.00,0.00,0,2.67,91,29.12,0,2.67,100,78.4
9.0,23.1,0.00,0.00,0,2.67,94,29.12,0,2.67,100,78.4
7.9,23.1,0.00,0.00,0,2.67,95,29.12,0,2.67,100,78.4
7.9,23.1,0.00,0.00,0,2.67,92,29.12,0,2.67,100,78.4
6.5,23.1,0.00,0.00,0,2.67,95,29.12,0,2.67,100,78.4
9.8,23.1,0.00,0.00,0,2.67,95,29.12,0,2.67,100,78.4
6.3,23.1,0.00,0.00,0,2.67,93,29.12,0,2.67,100,78.4
8.7,23.1,0.00,0.00,0,2.67,94,29.12,0,2.67,100,78.4
8.3,23.1,0.00,0.00,0,2.67,94,29.12,0,2.67,100,78.4
8.1,23.1,0.00,0.00,0,2.67,92,29.12,0,2.67,100,78.4
7.7,23.1,0.00,0.00,0,2.67,95,29.12,0,2.67,100,78.4
8.7,23.1,0.00,0.00,0,2.67,95,29.12,0,2.67,100,78.4
8.1,23.1,0.00,0.00,0,2.67,93,29.12,0,2.67,100,78.4
9.8,23.1,0.00,0.00,0,2.67,94,29.12,0,2.67,100,78.4
6.7,23.1,0.00,0.00,0,2.67,95,29.12,0,2.67,100,78.4
9.5,23.1,0.00,0.00,0,2.67,94,29.12,0,2.67,100,78.4
8.1,23.1,0.00,0.00,0,2.67,93,29.12,0,2.67,100,78.4
8.1,23.1,0.00,0.00,0,2.67,94,29.12,0,2.67,100,78.4
7.7,23.1,0.00,0.00,0,2.67,92,29.12,0,2.67,100,78.4
7.1,23.1,0.00,0.00,0,2.67,93,29.12,0,2.67,100,78.4
9.5,23.1,0.00,0.00,0,2.67,96,29.12,0,2.67,100,78.4
7.9,23.1,0.00,0.00,0,2.67,95,29.12,0,2.67,100,78.4
7.3,23.1,0.00,0.00,0,2.67,95,29.12,0,2.67,100,78.4
9.4,23.1,0.00,0.00,0,2.67,95,29.12,0,2.67,100,78.4
9.7,23.1,0.00,0.00,0,2.67,95,29.12,0,2.67,100,78.4
7.5,23.1,0.00,0.00,0,2.67,94,29.12,0,2.67,100,78.4
9.4,23.1,0.00,0.00,0,2.67,94,29.12,0,2.67,100,78.4
7.5,23.1,0.00,0.00,0,2.67,94,29.12,0,2.67,100,78.4
7.9,23.1,0.00,0.00,0,2.67,93,29.12,0,2.67,100,78.4
6.5,23.1,0.00,0.00,0,2.67,94,29.12,0,2.67,100,78.4
9.4,23.1,0.00,0.00,0,2.67,94,29.12,0,2.67,100,78.4
8.1,23.1,0.00,0.00,0,2.67,93,29.12,0,2.67,100,78.4
7.9,23.1,0.00,0.00,0,2.67,92,29.12,0,2.67,100,78.4
7.3,23.1,0.00,0.00,0,2.67,94,29.12,0,2.67,100,78.4
9.0,23.1,0.00,0.00,0,2.67,93,29.12,0,2.67,100,78.4
8.6,23.1,0.00,0.00,0,2.67,92,29.12,0,2.67,100,78.4
7.1,23.1,0.00,0.00,0,2.67,94,29.12,0,2.67,100,78.4
7.5,23.1,0.00,0.00,0,2.67,94,29.12,0,2.67,100,78.4
9.6,23.1,0.00,0.00,0,2.67,93,29.12,0,2.67,100,78.4
7.3,23.1,0.00,0.00,0,2.67,93,29.12,0,2.67,100,78.4
6.9,23.1,0.00,0.00,0,2.67,93,29.12,0,2.67,100,78.4
6.9,23.1,0.00,0.00,0,2.67,91,29.12,0,2.67,100,78.4
9.2,23.1,0.00,0.00,0,2.67,94,29.12,0,2.67,100,78.4
8.1,23.1,0.00,0.00,0,2.67,95,29.12,0,2.67,100,78.4
8.5,23.1,0.00,0.00,0,2.67,93,29.12,0,2.67,100,78.4
8.8,23.1,0.00,0.00,0,2.67,92,29.12,0,2.67,100,78.4
7.7,23.1,0.00,0.00,0,2.67,95,29.12,0,2.67,100,78.4
9.5,23.1,0.00,0.00,0,2.67,94,29.12,0,2.67,100,78.4
9.2,23.1,0.00,0.00,0,2.67,93,29.12,0,2.67,100,78.4
6.7,23.1,0.00,0.00,0,2.67,93,29.12,0,2.67,100,78.4
7.5,23.1,0.00,0.00,0,2.67,94,29.12,0,2.67,100,78.4
10.3,23.1,0.00,0.00,0,2.67,92,29.12,0,2.67,100,78.4
7.5,23.1,0.00,0.00,0,2.67,93,29.12,0,2.67,100,78.4
7.7,23.1,0.00,0.00,0,2.67,94,29.12,0,2.67,100,78.4
9.6,23.1,0.00,0.00,0,2.67,95,29.12,0,2.67,100,78.4
8.1,23.1,0.00,0.00,0,2.67,95,29.12,0,2.67,100,78.4
6.3,23.1,0.00,0.00,0,2.67,93,29.12,0,2.67,100,78.4
8.7,23.1,0.00,0.00,0,2.67,95,29.12,0,2.67,100,78.4
9.8,23.1,0.00,0.00,0,2.67,93,29.12,0,2.67,100,78.4
6.5,23.1,0.00,0.00,0,2.67,95,29.12,0,2.67,100,78.4
8.1,23.1,0.00,0.00,0,2.67,93,29.12,0,2.67,100,78.4
7.7,23.1,0.00,0.00,0,2.67,93,29.12,0,2.67,100,78.4
7.3,23.1,0.00,0.00,0,2.67,94,29.12,0,2.67,100,78.4
7.5,23.1,0.00,0.00,0,2.67,93,29.12,0,2.67,100,78.4
10.2,23.1,0.00,0.00,0,2.67,92,29.12,0,2.67,100,78.4
10.0,23.1,0.00,0.00,0,2.67,94,29.12,0,2.67,100,78.4
7.7,23.1,0.00,0.00,0,2.67,94,29.12,0,2.67,100,78.4
6.3,23.1,0.00,0.00,0,2.67,95,29.12,0,2.67,100,78.4
14.3,23.1,0.00,0.00,0,2.67,48,29.12,0,2.67,100,78.4
6.7,21.6,0.00,0.00,0,2.67,0,29.12,0,2.67,100,78.4
6.7,21.8,0.00,0.00,0,2.67,0,29.12,0,2.67,100,78.4
8.1,22.1,0.00,0.00,0,2.67,0,29.12,0,2.67,100,78.4
7.9,22.3,0.00,0.00,0,2.67,0,29.12,0,2.67,100,78.4
7.1,22.5,0.00,0.00,0,2.67,0,29.12,0,2.67,100,78.4
8.1,22.7,0.00,0.00,0,2.67,0,29.12,0,2.67,100,78.4
8.6,22.9,0.00,0.00,0,2.67,0,29.12,0,2.67,100,78.4
6.5,23.1,0.00,0.00,0,2.67,20,29.12,0,2.67,100,78.4
9.0,23.1,0.00,0.00,0,2.67,86,29.12,0,2.67,100,78.4
7.5,23.1,0.00,0.00,0,2.67,86,29.12,0,2.67,100,78.4
7.5,23.1,0.00,0.00,0,2.67,87,29.12,0,2.67,100,78.4
7.7,23.1,0.00,0.00,0,2.67,91,29.12,0,2.67,100,78.4
8.1,23.1,0.00,0.00,0,2.67,89,29.12,0,2.67,100,78.4
10.6,23.1,0.00,0.00,0,2.67,86,29.12,0,2.67,100,78.4
6.5,23.1,0.00,0.00,0,2.67,87,29.12,0,2.67,100,78.4
7.7,23.1,0.00,0.00,0,2.67,87,29.12,0,2.67,100,78.4
9.6,23.1,0.00,0.00,0,2.67,89,29.12,0,2.67,100,78.4
7.1,23.1,0.00,0.00,0,2.67,90,29.12,0,2.67,100,78.4
7.2,23.1,0.00,0.00,0,2.67,88,29.12,0,2.67,100,78.4
9.1,23.1,0.00,0.00,0,2.67,89,29.12,0,2.67,100,78.4
9.2,23.1,0.00,0.00,0,2.67,92,29.12,0,2.67,100,78.4
9.9,23.1,0.00,0.00,0,2.67,88,29.12,0,2.67,100,78.4
11.9,23.1,0.00,0.00,0,2.67,81,29.12,0,2.67,100,78.4
11.3,23.1,0.00,0.00,0,2.67,87,29.12,0,2.67,100,78.4
6.9,23.1,0.00,0.00,0,2.67,89,29.12,0,2.67,100,78.4
7.3,23.1,0.00,0.00,0,2.67,89,29.12,0,2.67,100,78.4
7.9,23.1,0.00,0.00,0,2.67,89,29.12,0,2.67,100,78.4
8.7,23.1,0.00,0.00,0,2.67,89,29.12,0,2.67,100,78.4
7.7,23.1,0.00,0.00,0,2.67,88,29.12,0,2.67,100,78.4
7.5,23.1,0.00,0.00,0,2.67,88,29.12,0,2.67,100,78.4
9.0,23.1,0.00,0.00,0,2.67,91,29.12,0,2.67,100,78.4
6.9,23.1,0.00,0.00,0,2.67,90,29.12,0,2.67,100,78.4
7.7,23.0,0.00,0.00,0,2.67,91,29.12,0,2.67,100,78.4
10.6,23.1,0.00,0.00,0,2.67,90,29.12,0,2.67,100,78.4
7.9,23.1,0.00,0.00,0,2.67,91,29.12,0,2.67,100,78.4
9.0,23.1,0.00,0.00,0,2.67,92,29.12,0,2.67,100,78.4
8.1,23.1,0.00,0.00,0,2.67,92,29.12,0,2.67,100,78.4
6.9,23.1,0.00,0.00,0,2.67,92,29.12,0,2.67,100,78.4
7.9,23.1,0.00,0.00,0,2.67,89,29.12,0,2.67,100,78.4
9.0,23.1,0.00,0.00,0,2.67,90,29.12,0,2.67,100,78.4
7.9,23.1,0.00,0.00,0,2.67,80,29.12,0,2.67,100,78.4
7.5,23.1,0.00,0.00,0,2.67,84,29.12,0,2.67,100,78.4
7.5,23.1,0.00,0.00,0,2.67,89,29.12,0,2.67,100,78.4
8.3,23.1,0.00,0.00,0,2.67,88,29.12,0,2.67,100,78.4
6.4,23.1,0.00,0.00,0,2.67,90,29.12,0,2.67,100,78.4
7.1,23.1,0.00,0.00,0,2.67,91,29.12,0,2.67,100,78.4
10.2,23.1,0.00,0.00,0,2.67,92,29.12,0,2.67,100,78.4
7.5,23.1,0.00,0.00,0,2.67,90,29.12,0,2.67,100,78.4
6.9,23.1,0.00,0.00,0,2.67,90,29.12,0,2.67,100,78.4
8.3,23.1,0.00,0.00,0,2.67,91,29.12,0,2.67,100,78.4
6.7,23.1,0.00,0.00,0,2.67,91,29.12,0,2.67,100,78.4
8.9,23.1,0.00,0.00,0,2.67,91,29.12,0,2.67,100,78.4
9.6,23.1,0.00,0.00,0,2.67,87,29.12,0,2.67,100,78.4
7.5,23.1,0.00,0.00,0,2.67,90,29.12,0,2.67,100,78.4
6.9,23.1,0.00,0.00,0,2.67,91,29.12,0,2.67,100,78.4
9.2,23.1,0.00,0.00,0,2.67,90,29.12,0,2.67,100,78.4
7.9,23.1,0.00,0.00,0,2.67,89,29.12,0,2.67,100,78.4
8.5,23.1,0.00,0.00,0,2.67,88,29.12,0,2.67,100,78.4
10.2,23.1,0.00,0.00,0,2.67,91,29.12,0,2.67,100,78.4
7.2,23.1,0.00,0.00,0,2.67,74,29.12,0,2.67,100,78.4
6.3,23.1,0.00,0.00,0,2.67,74,29.12,0,2.67,100,78.4
8.1,23.1,0.00,0.00,0,2.67,76,29.12,0,2.67,100,78.4
7.5,23.1,0.00,0.00,0,2.67,83,29.12,0,2.67,100,64.03
6.3,18.4,0.00,0.00,0,2.67,85,29.12,0,2.67,100,64.03
6.6,18.1,0.00,0.00,0,2.67,89,29.12,0,2.67,100,64.03
6.0,18.0,0.00,0.00,0,2.67,89,29.12,0,2.67,100,64.03
5.2,18.0,0.00,0.00,0,2.67,90,29.12,0,2.67,100,64.03
7.6,18.0,0.00,0.00,0,2.67,87,29.12,0,2.67,100,64.03
6.2,18.0,0.00,0.00,0,2.67,87,29.12,0,2.67,100,64.03
4.6,18.0,0.00,0.00,0,2.67,89,29.12,0,2.67,100,64.03
5.4,18.0,0.00,0.00,0,2.67,90,29.12,0,2.67,100,64.03
6.3,18.0,0.00,0.00,0,2.67,88,29.12,0,2.67,100,64.03
7.1,18.0,0.00,0.00,0,2.67,83,29.12,0,2.67,100,64.03
6.9,18.0,0.00,0.00,0,2.67,79,29.12,0,2.67,100,64.03
6.4,18.0,0.00,0.00,0,2.67,83,29.12,0,2.67,100,64.03
8.5,18.0,0.00,0.00,0,2.67,80,29.12,0,2.67,100,64.03
7.1,18.0,0.00,0.00,0,2.67,79,29.12,0,2.67,100,64.03
6.0,18.0,0.00,0.00,0,2.67,83,29.12,0,2.67,100,64.03
7.5,18.0,0.00,0.00,0,2.67,78,29.12,0,2.67,100,64.03
5.6,18.0,0.00,0.00,0,2.67,81,29.12,0,2.67,100,64.03
6.3,18.0,0.00,0.00,0,2.67,78,29.12,0,2.67,100,64.03
7.5,18.0,0.00,0.00,0,2.67,82,29.12,0,2.67,100,64.03
5.8,18.0,0.00,0.00,0,2.67,81,29.12,0,2.67,100,64.03
5.8,18.0,0.00,0.00,0,2.67,82,29.12,0,2.67,100,64.03
6.7,18.0,0.00,0.00,0,2.67,80,29.12,0,2.67,100,64.03
4.4,18.0,0.00,0.00,0,2.67,88,29.12,0,2.67,100,64.03
8.4,18.0,0.00,0.00,0,2.67,88,29.12,0,2.67,100,64.03
5.0,18.0,0.00,0.00,0,2.67,87,29.12,0,2.67,100,64.03
4.2,18.0,0.00,0.00,0,2.67,88,29.12,0,2.67,100,64.03
7.3,18.0,0.00,0.00,0,2.67,88,29.12,0,2.67,100,64.03
5.0,18.0,0.00,0.00,0,2.67,86,29.12,0,2.67,100,64.03
6.7,18.0,0.00,0.00,0,2.67,87,29.12,0,2.67,100,64.03
8.3,18.0,0.00,0.00,0,2.67,88,29.12,0,2.67,100,64.03
4.8,18.0,0.00,0.00,0,2.67,89,29.12,0,2.67,100,64.03
5.4,18.0,0.00,0.00,0,2.67,90,29.12,0,2.67,100,64.03
5.9,18.0,0.00,0.00,0,2.67,89,29.12,0,2.67,100,64.03
6.0,18.0,0.00,0.00,0,2.67,90,29.12,0,2.67,100,64.03
6.4,18.0,0.00,0.00,0,2.67,89,29.12,0,2.67,100,64.03
5.4,18.0,0.00,0.00,0,2.67,89,29.12,0,2.67,100,64.03
5.6,18.0,0.00,0.00,0,2.67,88,29.12,0,2.67,100,64.03
5.8,18.0,0.00,0.00,0,2.67,90,29.12,0,2.67,100,64.03
5.0,18.0,0.00,0.00,0,2.67,85,29.12,0,2.67,100,64.03
6.7,18.0,0.00,0.00,0,2.67,86,29.12,0,2.67,100,64.03
6.6,18.0,0.00,0.00,0,2.67,86,29.12,0,2.67,100,64.03
4.6,18.0,0.00,0.00,0,2.67,87,29.12,0,2.67,100,64.03
5.8,18.0,0.00,0.00,0,2.67,90,29.12,0,2.67,100,64.03
6.9,18.0,0.00,0.00,0,2.67,88,29.12,0,2.67,100,64.03
5.6,18.0,0.00,0.00,0,2.67,88,29.12,0,2.67,100,64.03
4.4,18.0,0.00,0.00,0,2.67,88,29.12,0,2.67,100,64.03
4.4,18.0,0.00,0.00,0,2.67,88,29.12,0,2.67,100,64.03
12.2,18.1,0.00,0.00,0,2.67,92,29.12,0,2.67,11,2.67
2.1,13.0,0.00,0.00,0,2.67,80,29.12,0,2.67,0,2.67
2.1,13.0,0.00,0.00,0,2.67,81,29.12,0,2.67,0,2.67
2.7,13.0,0.00,0.00,0,2.67,91,29.12,0,2.67,0,2.67
3.3,13.0,0.00,0.00,0,2.67,88,29.12,0,2.67,0,2.67
3.1,13.0,0.00,0.00,0,2.67,89,29.12,0,2.67,0,2.67
3.3,13.0,0.00,0.00,0,2.67,89,29.12,0,2.67,0,2.67
4.0,13.0,0.00,0.00,0,2.67,89,29.12,0,2.67,0,2.67
2.7,13.0,0.00,0.00,0,2.67,89,29.12,0,2.67,0,2.67
2.5,13.0,0.00,0.00,0,2.67,86,29.12,0,2.67,0,2.67
4.0,13.0,0.00,0.00,0,2.67,88,29.12,0,2.67,0,2.67
2.3,13.0,0.00,0.00,0,2.67,88,29.12,0,2.67,0,2.67
2.3,13.0,0.00,0.00,0,2.67,79,29.12,0,2.67,0,2.67
2.3,13.0,0.00,0.00,0,2.67,80,29.12,0,2.67,0,2.67
2.1,13.0,0.00,0.00,0,2.67,78,29.12,0,2.67,0,2.67
6.3,13.0,0.00,0.00,0,2.67,78,29.12,0,2.67,0,2.67
6.7,13.0,0.00,0.00,0,2.67,70,29.12,0,2.67,0,2.67
2.3,13.0,0.00,0.00,0,2.67,72,29.12,0,2.67,0,2.67
3.6,13.0,0.00,0.00,0,2.67,73,29.12,0,2.67,0,2.67
4.2,13.0,0.00,0.00,0,2.67,83,29.12,0,2.67,0,2.67
2.3,13.0,0.00,0.00,0,2.67,87,29.12,0,2.67,0,2.67
2.5,13.0,0.00,0.00,0,2.67,89,29.12,0,2.67,0,2.67
3.1,13.0,0.00,0.00,0,2.67,91,29.12,0,2.67,0,2.67
2.3,13.0,0.00,0.00,0,2.67,91,29.12,0,2.67,0,2.67
4.4,13.0,0.00,0.00,0,2.67,91,29.12,0,2.67,0,2.67
3.8,13.0,0.00,0.00,0,2.67,91,29.12,0,2.67,0,2.67
4.2,13.0,0.00,0.00,0,2.67,90,29.12,0,2.67,0,2.67
2.5,13.0,0.00,0.00,0,2.67,90,29.12,0,2.67,0,2.67
3.3,13.0,0.00,0.00,0,2.67,89,29.12,0,2.67,0,2.67
2.7,13.0,0.00,0.00,0,2.67,90,29.12,0,2.67,0,2.67
2.7,13.0,0.00,0.00,0,2.67,89,29.12,0,2.67,0,2.67
2.9,13.0,0.00,0.00,0,2.67,93,29.12,0,2.67,0,2.67
2.3,13.0,0.00,0.00,0,2.67,93,29.12,0,2.67,0,2.67
3.8,13.0,0.00,0.00,0,2.67,92,29.12,0,2.67,0,2.67
2.5,13.0,0.00,0.00,0,2.67,92,29.12,0,2.67,0,2.67
4.4,13.0,0.00,0.00,0,2.67,88,29.12,0,2.67,0,2.67
2.5,13.0,0.00,0.00,0,2.67,88,29.12,0,2.67,0,2.67
3.3,13.0,0.00,0.00,0,2.67,89,29.12,0,2.67,0,2.67
2.5,13.0,0.00,0.00,0,2.67,88,29.12,0,2.67,0,2.67
2.5,13.0,0.00,0.00,0,2.67,89,29.12,0,2.67,0,2.67
2.9,13.0,0.00,0.00,0,2.67,92,29.12,0,2.67,0,2.67
2.3,13.0,0.00,0.00,0,2.67,91,29.12,0,2.67,0,2.67
4.1,13.0,0.00,0.00,0,2.67,91,29.12,0,2.67,0,2.67
2.5,13.0,0.00,0.00,0,2.67,90,29.12,0,2.67,0,2.67
5.8,13.0,0.00,0.00,0,2.67,89,29.12,0,2.67,0,2.67
2.9,13.0,0.00,0.00,0,2.67,90,29.12,0,2.67,0,2.67
4.0,13.0,0.00,0.00,0,2.67,89,29.12,0,2.67,0,2.67
2.3,13.0,0.00,0.00,0,2.67,90,29.12,0,2.67,0,2.67
2.7,13.0,0.00,0.00,0,2.67,87,29.12,0,2.67,0,2.67
3.3,13.0,0.00,0.00,0,2.67,91,29.12,0,2.67,0,2.67
2.1,13.0,0.00,0.00,0,2.67,88,29.12,0,2.67,0,2.67
4.1,13.0,0.00,0.00,0,2.67,90,29.12,0,2.67,0,2.67
2.5,13.0,0.00,0.00,0,2.67,89,29.12,0,2.67,0,2.67
2.5,13.0,0.00,0.00,0,2.67,89,29.12,0,2.67,0,2.67
3.3,13.0,0.00,0.00,0,2.67,89,29.12,0,2.67,0,2.67
2.3,13.0,0.00,0.00,0,2.67,90,29.12,0,2.67,0,2.67
4.0,13.0,0.00,0.00,0,2.67,88,29.12,0,2.67,0,2.67
2.1,13.0,0.00,0.00,0,2.67,88,29.12,0,2.67,0,2.67
2.3,13.0,0.00,0.00,0,2.67,84,29.12,0,2.67,0,2.67
3.8,13.0,0.00,0.00,0,2.67,85,29.12,0,2.67,0,2.67
2.5,13.0,0.00,0.00,0,2.67,87,29.12,0,2.67,0,2.67
2.3,13.0,0.00,0.00,0,2.67,87,29.12,0,2.67,0,2.67
3.9,13.0,0.00,0.00,0,2.67,87,29.12,0,2.67,0,2.67
5.4,13.0,0.00,0.00,0,2.67,87,29.12,0,2.67,0,2.67
2.5,13.0,0.00,0.00,0,2.67,86,29.12,0,2.67,0,2.67
3.5,13.0,0.00,0.00,0,2.67,87,29.12,0,2.67,0,2.67
2.7,13.0,0.00,0.00,0,2.67,88,29.12,0,2.67,0,2.67
2.1,13.0,0.00,0.00,0,2.67,88,29.12,0,2.67,0,2.67
4.6,13.0,0.00,0.00,0,2.67,85,29.12,0,2.67,0,2.67
2.1,13.0,0.00,0.00,0,2.67,87,29.12,0,2.67,0,2.67
2.3,13.0,0.00,0.00,0,2.67,85,29.12,0,2.67,0,2.67
4.4,13.0,0.00,0.00,0,2.67,89,29.12,0,2.67,0,2.67
2.9,13.0,0.00,0.00,0,2.67,89,29.12,0,2.67,0,2.67
3.1,13.0,0.00,0.00,0,2.67,88,29.12,0,2.67,0,2.67
3.7,13.0,0.00,0.00,0,2.67,88,29.12,0,2.67,0,2.67
2.5,13.0,0.00,0.00,0,2.67,90,29.12,0,2.67,0,2.67
2.5,13.0,0.00,0.00,0,2.67,80,29.12,0,2.67,0,2.67
2.5,13.0,0.00,0.00,0,2.67,73,29.12,0,2.67,0,2.67
2.5,13.0,0.00,0.00,0,2.67,72,29.12,0,2.67,0,2.67
2.5,13.0,0.00,0.00,0,2.67,73,29.12,0,2.67,0,2.67
2.3,8.2,0.00,0.00,0,2.67,0,2.67,0,2.67,0,2.67
3185.88