1.0,8.1,0.00,0.00,0,2.95,0,2.95,0,2.95,0,2.95
3.2,8.2,0.00,0.00,0,2.95,0,2.95,0,2.95,0,2.95
3.6,8.2,0.00,0.00,0,2.95,0,2.95,0,2.95,0,2.95
0.0,8.1,0.00,0.00,0,2.95,0,2.95,0,2.95,0,2.95
0.4,8.1,0.00,0.00,0,2.95,0,2.95,0,2.95,0,2.95
1.5,8.1,0.00,0.00,0,2.95,0,2.95,0,2.95,0,2.95
4.6,8.3,0.00,0.00,0,2.95,0,2.95,0,2.95,0,2.95
10.6,8.5,0.00,0.00,0,2.95,0,2.95,0,2.95,0,2.95
8.6,9.0,0.00,0.00,0,2.95,0,2.95,0,2.95,0,2.95
6.3,9.4,0.00,0.00,0,2.95,0,2.95,0,2.95,0,2.95
1.7,9.7,0.00,0.00,0,2.95,0,2.95,0,2.95,0,2.95
6.7,12.2,0.00,0.00,0,2.95,0,2.95,0,4.67,0,2.95
14.4,15.1,0.00,0.00,3,8.16,4,15.44,9,15.44,0,2.95
12.5,15.9,0.00,0.00,13,28.94,10,28.94,11,28.94,0,2.95
11.3,17.1,0.00,0.00,0,28.94,0,28.94,0,28.94,0,2.95
18.2,17.7,0.00,0.00,0,28.94,0,28.94,0,28.94,0,7.1
11.2,19.7,0.00,0.00,0,28.94,0,28.94,0,28.94,8,19.7
11.3,22.7,0.00,0.00,0,28.94,0,28.94,0,28.94,0,19.7
11.5,23.6,0.00,0.00,0,28.94,0,28.94,0,28.94,0,19.7
13.3,24.1,0.00,0.00,0,28.94,0,28.94,0,28.94,0,19.7
8.5,25.1,0.00,0.00,0,28.94,0,28.94,0,28.94,0,19.7
8.7,25.7,0.00,0.00,0,28.94,0,29.43,0,31.62,0,19.7
8.7,30.4,0.00,0.00,4,57.04,4,66.63,51,66.63,0,19.7
14.8,31.6,0.00,0.00,100,66.63,100,66.63,100,66.63,0,19.7
16.1,31.8,0.00,0.00,99,66.63,100,66.63,100,66.63,0,19.7
14.3,31.9,0.00,0.00,99,66.63,100,66.63,100,66.63,0,20.65
14.6,32.5,0.00,0.00,100,66.63,100,66.63,100,66.63,8,30.64
20.5,34.2,0.00,0.00,100,66.63,100,66.63,100,66.63,81,30.64
21.3,34.4,0.00,0.00,100,66.63,100,66.63,100,66.63,83,30.64
23.8,34.7,0.00,0.00,100,66.63,100,66.63,100,66.63,82,30.64
29.5,34.8,0.00,0.00,100,66.63,100,66.63,100,66.63,85,30.64
20.2,35.1,0.00,0.00,100,66.63,100,66.63,100,66.63,80,30.64
19.2,35.2,0.00,0.00,100,66.63,100,66.63,100,66.63,79,30.64
22.4,35.4,0.00,0.00,100,66.63,100,66.63,100,66.63,81,30.64
22.1,35.6,0.00,0.00,100,66.63,100,66.63,100,66.63,87,30.64
17.6,35.7,0.00,0.00,100,66.63,100,66.63,100,66.63,86,30.64
19.4,35.7,0.00,0.00,100,66.63,100,66.63,100,66.63,84,30.64
19.7,35.7,0.00,0.00,100,66.63,100,66.63,100,66.63,87,30.64
19.2,35.7,0.00,0.00,100,66.63,100,66.63,100,66.63,85,30.64
18.5,35.7,0.00,0.00,100,66.63,100,66.63,100,66.63,6,30.93
10.8,34.1,0.00,0.00,100,66.63,100,66.63,100,66.63,7,41.69
12.5,36.0,0.00,0.00,100,66.63,100,66.63,100,66.63,34,42.52
15.2,36.2,0.00,0.00,100,66.63,100,66.63,100,66.63,40,42.52
14.6,36.4,0.00,0.00,100,66.63,100,66.63,100,66.63,40,42.52
16.5,36.5,0.00,0.00,100,66.63,100,66.63,100,66.63,42,42.52
13.8,36.8,0.00,0.00,100,66.63,100,66.63,100,66.63,41,42.52
15.1,36.9,0.00,0.00,100,66.63,100,66.63,100,66.63,39,42.52
15.4,37.2,0.00,0.00,100,66.63,100,66.63,100,66.63,42,42.52
17.2,37.3,0.00,0.00,100,66.63,100,66.63,100,66.63,41,42.52
15.6,37.5,0.00,0.00,100,66.63,100,66.63,100,66.63,44,42.52
15.0,37.5,0.00,0.00,100,66.63,100,66.63,100,66.63,44,42.52
14.9,37.5,0.00,0.00,100,66.63,100,66.63,100,66.63,40,42.52
12.9,37.5,0.00,0.00,100,66.63,100,66.63,100,66.63,44,42.52
12.3,37.5,0.00,0.00,100,66.63,100,66.63,100,66.63,43,42.52
12.5,37.5,0.00,0.00,100,66.63,100,66.63,100,66.63,42,42.52
13.5,37.5,0.00,0.00,100,66.63,100,66.63,100,66.63,43,42.52
15.0,37.5,0.00,0.00,100,66.63,100,66.63,100,66.63,43,42.52
15.1,37.5,0.00,0.00,100,66.63,100,66.63,100,66.63,44,42.52
15.0,37.5,0.00,0.00,100,66.63,100,66.63,100,66.63,44,42.52
15.1,37.5,0.00,0.00,100,66.63,100,66.63,100,66.63,44,42.52
12.6,37.5,0.00,0.00,100,66.63,100,66.63,100,66.63,44,42.52
15.8,37.5,0.00,0.00,100,66.63,100,66.63,100,66.63,45,42.52
15.4,37.5,0.00,0.00,100,66.63,100,66.63,100,66.63,42,42.52
16.3,37.5,0.00,0.00,100,66.63,100,66.63,100,66.63,42,42.52
14.4,37.5,0.00,0.00,100,66.63,100,66.63,100,66.63,43,42.52
13.3,37.5,0.00,0.00,100,66.63,100,66.63,100,66.63,44,42.52
12.3,37.5,0.00,0.00,100,66.63,100,66.63,100,66.63,44,42.52
12.5,37.5,0.00,0.00,100,66.63,100,66.63,100,66.63,43,42.52
12.9,37.5,0.00,0.00,100,66.63,100,66.63,100,66.63,43,42.52
11.7,37.5,0.00,0.00,100,66.63,100,66.63,100,71.13,44,42.52
30.8,37.5,0.00,0.00,90,71.13,39,71.13,0,71.13,43,42.52
13.1,33.3,0.00,0.00,0,71.13,0,71.13,0,71.13,44,42.52
12.1,33.7,0.00,0.00,0,71.13,0,71.13,0,71.13,41,42.52
11.7,34.5,0.00,0.00,0,71.13,0,71.13,0,71.13,40,42.52
14.2,35.0,0.00,0.00,0,71.13,0,71.13,0,71.13,9,42.6
18.6,34.2,0.00,0.00,0,71.13,0,71.13,0,71.13,85,42.6
18.4,34.8,0.00,0.00,0,71.13,0,71.13,0,71.13,88,42.6
22.2,35.8,0.00,0.00,0,71.13,0,71.13,0,71.13,88,42.6
19.1,36.4,0.00,0.00,0,71.13,0,71.13,47,71.13,88,42.6
19.1,36.8,0.00,0.00,100,71.13,100,71.13,100,71.13,88,42.6
20.9,37.0,0.00,0.00,100,71.13,100,71.13,100,71.13,87,42.6
21.8,37.2,0.00,0.00,100,71.13,100,71.13,100,71.13,90,42.6
21.8,37.4,0.00,0.00,100,71.13,100,71.13,100,71.13,91,42.6
19.4,37.5,0.00,0.00,100,71.13,100,71.13,100,71.13,89,42.6
17.1,37.7,0.00,0.00,100,71.13,100,71.13,100,71.13,93,42.6
20.6,37.7,0.00,0.00,100,71.13,100,71.13,100,71.13,94,42.6
19.5,37.7,0.00,0.00,100,71.13,100,71.13,100,71.13,93,42.6
17.9,37.7,0.00,0.00,100,71.13,100,71.13,100,71.13,52,42.6
16.5,36.3,0.00,0.00,100,71.13,100,71.13,100,71.13,43,42.6
16.1,36.2,0.00,0.00,100,71.13,100,71.13,100,71.13,43,42.6
15.4,36.3,0.00,0.00,100,71.13,100,71.13,100,71.13,43,42.6
14.8,36.6,0.00,0.00,100,71.13,100,71.13,100,71.13,46,42.6
14.8,36.7,0.00,0.00,100,71.13,100,71.13,100,71.13,43,42.6
15.2,37.0,0.00,0.00,100,71.13,100,71.13,100,71.13,46,42.6
15.9,37.1,0.00,0.00,100,71.13,100,71.13,100,71.13,45,42.6
15.6,37.3,0.00,0.00,100,71.13,100,71.13,100,71.13,44,42.6
16.1,37.5,0.00,0.00,100,71.13,100,71.13,100,71.13,42,42.6
16.3,37.6,0.00,0.00,100,71.13,100,71.13,100,71.13,45,42.6
15.8,37.6,0.00,0.00,100,71.13,100,71.13,100,71.13,47,42.6
15.0,37.7,0.00,0.00,100,71.13,100,71.13,100,71.13,27,42.6
15.0,37.7,0.00,0.00,100,71.13,100,71.13,100,71.13,22,42.6
16.7,37.7,0.00,0.00,100,71.13,100,71.13,100,71.13,23,42.6
15.6,37.7,0.00,0.00,100,71.13,100,71.13,100,71.13,25,42.6
22.5,37.7,0.00,0.00,100,71.13,100,71.13,100,71.13,21,42.6
13.4,37.7,0.00,0.00,100,71.13,100,71.13,100,71.13,21,42.6
17.4,37.7,0.00,0.00,100,71.13,100,71.13,100,71.13,23,42.6
15.4,37.7,0.00,0.00,100,71.13,100,71.13,100,71.13,24,42.6
21.8,37.7,0.00,0.00,100,71.13,100,71.13,100,71.13,44,42.6
15.2,37.7,0.00,0.00,100,71.13,100,71.13,100,71.13,43,42.6
15.7,37.7,0.00,0.00,100,71.13,100,71.13,100,71.13,45,42.6
13.1,37.7,0.00,0.00,100,71.13,100,71.13,100,71.13,45,42.6
11.9,37.7,0.00,0.00,100,71.13,100,71.13,100,71.13,46,42.6
13.1,37.6,0.00,0.00,100,71.13,100,71.13,100,71.13,43,42.6
14.0,37.7,0.00,0.00,100,71.13,100,71.13,100,71.13,43,42.6
14.3,37.7,0.00,0.00,100,71.13,100,71.13,100,71.13,46,42.6
16.1,37.6,0.00,0.00,100,71.13,100,71.13,100,71.13,46,42.6
15.8,37.6,0.00,0.00,100,71.13,100,71.13,100,71.13,47,42.6
15.6,37.6,0.00,0.00,100,71.13,100,71.13,100,71.13,47,42.6
14.0,37.6,0.00,0.00,100,71.13,100,71.13,100,71.13,47,42.6
15.0,37.6,0.00,0.00,100,71.13,100,71.13,100,71.13,45,42.6
14.7,37.6,0.00,0.00,100,71.13,100,71.13,100,71.13,45,42.6
14.0,37.6,0.00,0.00,100,71.13,100,71.13,100,71.13,47,42.6
14.8,37.6,0.00,0.00,100,71.13,100,71.13,100,71.13,48,42.6
16.0,37.6,0.00,0.00,100,71.13,100,71.13,100,71.13,44,42.6
15.7,37.6,0.00,0.00,100,71.13,100,71.13,100,71.13,46,42.6
12.1,37.6,0.00,0.00,100,71.13,100,71.13,100,71.13,43,42.6
94.0,31.2,0.00,0.00,0,71.13,0,71.13,0,71.13,83,42.6
26.9,32.1,0.00,0.00,0,71.13,0,71.13,0,71.13,87,42.6
18.6,32.8,0.00,0.00,0,71.13,0,71.13,0,71.13,87,42.6
17.5,33.7,0.00,0.00,0,71.13,0,71.13,0,71.13,89,42.6
19.2,34.4,0.00,0.00,0,71.13,0,71.13,0,71.13,90,42.6
17.7,35.4,0.00,0.00,0,71.13,0,71.13,0,71.13,92,42.6
18.3,36.0,0.00,0.00,0,71.13,0,71.13,0,71.13,87,42.6
18.1,36.9,0.00,0.00,0,71.13,0,71.13,0,71.13,89,42.6
33.7,37.6,0.00,0.00,0,71.13,45,71.13,67,71.13,92,42.6
17.7,37.7,0.00,0.00,100,71.13,100,71.13,100,71.13,92,42.6
18.7,37.7,0.00,0.00,100,71.13,100,71.13,100,71.13,94,42.6
19.3,37.7,0.00,0.00,100,71.13,100,71.13,100,71.13,94,42.6
19.0,37.7,0.00,0.00,100,71.13,100,71.13,100,71.13,93,42.6
16.5,37.7,0.00,0.00,100,71.13,100,71.13,100,71.13,9,42.6
68.5,36.1,0.00,0.00,100,71.13,100,71.13,100,71.13,46,42.6
91.4,36.3,0.00,0.00,100,71.13,100,71.13,100,71.13,46,42.6
14.4,36.5,0.00,0.00,100,71.13,100,71.13,100,71.13,48,42.6
14.2,36.7,0.00,0.00,100,71.13,100,71.13,100,71.13,47,42.6
14.8,36.9,0.00,0.00,100,71.13,100,71.13,100,71.13,47,42.6
15.9,37.1,0.00,0.00,100,71.13,100,71.13,100,71.13,46,42.6
17.2,37.3,0.00,0.00,100,71.13,100,71.13,100,71.13,43,42.6
16.6,37.5,0.00,0.00,100,71.13,100,71.13,100,71.13,41,42.6
17.9,37.6,0.00,0.00,100,71.13,100,71.13,100,71.13,44,42.6
15.4,37.7,0.00,0.00,100,71.13,100,71.13,100,71.13,46,42.6
15.4,37.7,0.00,0.00,100,71.13,100,71.13,100,71.13,48,42.6
14.2,37.7,0.00,0.00,100,71.13,100,71.13,100,71.13,45,42.6
13.3,37.7,0.00,0.00,100,71.13,100,71.13,100,71.13,48,42.6
13.1,37.7,0.00,0.00,100,71.13,100,71.13,100,71.13,46,42.6
13.4,37.7,0.00,0.00,100,71.13,100,71.13,100,71.13,47,42.6
15.2,37.6,0.00,0.00,100,71.13,100,71.13,100,71.13,48,42.6
14.9,37.7,0.00,0.00,100,71.13,100,71.13,100,71.13,48,42.6
14.6,37.7,0.00,0.00,100,71.13,100,71.13,100,71.13,49,42.6
12.3,37.7,0.00,0.00,100,71.13,100,71.13,100,71.13,48,42.6
12.7,37.7,0.00,0.00,100,71.13,100,71.13,100,71.13,46,42.6
14.9,37.7,0.00,0.00,100,71.13,100,71.13,100,71.13,46,42.6
16.2,37.7,0.00,0.00,100,71.13,100,71.13,100,71.13,49,42.6
15.2,37.7,0.00,0.00,100,71.13,100,71.13,100,71.13,46,42.6
14.8,37.7,0.00,0.00,100,71.13,100,71.13,100,71.13,46,42.6
13.4,37.7,0.00,0.00,100,71.13,100,71.13,100,71.13,45,42.6
12.7,37.7,0.00,0.00,100,71.13,100,71.13,100,71.13,49,42.6
12.9,37.7,0.00,0.00,100,71.13,100,71.13,100,71.13,46,42.6
12.1,37.7,0.00,0.00,100,71.13,100,71.13,100,71.13,47,42.6
15.6,37.7,0.00,0.00,100,71.13,100,71.13,100,71.13,47,42.6
15.9,37.7,0.00,0.00,100,71.13,100,71.13,100,71.13,49,42.6
15.6,37.7,0.00,0.00,100,71.13,100,71.13,100,71.13,45,42.6
15.2,37.7,0.00,0.00,100,71.13,100,71.13,100,71.13,46,42.6
14.4,37.6,0.00,0.00,100,71.13,100,71.13,100,71.13,45,42.6
15.2,37.7,0.00,0.00,100,71.13,100,71.13,100,71.13,62,42.6
21.3,36.2,0.00,0.00,100,71.13,100,71.13,100,71.13,91,42.6
21.6,36.3,0.00,0.00,100,71.13,100,71.13,100,71.13,92,42.6
97.3,36.5,0.00,0.00,100,71.13,100,71.13,100,71.13,88,42.6
18.6,36.7,0.00,0.00,100,71.13,100,71.13,100,71.13,92,42.6
21.6,36.9,0.00,0.00,100,71.13,100,71.13,100,71.13,91,42.6
20.8,37.1,0.00,0.00,100,71.13,100,71.13,100,71.13,92,42.6
25.4,37.2,0.00,0.00,100,71.13,100,71.13,100,71.13,90,42.6
18.3,37.5,0.00,0.00,100,71.13,100,71.13,100,71.13,92,42.6
17.8,32.6,0.00,0.00,28,70.61,0,68.24,0,2.95,95,42.6
8.6,20.4,0.00,0.00,13,2.95,8,2.95,0,2.95,95,42.6
11.2,20.4,0.00,0.00,0,2.95,0,2.95,0,2.95,94,42.6
11.1,20.4,0.00,0.00,0,2.95,0,2.95,0,2.95,94,42.6
9.6,20.4,0.00,0.00,0,2.95,0,2.95,0,2.95,95,42.6
9.6,20.4,0.00,0.00,0,2.95,0,2.95,0,2.95,18,41.16
14.6,18.7,0.00,0.00,0,2.95,0,2.95,0,2.95,49,22.76
14.1,15.3,0.00,0.00,0,2.95,0,2.95,0,2.95,36,22.76
23.0,15.9,0.00,0.00,0,2.95,0,2.95,0,2.95,37,22.76
22.1,17.7,0.00,0.00,0,2.95,0,2.95,0,2.95,37,22.76
19.1,18.6,0.00,0.00,0,2.95,0,2.95,0,3.19,51,26.77
22.3,23.6,0.00,0.00,2,6.99,0,13.67,8,16.57,51,38.14
17.1,33.5,0.00,0.00,5,22.29,7,20.58,2,20.58,42,40.39
14.1,34.3,0.00,0.00,10,37.54,0,20.58,0,20.58,43,40.39
28.6,34.9,0.00,0.00,0,37.54,0,20.58,0,20.58,44,40.39
14.5,35.9,0.00,0.00,0,37.54,0,20.58,0,20.58,43,40.39
30.4,36.5,0.00,0.00,0,37.54,0,20.58,0,20.58,44,40.39
14.5,37.5,0.00,0.00,0,37.54,0,20.58,0,20.58,44,40.39
22.4,38.2,0.00,0.00,0,37.54,0,20.58,0,20.58,40,40.39
14.0,39.1,0.00,0.00,0,37.54,0,20.58,0,20.58,42,40.39
53.4,40.0,0.00,0.00,0,39.5,0,22.48,2,23.16,43,44.81
22.7,47.4,0.00,0.00,3,49.41,4,39.38,64,39.38,99,59.19
29.6,49.0,0.00,0.00,40,49.41,94,39.38,93,39.38,99,59.19
28.4,50.0,0.00,0.00,37,49.41,96,39.38,94,39.38,97,59.19
27.9,50.6,0.00,0.00,40,49.41,95,39.38,97,39.38,100,59.19
45.1,51.5,0.00,0.00,39,49.41,94,39.38,94,39.38,99,59.19
31.9,52.1,0.00,0.00,39,49.41,94,39.38,96,39.38,100,59.19
35.0,53.1,0.00,0.00,35,49.41,94,39.38,97,39.38,100,59.19
26.4,53.7,0.00,0.00,39,49.41,97,39.38,96,39.38,99,59.19
19.5,54.5,0.00,0.00,39,49.41,97,39.38,97,39.38,99,59.19
21.9,54.5,0.00,0.00,39,49.41,97,39.38,98,39.38,100,59.19
20.3,54.5,0.00,0.00,41,49.41,98,39.38,97,39.38,100,59.19
20.3,54.5,0.00,0.00,39,49.41,97,39.38,98,39.38,100,59.19
20.2,54.5,0.00,0.00,42,49.41,97,39.38,98,39.38,100,59.19
21.1,54.5,0.00,0.00,41,49.41,97,39.38,98,39.38,99,59.19
20.5,54.5,0.00,0.00,39,49.41,97,39.38,98,39.38,100,59.19
20.5,54.5,0.00,0.00,41,49.41,98,39.38,98,39.38,100,59.19
21.8,54.5,0.00,0.00,43,49.41,98,39.38,98,39.38,100,59.19
18.2,54.5,0.00,0.00,43,49.41,98,39.38,98,39.38,100,59.19
15.4,54.5,0.00,0.00,42,49.41,98,39.5,50,39.5,52,59.63
23.7,50.1,0.00,0.00,42,49.41,1,42.89,1,44.31,43,70.44
25.7,55.6,0.00,0.00,38,49.41,25,51.36,32,51.36,71,71.17
38.9,56.0,0.00,0.00,30,49.41,60,51.36,52,51.36,80,71.17
31.2,56.8,0.00,0.00,36,49.41,56,51.36,54,51.36,80,71.17
30.4,57.1,0.00,0.00,36,49.41,57,51.36,54,51.36,86,71.17
29.9,58.0,0.00,0.00,34,49.41,57,51.36,61,51.36,82,71.17
30.2,58.3,0.00,0.00,37,49.41,56,51.36,54,51.36,81,71.17
28.9,59.1,0.00,0.00,34,49.41,59,51.36,57,51.36,83,71.17
34.5,59.5,0.00,0.00,35,49.41,51,51.36,51,51.36,54,67.24
22.3,57.7,0.00,0.00,40,49.41,55,51.36,54,51.36,62,51.36
18.7,53.9,0.00,0.00,39,49.41,59,51.36,52,51.36,50,51.36
18.6,53.9,0.00,0.00,40,49.41,56,51.36,57,51.36,63,51.36
19.3,53.9,0.00,0.00,44,49.41,59,51.36,52,51.36,52,51.36
20.5,53.9,0.00,0.00,39,49.41,57,51.36,53,51.36,59,51.36
30.3,53.9,0.00,0.00,39,49.41,23,51.36,12,51.36,43,51.36
25.0,49.5,0.00,0.00,34,49.41,64,51.36,96,51.36,98,51.36
26.6,49.2,0.00,0.00,17,50.22,95,51.36,97,51.36,97,51.36
74.9,50.8,0.00,0.00,4,87.18,95,51.36,97,51.36,97,51.36
68.7,51.5,0.00,0.00,98,87.18,91,51.36,97,51.36,97,51.36
30.1,52.5,0.00,0.00,97,87.18,95,51.36,94,51.36,97,51.36
89.2,53.1,0.00,0.00,99,87.18,95,51.36,95,51.36,97,51.36
71.1,54.0,0.00,0.00,99,87.18,96,51.36,88,51.36,95,51.36
94.7,54.7,0.00,0.00,99,87.18,92,51.36,91,51.36,96,51.36
76.2,55.4,0.00,0.00,99,87.18,96,51.36,96,51.36,96,51.36
69.6,55.6,0.00,0.00,99,87.18,94,51.36,98,51.36,96,51.36
18.8,55.7,0.00,0.00,99,87.18,96,51.36,97,51.36,97,51.36
17.2,55.7,0.00,0.00,99,87.18,97,51.36,97,51.36,97,51.36
16.4,55.7,0.00,0.00,99,87.18,97,51.36,98,51.36,99,51.36
16.1,55.7,0.00,0.00,99,87.18,98,51.36,98,51.36,98,51.36
15.8,55.7,0.00,0.00,99,87.18,98,51.36,98,51.36,98,51.36
29.5,55.7,0.00,0.00,99,87.18,63,51.36,49,51.36,14,51.36
29.4,51.1,0.00,0.00,99,87.18,54,51.36,53,51.36,70,51.36
27.1,51.5,0.00,0.00,99,87.18,53,51.36,57,51.36,67,51.36
60.4,52.2,0.00,0.00,99,87.18,52,51.36,56,51.36,67,51.36
34.7,52.7,0.00,0.00,99,87.18,57,51.36,58,51.36,70,51.36
95.8,53.4,0.00,0.00,99,87.18,58,51.36,47,51.36,65,51.36
45.0,53.9,0.00,0.00,99,87.18,57,51.36,52,51.36,64,51.36
98.6,54.6,0.00,0.00,99,87.18,52,51.36,57,51.36,63,51.36
95.0,55.1,0.00,0.00,99,87.18,57,51.36,53,51.36,50,51.36
17.9,55.7,0.00,0.00,99,87.18,58,51.36,53,51.36,71,51.36
17.4,55.7,0.00,0.00,99,87.18,55,51.36,51,51.36,71,51.36
19.4,55.7,0.00,0.00,99,87.18,56,51.36,52,51.36,63,51.36
19.5,55.7,0.00,0.00,99,87.18,48,51.36,54,51.36,62,51.36
10.9,55.7,0.00,0.00,99,87.18,53,51.36,15,51.36,42,51.36
60.6,51.1,0.00,0.00,99,87.18,56,51.36,96,51.36,97,51.36
86.3,51.7,0.00,0.00,99,87.18,97,51.36,80,51.36,65,51.36
18.0,52.1,0.00,0.00,59,87.18,42,51.36,55,51.36,41,51.36
21.8,52.7,0.00,0.00,73,87.18,62,51.36,62,51.36,66,51.36
17.8,53.0,0.00,0.00,69,87.18,45,51.36,69,51.36,48,51.36
21.8,53.7,0.00,0.00,73,87.18,51,51.36,49,51.36,73,51.36
54.3,54.1,0.00,0.00,81,87.18,91,51.36,95,51.36,97,51.36
56.6,54.8,0.00,0.00,99,87.18,97,51.36,97,51.36,98,51.36
23.0,55.3,0.00,0.00,99,87.18,96,51.36,95,51.36,98,51.36
10.8,55.7,0.00,0.00,99,87.18,99,51.36,99,51.36,99,51.36
17.9,55.7,0.00,0.00,99,87.18,97,51.36,97,51.36,98,51.36
17.5,55.7,0.00,0.00,99,87.18,96,51.36,97,51.36,97,51.36
16.4,55.7,0.00,0.00,99,87.18,97,51.36,97,51.36,97,51.36
17.3,55.7,0.00,0.00,99,87.18,97,51.36,98,51.36,98,51.36
16.7,55.7,0.00,0.00,99,87.18,98,51.36,99,51.36,99,51.36
16.4,55.7,0.00,0.00,99,87.18,98,51.36,98,51.36,98,51.36
15.1,55.7,0.00,0.00,99,87.18,98,51.36,98,51.36,98,51.36
15.6,55.7,0.00,0.00,99,87.18,98,51.36,98,51.36,99,51.36
30.5,55.7,0.00,0.00,99,87.18,1,51.36,0,51.36,31,51.36
25.2,51.2,0.00,0.00,99,87.18,59,51.36,55,51.36,53,51.36
25.5,51.6,0.00,0.00,99,87.18,59,51.36,53,51.36,56,51.36
25.7,52.4,0.00,0.00,99,87.18,56,51.36,57,51.36,59,51.36
26.1,52.8,0.00,0.00,99,87.18,61,51.36,59,51.36,52,51.36
25.8,53.6,0.00,0.00,99,87.18,54,51.36,47,51.36,68,51.36
24.7,54.0,0.00,0.00,99,87.18,57,51.36,60,51.36,55,51.36
24.5,54.8,0.00,0.00,99,87.18,58,51.36,46,51.36,74,51.36
23.6,55.2,0.00,0.00,99,87.18,57,51.36,46,51.36,64,51.36
21.3,55.7,0.00,0.00,99,87.18,53,51.36,48,51.36,65,51.36
18.9,55.7,0.00,0.00,99,87.18,58,51.36,55,51.36,53,51.36
18.5,55.7,0.00,0.00,99,87.18,58,51.36,59,51.36,65,51.36
23.9,55.7,0.00,0.00,57,87.2,53,51.36,60,51.36,47,51.36
33.3,54.3,0.00,0.00,26,87.2,41,51.36,69,51.36,95,51.36
26.9,50.0,0.00,0.00,40,87.2,95,51.36,97,51.36,96,51.36
27.4,50.8,0.00,0.00,43,87.2,94,51.36,95,51.36,97,51.36
26.1,51.6,0.00,0.00,42,87.2,95,51.36,95,51.36,98,51.36
27.1,52.3,0.00,0.00,41,87.2,92,51.36,93,51.36,96,51.36
29.1,53.2,0.00,0.00,42,87.2,96,51.36,91,51.36,97,51.36
29.7,53.9,0.00,0.00,41,87.2,94,51.36,95,51.36,96,51.36
96.7,54.7,0.00,0.00,41,87.2,95,51.36,96,51.36,95,51.36
86.8,55.4,0.00,0.00,41,87.2,97,51.36,96,51.36,98,51.36
19.5,55.8,0.00,0.00,40,87.2,97,51.36,97,51.36,98,51.36
19.0,55.8,0.00,0.00,45,87.2,97,51.36,98,51.36,98,51.36
17.4,55.8,0.00,0.00,41,87.2,97,51.36,98,51.36,98,51.36
18.5,55.8,0.00,0.00,41,87.2,96,51.36,98,51.36,98,51.36
17.8,55.8,0.00,0.00,44,87.2,97,51.36,98,51.36,98,51.36
19.0,55.8,0.00,0.00,41,87.2,97,51.36,98,51.36,98,51.36
19.9,55.8,0.00,0.00,47,87.2,43,51.36,35,51.36,22,51.36
55.5,51.1,0.00,0.00,41,87.2,31,51.36,56,51.36,53,51.36
33.6,51.6,0.00,0.00,41,87.2,62,51.36,49,51.36,54,51.36
77.6,52.2,0.00,0.00,40,87.2,64,51.36,57,51.36,65,51.36
70.5,52.8,0.00,0.00,38,87.2,59,51.36,58,51.36,55,51.36
24.7,53.3,0.00,0.00,41,87.2,57,51.36,58,51.36,60,51.36
26.0,53.9,0.00,0.00,32,87.2,61,51.36,56,51.36,51,51.36
25.9,54.4,0.00,0.00,34,87.2,64,51.36,57,51.36,55,51.36
27.1,55.1,0.00,0.00,33,87.2,62,51.36,51,51.36,47,51.36
37.6,55.6,0.00,0.00,34,87.2,61,51.36,56,51.36,68,51.36
19.8,55.8,0.00,0.00,41,87.2,59,51.36,62,51.36,62,51.36
19.7,55.8,0.00,0.00,44,87.2,55,51.36,52,51.36,50,51.36
19.5,55.8,0.00,0.00,36,87.2,58,51.36,50,51.36,52,51.36
20.2,55.8,0.00,0.00,41,87.2,63,51.36,30,51.36,33,51.31
25.0,50.4,0.00,0.00,41,87.2,53,48.19,97,32.36,97,32.36
19.0,38.2,0.00,0.00,42,87.2,97,32.36,97,32.36,97,32.36
19.0,38.2,0.00,0.00,44,87.2,95,32.36,98,32.36,98,32.36
17.1,38.2,0.00,0.00,44,87.2,97,32.36,98,32.36,98,32.36
17.4,38.2,0.00,0.00,42,87.2,97,32.36,98,32.36,97,32.36
21.1,38.2,0.00,0.00,38,87.2,98,32.36,98,32.36,97,32.36
18.2,36.7,0.00,0.00,99,87.2,97,32.36,98,32.36,96,32.36
18.9,36.9,0.00,0.00,99,87.2,96,32.36,98,32.36,98,32.36
18.7,37.1,0.00,0.00,99,87.2,96,32.36,98,32.36,97,32.36
19.0,37.3,0.00,0.00,99,87.2,98,32.36,97,32.36,98,32.36
19.3,37.5,0.00,0.00,99,87.2,98,32.36,98,32.36,98,32.36
19.0,37.6,0.00,0.00,99,87.2,97,32.36,97,32.36,97,32.36
20.4,37.9,0.00,0.00,99,87.2,97,32.36,98,32.36,97,32.36
18.3,38.0,0.00,0.00,99,87.2,97,32.36,98,32.36,98,32.36
14.5,38.1,0.00,0.00,99,87.2,98,32.36,98,32.36,98,32.36
10.4,38.1,0.00,0.00,99,87.2,98,32.36,98,32.36,98,32.36
22.9,34.8,0.00,0.00,99,87.2,0,29.57,0,31.53,1,2.95
6.9,24.6,0.00,0.00,99,87.2,3,2.95,6,2.95,0,2.95
4.4,20.2,0.00,0.00,99,87.2,0,2.95,0,2.95,0,2.95
4.6,20.2,0.00,0.00,99,87.2,0,2.95,0,2.95,0,2.95
10.0,20.8,0.00,0.00,99,87.2,0,2.95,0,2.95,0,2.95
10.6,21.3,0.00,0.00,99,87.2,0,2.95,0,2.95,0,2.95
14.8,22.4,0.00,0.00,97,87.2,0,2.95,0,2.95,0,2.95
15.0,23.1,0.00,0.00,99,87.2,0,2.95,0,4.57,0,5.94
14.6,27.1,0.00,0.00,99,91.9,0,8.8,4,10.02,2,10.24
16.2,32.7,0.00,0.00,99,94.34,6,39.77,0,10.09,0,10.24
13.0,33.4,0.00,0.00,99,94.34,1,39.77,0,10.09,0,10.24
12.7,34.3,0.00,0.00,99,94.34,0,39.77,0,10.09,0,10.24
45.2,35.0,0.00,0.00,99,94.34,0,39.77,0,10.09,0,10.24
85.3,35.9,0.00,0.00,98,94.34,0,39.77,0,10.09,0,10.24
58.6,36.6,0.00,0.00,98,94.34,0,39.77,0,10.09,0,10.24
89.7,37.5,0.00,0.00,99,94.34,0,39.77,0,10.09,0,10.24
31.3,38.3,0.00,0.00,99,94.34,0,39.77,0,10.09,0,10.97
77.0,41.1,0.00,0.00,99,96.91,2,49.68,3,26.08,5,27.16
59.9,46.6,0.00,0.00,99,99.91,67,53.63,100,27.25,100,27.16
59.4,37.6,0.00,0.00,99,87.2,90,53.63,3,2.95,62,2.95
24.0,30.4,0.00,0.00,99,87.2,85,53.63,0,2.95,0,2.95
10.4,29.8,0.00,0.00,99,87.2,91,53.63,0,2.95,0,2.95
10.6,29.9,0.00,0.00,99,87.2,89,53.63,0,2.95,0,2.95
10.5,30.1,0.00,0.00,99,87.2,91,53.63,0,2.95,0,2.95
72.8,30.4,0.00,0.00,99,87.2,93,53.63,0,2.95,0,2.95
11.3,30.6,0.00,0.00,99,87.2,65,53.63,0,2.95,0,2.95
11.5,30.7,0.00,0.00,96,87.2,70,53.63,0,2.95,0,2.95
9.7,30.7,0.00,0.00,97,87.2,70,53.63,0,2.95,0,2.95
11.8,30.6,0.00,0.00,99,87.2,92,53.63,0,2.95,0,2.95
11.3,30.6,0.00,0.00,99,87.2,66,53.63,0,2.95,0,2.95
11.9,30.6,0.00,0.00,99,87.2,67,53.63,0,2.95,0,2.95
10.3,30.6,0.00,0.00,99,87.2,79,53.63,0,2.95,0,2.95
11.5,30.6,0.00,0.00,99,87.2,95,53.63,0,2.95,0,2.95
12.1,30.6,0.00,0.00,99,87.2,83,53.63,0,2.95,0,2.95
11.3,30.6,0.00,0.00,99,87.2,81,53.63,0,2.95,0,2.95
8.2,30.6,0.00,0.00,99,87.2,95,53.63,0,2.95,0,2.95
8.3,30.6,0.00,0.00,99,87.2,96,53.63,0,2.95,0,2.95
10.4,30.6,0.00,0.00,99,87.2,96,53.63,0,2.95,0,2.95
8.5,30.6,0.00,0.00,99,87.2,95,53.63,0,2.95,0,2.95
8.3,30.5,0.00,0.00,99,87.2,93,53.63,0,2.95,0,2.95
8.3,30.5,0.00,0.00,99,87.2,95,53.63,0,2.95,0,2.95
8.1,30.5,0.00,0.00,99,87.2,95,53.63,0,2.95,0,2.95
8.5,30.5,0.00,0.00,99,87.2,96,53.63,0,2.95,0,2.95
8.6,30.5,0.00,0.00,99,87.2,96,53.63,0,2.95,0,2.95
7.9,30.5,0.00,0.00,99,87.2,96,53.63,0,2.95,0,2.95
8.5,30.6,0.00,0.00,99,87.2,96,53.63,0,2.95,0,2.95
7.9,30.5,0.00,0.00,99,87.2,96,53.63,0,2.95,0,2.95
6.3,30.5,0.00,0.00,99,87.2,96,53.63,0,2.95,0,2.95
12.5,29.1,0.00,0.00,15,87.2,92,53.63,0,2.95,0,2.95
11.1,29.3,0.00,0.00,47,87.2,94,53.63,0,2.95,0,2.95
11.5,29.6,0.00,0.00,42,87.2,94,53.63,0,2.95,0,2.95
17.1,29.7,0.00,0.00,44,87.2,92,53.63,0,2.95,0,2.95
11.9,30.0,0.00,0.00,46,87.2,94,53.63,0,2.95,0,2.95
11.5,30.2,0.00,0.00,43,87.2,96,53.63,0,2.95,0,2.95
12.3,30.4,0.00,0.00,44,87.2,97,53.63,0,2.95,0,2.95
9.0,30.6,0.00,0.00,46,87.2,95,53.63,0,2.95,0,2.95
10.0,30.6,0.00,0.00,45,87.2,97,53.63,0,2.95,0,2.95
10.0,30.6,0.00,0.00,45,87.2,97,53.63,0,2.95,0,2.95
9.6,30.6,0.00,0.00,45,87.2,97,53.63,0,2.95,0,2.95
9.4,30.6,0.00,0.00,47,87.2,97,53.63,0,2.95,0,2.95
9.4,30.6,0.00,0.00,49,87.2,95,53.63,0,2.95,0,2.95
10.2,30.6,0.00,0.00,44,87.2,97,53.63,0,2.95,0,2.95
9.2,30.6,0.00,0.00,48,87.2,96,53.63,0,2.95,0,2.95
9.4,30.6,0.00,0.00,45,87.2,97,53.63,0,2.95,0,2.95
10.7,30.6,0.00,0.00,44,87.2,97,53.63,0,2.95,0,2.95
9.8,30.6,0.00,0.00,47,87.2,97,53.63,0,2.95,0,2.95
9.6,30.6,0.00,0.00,46,87.2,97,53.63,0,2.95,0,2.95
9.2,30.6,0.00,0.00,46,87.2,97,53.63,0,2.95,0,2.95
9.4,30.6,0.00,0.00,43,87.2,96,53.63,0,2.95,0,2.95
10.0,30.6,0.00,0.00,45,87.2,97,53.63,0,2.95,0,2.95
9.8,30.6,0.00,0.00,48,87.2,96,53.63,0,2.95,0,2.95
9.0,30.6,0.00,0.00,46,87.2,97,53.63,0,2.95,0,2.95
9.1,30.6,0.00,0.00,45,87.2,95,53.63,0,2.95,0,2.95
9.4,30.6,0.00,0.00,46,87.2,96,53.63,0,2.95,0,2.95
9.2,30.6,0.00,0.00,43,87.2,97,53.63,0,2.95,0,2.95
7.7,30.6,0.00,0.00,46,87.2,97,53.76,0,2.95,0,2.95
8.6,29.7,0.00,0.00,43,87.2,2,60.25,0,2.95,0,2.95
42.8,30.9,0.00,0.00,38,87.2,95,97.21,0,2.95,0,2.95
61.6,31.2,0.00,0.00,44,87.2,100,97.21,0,2.95,0,2.95
69.8,31.4,0.00,0.00,48,87.2,100,97.21,0,2.95,0,2.95
11.3,29.9,0.00,0.00,18,84.59,99,97.21,0,2.95,0,2.95
99.0,25.7,0.00,0.00,99,67.39,99,97.21,0,2.95,0,2.95
43.2,25.9,0.00,0.00,99,67.39,100,97.21,0,2.95,0,2.95
34.6,26.1,0.00,0.00,99,67.39,100,97.21,0,2.95,0,2.95
13.5,26.3,0.00,0.00,99,67.39,100,97.21,0,2.95,0,2.95
29.2,26.3,0.00,0.00,99,67.39,97,97.21,0,2.95,0,2.95
803.64