5.2,7.6,0.00,0.00,0,2.95,0,2.95,0,2.95,0,2.95
3.8,7.6,0.00,0.00,0,2.95,0,2.95,0,2.95,0,2.95
0.8,7.6,0.00,0.00,0,2.95,0,2.95,0,2.95,0,2.95
0.8,7.6,0.00,0.00,0,2.95,0,2.95,0,2.95,0,2.95
2.5,7.6,0.00,0.00,0,2.95,0,2.95,0,2.95,0,2.95
5.7,7.6,0.00,0.00,0,2.95,0,2.95,0,2.95,0,2.95
4.2,7.6,0.00,0.00,0,2.95,0,2.95,0,2.95,0,2.95
1.2,7.6,0.00,0.00,0,2.95,0,2.95,0,2.95,0,2.95
1.5,7.6,0.00,0.00,0,2.95,0,2.95,0,2.95,0,2.95
4.4,7.6,0.00,0.00,0,2.95,0,2.95,0,2.95,0,2.95
4.4,7.6,0.00,0.00,0,2.95,0,2.95,0,2.95,0,2.95
3.8,7.6,0.00,0.00,0,2.95,0,2.95,0,2.95,0,2.95
4.4,7.6,0.00,0.00,0,2.95,0,2.95,0,2.95,0,2.95
4.9,7.6,0.00,0.00,0,2.95,0,2.95,0,2.95,0,2.95
3.8,7.6,0.00,0.00,0,2.95,0,2.95,0,2.95,0,2.95
1.3,7.6,0.00,0.00,0,2.95,0,2.95,0,2.95,0,2.95
0.0,7.6,0.00,0.00,0,2.95,0,2.95,0,2.95,0,2.95
3.4,7.6,0.00,0.00,0,2.95,0,2.95,0,2.95,0,2.95
3.2,7.6,0.00,0.00,0,2.95,0,2.95,0,2.95,0,2.95
3.8,7.6,0.00,0.00,0,2.95,0,2.95,0,2.95,0,2.95
3.9,7.6,0.00,0.00,0,2.95,0,2.95,0,2.95,0,2.95
1.9,7.6,0.00,0.00,0,2.95,0,2.95,0,2.95,0,2.95
6.7,7.7,0.00,0.00,0,2.95,0,2.95,0,2.95,0,2.95
3.4,7.7,0.00,0.00,0,2.95,0,2.95,0,2.95,0,2.95
3.6,7.7,0.00,0.00,0,2.95,0,2.95,0,2.95,0,2.95
0.0,7.7,0.00,0.00,0,2.95,0,2.95,0,2.95,0,2.95
3.6,7.7,0.00,0.00,0,2.95,0,2.95,0,2.95,0,2.95
8.6,8.0,0.00,0.00,0,2.95,0,2.95,0,2.95,0,2.95
12.4,8.0,0.00,0.00,0,2.95,0,2.95,0,2.95,0,2.95
3.8,7.9,0.00,0.00,0,2.95,0,2.95,0,2.95,0,2.95
1.9,7.9,0.00,0.00,0,2.95,0,2.95,0,2.95,0,2.95
11.6,7.9,0.00,0.00,0,2.95,0,2.95,0,2.95,0,2.95
7.0,7.9,0.00,0.00,0,2.95,0,2.95,0,2.95,0,2.95
15.8,7.9,0.00,0.00,0,2.95,0,2.95,0,2.95,0,2.95
60.93