0.4,8.1,0.00,0.00,0,2.95,0,2.95,0,2.95,0,2.95
3.8,8.2,0.00,0.00,0,2.95,0,2.95,0,2.95,0,2.95
3.3,8.2,0.00,0.00,0,2.95,0,2.95,0,2.95,0,2.95
1.0,8.1,0.00,0.00,0,2.95,0,2.95,0,2.95,0,2.95
0.2,8.1,0.00,0.00,0,2.95,0,2.95,0,2.95,0,2.95
2.5,8.1,0.00,0.00,0,2.95,0,2.95,0,2.95,0,2.95
3.6,8.2,0.00,0.00,0,2.95,0,2.95,0,2.95,0,2.95
3.2,8.2,0.00,0.00,0,2.95,0,2.95,0,2.95,0,2.95
3.4,8.2,0.00,0.00,0,2.95,0,2.95,0,2.95,0,2.95
0.4,8.1,0.00,0.00,0,2.95,0,2.95,0,2.95,0,2.95
0.4,8.1,0.00,0.00,0,2.95,0,2.95,0,2.95,0,2.95
0.4,8.1,0.00,0.00,0,2.95,0,2.95,0,2.95,0,2.95
3.2,8.2,0.00,0.00,0,2.95,0,2.95,0,2.95,0,2.95
3.8,8.2,0.00,0.00,0,2.95,0,2.95,0,2.95,0,2.95
0.2,8.1,0.00,0.00,0,2.95,0,2.95,0,2.95,0,2.95
1.5,8.1,0.00,0.00,0,2.95,0,2.95,0,2.95,0,2.95
0.4,8.1,0.00,0.00,0,2.95,0,2.95,0,2.95,0,2.95
2.9,8.2,0.00,0.00,0,2.95,0,2.95,0,2.95,0,2.95
2.9,8.2,0.00,0.00,0,2.95,0,2.95,0,2.95,0,2.95
3.2,8.2,0.00,0.00,0,2.95,0,2.95,0,2.95,0,2.95
0.4,8.1,0.00,0.00,0,2.95,0,2.95,0,2.95,0,2.95
