1.5,7.5,0.00,0.00,0,2.95,0,2.95,0,2.95,0,2.95
3.4,7.6,0.00,0.00,0,2.95,0,2.95,0,2.95,0,2.95
3.6,7.6,0.00,0.00,0,2.95,0,2.95,0,2.95,0,2.95
1.9,7.5,0.00,0.00,0,2.95,0,2.95,0,2.95,0,2.95
0.0,7.5,0.00,0.00,0,2.95,0,2.95,0,2.95,0,2.95
1.5,7.5,0.00,0.00,0,2.95,0,2.95,0,2.95,0,2.95
2.5,7.6,0.00,0.00,0,2.95,0,2.95,0,2.95,0,2.95
3.2,7.6,0.00,0.00,0,2.95,0,2.95,0,2.95,0,2.95
1.3,7.5,0.00,0.00,0,2.95,0,2.95,0,2.95,0,2.95
0.4,7.5,0.00,0.00,0,2.95,0,2.95,0,2.95,0,2.95
0.4,7.5,0.00,0.00,0,2.95,0,2.95,0,2.95,0,2.95
4.2,7.6,0.00,0.00,0,2.95,0,2.95,0,2.95,0,2.95
0.6,7.5,0.00,0.00,0,2.95,0,2.95,0,2.95,0,2.95
0.2,7.5,0.00,0.00,0,2.95,0,2.95,0,2.95,0,2.95
3.2,7.6,0.00,0.00,0,2.95,0,2.95,0,2.95,0,2.95
3.2,7.6,0.00,0.00,0,2.95,0,2.95,0,2.95,0,2.95
0.4,7.5,0.00,0.00,0,2.95,0,2.95,0,2.95,0,2.95
0.2,7.5,0.00,0.00,0,2.95,0,2.95,0,2.95,0,2.95
1.7,7.5,0.00,0.00,0,2.95,0,2.95,0,2.95,0,2.95
3.4,7.6,0.00,0.00,0,2.95,0,2.95,0,2.95,0,2.95
3.4,7.5,0.00,0.00,0,2.95,0,2.95,0,2.95,0,2.95
0.2,7.5,0.00,0.00,0,2.95,0,2.95,0,2.95,0,2.95
