1.5,8.0,0.00,0.00,0,2.95,0,2.95,0,2.95,0,2.95
1.5,8.0,0.00,0.00,0,2.95,0,2.95,0,2.95,0,2.95
0.2,8.0,0.00,0.00,0,2.95,0,2.95,0,2.95,0,2.95
2.1,8.0,0.00,0.00,0,2.95,0,2.95,0,2.95,0,2.95
2.1,8.0,0.00,0.00,0,2.95,0,2.95,0,2.95,0,2.95
0.4,8.0,0.00,0.00,0,2.95,0,2.95,0,2.95,0,2.95
4.8,8.3,0.00,0.00,0,2.95,0,2.95,0,2.95,0,2.95
4.4,8.6,0.00,0.00,0,2.95,0,2.95,0,2.95,0,2.95
5.0,9.1,0.00,0.00,0,2.95,0,2.95,0,2.95,0,2.95
4.4,9.4,0.00,0.00,0,2.95,0,2.95,0,2.95,0,2.95
5.2,12.3,0.00,0.00,3,17.89,0,2.95,0,2.95,0,2.95
2.1,13.2,0.00,0.00,2,18.7,0,2.95,0,2.95,0,2.95
2.5,13.4,0.00,0.00,0,18.7,0,2.95,0,2.95,0,2.95
2.7,13.6,0.00,0.00,0,18.7,0,2.95,0,2.95,0,2.95
2.5,13.8,0.00,0.00,0,18.7,0,2.95,0,2.95,0,2.95
2.7,14.1,0.00,0.00,0,18.7,0,2.95,0,2.95,0,2.95
7.7,14.3,0.00,0.00,0,18.7,0,2.95,0,2.95,0,2.95
89.4,14.7,0.00,0.00,0,18.7,0,2.95,0,2.95,0,2.95
58.0,16.2,0.00,0.00,1,22.75,0,2.95,0,2.95,0,2.95
20.3,18.4,0.00,0.00,49,35.93,0,2.95,0,2.95,0,2.95
77.6,19.3,0.00,0.00,67,35.93,0,2.95,0,2.95,0,2.95
14.4,20.2,0.00,0.00,69,35.93,0,5.92,2,7.14,0,5.48
20.5,25.7,0.00,0.00,69,35.93,7,18.99,8,20.8,4,13.44
16.3,29.5,0.00,0.00,72,35.93,3,23.92,0,23.92,0,13.44
16.3,30.4,0.00,0.00,67,35.93,0,23.92,0,23.92,0,13.44
16.6,31.1,0.00,0.00,70,35.93,0,23.92,0,23.92,0,13.44
18.1,32.1,0.00,0.00,71,35.93,0,23.92,0,23.92,0,13.44
15.9,32.6,0.00,0.00,61,35.93,0,23.92,0,23.92,0,13.44
14.5,33.3,0.00,0.00,61,35.93,0,23.92,0,23.92,0,13.44
13.7,33.8,0.00,0.00,65,35.93,0,23.92,0,23.92,0,13.44
13.8,34.5,0.00,0.00,68,35.93,0,23.92,0,23.92,0,13.63
20.0,35.7,0.00,0.00,71,35.93,2,27.24,1,28.71,3,26.18
22.5,41.1,0.00,0.00,68,35.93,4,36.67,45,36.67,90,26.18
31.2,41.4,0.00,0.00,73,35.93,84,36.67,89,36.67,85,26.18
24.3,41.9,0.00,0.00,62,35.93,85,36.67,90,36.67,90,26.18
24.2,42.1,0.00,0.00,67,35.93,86,36.67,88,36.67,91,26.18
21.5,42.7,0.00,0.00,64,36.15,85,36.67,89,36.67,89,26.18
20.6,42.3,0.00,0.00,2,40.38,88,36.67,85,36.67,83,26.18
23.0,43.9,0.00,0.00,20,48.02,85,36.67,90,36.67,88,26.18
33.1,44.4,0.00,0.00,38,48.02,81,36.67,82,36.67,85,26.18
18.2,44.9,0.00,0.00,36,48.02,89,36.67,88,36.67,90,26.18
19.5,45.2,0.00,0.00,41,48.02,87,36.67,82,36.67,89,26.18
20.3,45.3,0.00,0.00,41,48.02,90,36.67,90,36.67,92,26.18
21.0,45.6,0.00,0.00,41,48.02,88,36.67,92,36.67,90,26.18
21.3,45.7,0.00,0.00,44,48.02,90,36.67,92,36.67,89,26.18
19.3,45.9,0.00,0.00,43,48.02,91,36.67,93,36.67,93,26.18
17.3,45.9,0.00,0.00,44,48.02,92,36.67,92,36.67,90,26.18
16.8,45.9,0.00,0.00,43,48.02,88,36.67,91,36.67,89,26.18
17.2,45.9,0.00,0.00,47,48.02,90,36.67,91,36.67,90,26.18
18.7,45.9,0.00,0.00,43,48.02,91,36.67,90,36.67,91,26.18
31.8,45.9,0.00,0.00,44,48.02,84,36.67,13,37.74,0,22.98
16.8,42.4,0.00,0.00,39,48.02,3,24.91,7,26.18,4,2.95
13.6,32.0,0.00,0.00,43,48.02,91,26.18,93,26.18,0,2.95
13.4,32.0,0.00,0.00,42,48.02,90,26.18,94,26.18,0,2.95
13.6,31.9,0.00,0.00,43,48.02,89,26.18,92,26.18,0,2.95
13.2,31.9,0.00,0.00,44,48.02,92,26.18,90,26.18,0,2.95
13.8,31.9,0.00,0.00,43,48.02,90,26.18,93,26.18,0,2.95
14.0,31.9,0.00,0.00,43,48.02,93,26.18,90,26.18,0,2.95
14.4,31.9,0.00,0.00,42,48.02,90,26.18,93,26.18,0,2.95
15.6,31.9,0.00,0.00,42,48.02,90,26.18,93,26.18,0,2.95
13.6,31.9,0.00,0.00,44,48.02,90,26.18,94,26.18,0,2.95
14.2,31.9,0.00,0.00,40,48.02,90,26.18,93,26.18,0,2.95
13.0,31.9,0.00,0.00,41,48.02,90,26.18,94,26.18,0,2.95
13.6,31.9,0.00,0.00,44,48.02,93,26.18,92,26.18,0,2.95
13.6,31.9,0.00,0.00,43,48.02,91,26.18,94,26.18,0,2.95
13.6,31.9,0.00,0.00,43,48.02,91,26.18,93,26.18,0,2.95
13.4,31.9,0.00,0.00,45,48.02,95,26.18,90,26.18,0,2.95
13.9,31.9,0.00,0.00,42,48.02,93,26.18,89,26.18,0,2.95
13.9,31.9,0.00,0.00,43,48.02,94,26.18,89,26.18,0,2.95
12.6,31.9,0.00,0.00,43,48.02,91,26.18,90,26.18,0,2.95
11.2,31.9,0.00,0.00,42,48.09,91,26.18,94,26.18,0,2.95
17.3,30.2,0.00,0.00,6,46.53,92,26.18,95,26.18,0,2.95
20.0,26.3,0.00,0.00,68,28.28,94,26.18,91,26.18,0,2.95
17.2,25.9,0.00,0.00,68,28.28,92,26.18,93,26.18,0,2.95
16.4,25.9,0.00,0.00,64,28.28,89,26.18,95,26.18,0,2.95
19.1,25.9,0.00,0.00,70,28.28,94,26.18,96,26.18,0,2.95
16.3,25.9,0.00,0.00,68,28.28,91,26.18,95,26.18,0,2.95
16.8,25.9,0.00,0.00,68,28.28,95,26.18,92,26.4,0,2.95
19.4,24.3,0.00,0.00,67,28.28,0,25.3,1,2.95,0,2.95
10.4,14.5,0.00,0.00,65,28.28,4,2.95,4,2.95,0,2.95
8.4,14.2,0.00,0.00,66,28.28,0,2.95,0,2.95,0,2.95
8.7,14.2,0.00,0.00,68,28.28,0,2.95,0,2.95,0,2.95
12.7,14.6,0.00,0.00,69,28.28,0,2.95,0,2.95,0,2.95
11.9,14.8,0.00,0.00,67,28.28,0,2.95,0,2.95,0,2.95
23.0,16.2,0.00,0.00,57,28.28,0,2.95,0,2.95,0,2.95
20.5,16.9,0.00,0.00,56,28.28,0,2.95,0,2.95,0,4.55
19.9,18.7,0.00,0.00,73,28.28,0,8.11,4,10.79,5,13.84
20.3,25.6,0.00,0.00,69,28.28,6,21.48,10,23.92,9,23.92
14.8,28.3,0.00,0.00,69,28.28,3,23.92,0,23.92,0,23.92
13.4,27.4,0.00,0.00,0,28.28,0,23.92,0,23.92,0,23.92
99.0,28.3,0.00,0.00,0,28.28,0,23.92,0,23.92,0,23.92
64.5,29.1,0.00,0.00,0,28.28,0,23.92,0,23.92,0,23.92
46.4,29.9,0.00,0.00,0,28.28,0,23.92,0,23.92,0,23.92
89.6,30.7,0.00,0.00,0,28.28,0,23.92,0,23.92,0,23.92
80.2,31.6,0.00,0.00,0,28.28,0,23.92,0,23.92,0,23.92
50.6,32.4,0.00,0.00,0,28.28,0,24.02,0,24.07,0,25.51
43.9,35.5,0.00,0.00,0,28.28,3,34.13,4,34.08,3,36.67
27.3,39.5,0.00,0.00,27,28.28,88,36.67,66,36.67,91,36.67
25.3,40.1,0.00,0.00,66,28.28,87,36.67,88,36.67,88,36.67
27.6,40.7,0.00,0.00,59,28.28,84,36.67,89,36.67,88,36.67
26.0,41.1,0.00,0.00,63,28.28,87,36.67,86,36.67,90,36.67
26.2,41.8,0.00,0.00,64,28.28,89,36.67,85,36.67,87,36.67
24.9,42.2,0.00,0.00,61,28.28,85,36.67,88,36.67,86,36.67
26.8,42.9,0.00,0.00,68,28.28,86,36.67,89,36.67,87,36.67
29.7,43.3,0.00,0.00,63,28.28,89,36.67,85,36.67,91,36.67
20.0,43.9,0.00,0.00,66,28.28,89,36.67,91,36.67,91,36.67
20.3,43.8,0.00,0.00,66,28.28,91,36.67,89,36.67,90,36.67
19.1,43.8,0.00,0.00,69,28.28,95,36.67,93,36.67,87,36.67
19.9,43.8,0.00,0.00,66,28.28,94,36.67,92,36.67,92,36.67
19.3,43.8,0.00,0.00,69,28.28,93,36.67,94,36.67,90,36.67
20.7,43.8,0.00,0.00,69,28.28,92,36.67,93,36.67,91,36.67
19.0,43.8,0.00,0.00,69,28.28,90,36.67,89,36.67,91,36.67
21.2,43.8,0.00,0.00,67,28.28,91,36.67,90,36.67,93,36.67
19.8,43.8,0.00,0.00,64,28.28,92,36.67,88,36.67,89,36.67
15.4,43.8,0.00,0.00,68,28.28,91,36.67,92,36.67,93,36.67
21.2,42.3,0.00,0.00,0,28.28,90,36.93,15,37.62,18,35.84
16.7,38.9,0.00,0.00,0,28.28,4,24.28,5,26.18,8,26.18
16.5,30.9,0.00,0.00,0,28.28,88,26.18,94,26.18,91,26.18
14.2,30.7,0.00,0.00,0,28.28,91,26.18,89,26.18,92,26.18
14.9,30.9,0.00,0.00,0,28.28,92,26.18,91,26.18,95,26.18
14.0,31.1,0.00,0.00,0,28.28,92,26.18,92,26.18,90,26.18
14.6,31.4,0.00,0.00,0,28.28,90,26.18,95,26.18,94,26.18
16.0,31.5,0.00,0.00,0,28.28,86,26.18,94,26.18,95,26.18
19.1,31.6,0.00,0.00,69,28.28,95,26.18,94,26.18,92,26.18
18.5,31.6,0.00,0.00,66,28.28,95,26.18,94,26.18,92,26.18
19.2,31.6,0.00,0.00,68,28.28,94,26.18,91,26.18,95,26.18
19.8,31.6,0.00,0.00,67,28.28,92,26.18,89,26.18,95,26.18
21.0,31.6,0.00,0.00,66,28.28,93,26.18,92,26.18,91,26.18
18.8,31.6,0.00,0.00,67,28.28,94,26.18,92,26.18,94,26.18
20.2,31.6,0.00,0.00,67,28.28,93,26.18,94,26.18,96,26.18
21.3,31.6,0.00,0.00,71,28.28,94,26.18,93,26.18,91,26.18
20.0,31.6,0.00,0.00,63,28.28,93,26.18,92,26.18,91,26.18
20.7,31.6,0.00,0.00,66,28.28,93,26.18,91,26.18,94,26.18
19.2,31.6,0.00,0.00,69,28.28,94,26.18,95,26.18,91,26.18
19.8,31.6,0.00,0.00,70,28.28,95,26.18,94,26.18,94,26.18
16.4,31.6,0.00,0.00,68,28.28,96,26.18,9,25.98,13,24.01
15.0,26.3,0.00,0.00,66,28.28,1,2.95,4,2.95,4,2.95
7.8,14.2,0.00,0.00,69,28.28,0,2.95,0,2.95,0,2.95
9.7,14.2,0.00,0.00,68,28.28,0,2.95,0,2.95,0,2.95
7.7,14.1,0.00,0.00,69,28.28,0,2.95,0,2.95,0,2.95
9.0,14.1,0.00,0.00,62,28.28,0,2.95,0,2.95,0,2.95
6.8,13.0,0.00,0.00,0,28.28,0,2.95,0,2.95,0,2.95
8.5,13.5,0.00,0.00,0,28.28,0,2.95,0,2.95,0,2.95
8.5,14.5,0.00,0.00,0,28.28,0,2.95,0,2.95,0,2.95
9.1,15.0,0.00,0.00,0,28.28,0,3.07,0,4.55,1,6.06
8.7,18.8,0.00,0.00,0,28.28,2,11.82,6,17.98,4,17.98
14.4,21.3,0.00,0.00,0,28.28,2,11.82,0,17.98,0,17.98
8.7,22.1,0.00,0.00,0,28.28,0,11.82,0,17.98,0,17.98
8.9,22.9,0.00,0.00,0,28.28,0,11.82,0,17.98,0,17.98
12.3,23.5,0.00,0.00,30,28.28,0,11.82,0,17.98,0,17.98
14.8,24.2,0.00,0.00,68,28.28,0,11.82,0,17.98,0,17.98
14.2,24.7,0.00,0.00,73,28.28,0,11.82,0,17.98,0,17.98
32.8,25.4,0.00,0.00,75,28.28,0,11.82,0,17.98,0,17.98
15.2,26.0,0.00,0.00,72,28.28,0,11.82,0,17.98,0,19.2
16.6,28.1,0.00,0.00,64,28.28,3,17.76,2,23.1,10,33.21
26.8,32.0,0.00,0.00,71,28.28,90,22.76,78,33.21,99,33.21
27.5,32.0,0.00,0.00,64,28.28,71,22.76,99,33.21,98,33.21
29.6,32.0,0.00,0.00,64,28.28,73,22.76,99,33.21,99,33.21
27.9,32.0,0.00,0.00,67,28.28,63,22.76,99,33.21,98,33.21
28.8,32.0,0.00,0.00,63,28.28,69,22.76,99,33.21,99,33.21
30.5,32.0,0.00,0.00,68,28.28,65,22.76,99,33.21,99,33.21
29.2,32.0,0.00,0.00,67,28.28,65,22.76,99,33.21,99,33.21
29.4,32.0,0.00,0.00,69,28.28,67,22.76,99,33.21,99,33.21
29.1,32.0,0.00,0.00,67,28.28,64,22.76,99,33.21,99,33.21
28.6,32.0,0.00,0.00,66,28.28,70,22.76,99,33.21,99,33.21
28.8,32.0,0.00,0.00,65,28.28,72,22.76,99,33.21,99,33.21
24.2,32.0,0.00,0.00,68,28.28,80,22.76,0,33.26,0,32.72
16.1,26.6,0.00,0.00,0,2.95,93,22.76,4,2.95,6,2.95
9.9,14.2,0.00,0.00,0,2.95,94,22.76,0,2.95,0,2.95
10.9,14.1,0.00,0.00,0,2.95,94,22.79,0,2.95,0,2.95
2.3,12.3,0.00,0.00,0,2.95,0,2.95,0,2.95,0,2.95
0.2,8.0,0.00,0.00,0,2.95,0,2.95,0,2.95,0,2.95
1.2,8.0,0.00,0.00,0,2.95,0,2.95,0,2.95,0,2.95
0.2,8.0,0.00,0.00,0,2.95,0,2.95,0,2.95,0,2.95
4.2,8.5,0.00,0.00,0,2.95,0,2.95,0,2.95,0,2.95
4.4,8.9,0.00,0.00,0,2.95,0,2.95,0,2.95,0,2.95
69.6,9.3,0.00,0.00,0,2.95,0,2.95,0,2.95,0,2.95
4.0,10.3,0.00,0.00,1,9.81,0,2.95,0,2.95,0,2.95
25.3,13.1,0.00,0.00,6,20.92,0,2.95,0,2.95,0,2.95
4.4,13.3,0.00,0.00,0,20.92,0,2.95,0,2.95,0,2.95
2.3,13.6,0.00,0.00,0,20.92,0,2.95,0,2.95,0,2.95
2.1,13.8,0.00,0.00,0,20.92,0,2.95,0,2.95,0,2.95
2.5,14.1,0.00,0.00,0,20.92,0,2.95,0,2.95,0,2.95
2.5,14.3,0.00,0.00,0,20.92,0,2.95,0,2.95,0,2.95
25.9,14.5,0.00,0.00,0,20.92,0,2.95,0,2.95,0,2.95
90.8,15.7,0.00,0.00,0,25.43,0,2.95,0,2.95,0,2.95
7.5,16.8,0.00,0.00,24,32.78,0,2.95,0,2.95,0,2.95
8.1,17.1,0.00,0.00,43,32.78,0,2.95,0,2.95,0,2.95
7.7,17.2,0.00,0.00,45,32.78,0,2.95,0,2.95,0,2.95
7.7,17.5,0.00,0.00,47,32.78,0,2.95,0,2.95,0,2.95
9.0,17.7,0.00,0.00,46,32.78,0,2.95,0,2.95,0,2.95
8.1,17.9,0.00,0.00,39,32.78,0,2.95,0,2.95,0,2.95
7.3,18.1,0.00,0.00,41,32.78,0,2.95,0,2.95,0,2.95
5.8,18.2,0.00,0.00,43,32.78,0,2.95,0,2.95,0,2.95
5.6,18.2,0.00,0.00,42,32.78,0,2.95,0,2.95,0,2.95
5.2,18.2,0.00,0.00,41,32.78,0,2.95,0,2.95,0,2.95
6.0,18.2,0.00,0.00,39,32.78,0,2.95,0,2.95,0,2.95
5.6,18.2,0.00,0.00,43,32.78,0,2.95,0,2.95,0,2.95
6.3,18.2,0.00,0.00,43,32.78,0,2.95,0,2.95,0,2.95
5.8,18.2,0.00,0.00,46,32.78,0,2.95,0,2.95,0,2.95
5.4,18.2,0.00,0.00,42,32.78,0,2.95,0,2.95,0,2.95
6.5,18.2,0.00,0.00,44,32.78,0,2.95,0,2.95,0,2.95
6.0,18.2,0.00,0.00,42,32.78,0,2.95,0,2.95,0,2.95
5.6,18.2,0.00,0.00,40,32.78,0,2.95,0,2.95,0,2.95
5.6,18.2,0.00,0.00,39,32.78,0,2.95,0,2.95,0,2.95
5.8,18.2,0.00,0.00,43,32.78,0,2.95,0,2.95,0,2.95
5.2,18.2,0.00,0.00,46,32.78,0,2.95,0,2.95,0,2.95
5.8,18.2,0.00,0.00,44,32.78,0,2.95,0,2.95,0,2.95
5.8,18.2,0.00,0.00,41,32.78,0,2.95,0,2.95,0,2.95
6.0,18.2,0.00,0.00,42,32.78,0,2.95,0,2.95,0,2.95
6.0,18.2,0.00,0.00,41,32.78,0,2.95,0,2.95,0,2.95
5.8,18.2,0.00,0.00,41,32.78,0,2.95,0,2.95,0,2.95
7.1,18.2,0.00,0.00,44,32.78,0,2.95,0,2.95,0,2.95
6.4,18.2,0.00,0.00,42,32.78,0,2.95,0,2.95,0,2.95
5.6,18.2,0.00,0.00,41,32.78,0,2.95,0,2.95,0,2.95
5.4,18.2,0.00,0.00,39,32.78,0,2.95,0,2.95,0,2.95
6.6,18.2,0.00,0.00,44,32.78,0,2.95,0,2.95,0,2.95
5.8,18.2,0.00,0.00,40,32.78,0,2.95,0,2.95,0,2.95
5.9,18.2,0.00,0.00,40,32.78,0,2.95,0,2.95,0,2.95
9.3,18.2,0.00,0.00,41,33.13,0,2.95,0,2.95,0,2.95
5.0,14.3,0.00,0.00,8,26.91,0,2.95,0,2.95,0,2.95
6.4,14.0,0.00,0.00,74,26.91,0,2.95,0,2.95,0,2.95
5.2,14.0,0.00,0.00,89,26.91,0,2.95,0,2.95,0,2.95
6.3,14.0,0.00,0.00,89,26.91,0,2.95,0,2.95,0,2.95
5.0,14.0,0.00,0.00,93,26.91,0,2.95,0,2.95,0,2.95
5.2,14.0,0.00,0.00,93,26.91,0,2.95,0,2.95,0,2.95
4.4,14.0,0.00,0.00,93,26.91,0,2.95,0,2.95,0,2.95
4.6,14.0,0.00,0.00,93,26.91,0,2.95,0,2.95,0,2.95
5.0,14.0,0.00,0.00,89,26.91,0,2.95,0,2.95,0,2.95
4.8,14.0,0.00,0.00,92,26.91,0,2.95,0,2.95,0,2.95
5.0,14.0,0.00,0.00,90,26.91,0,2.95,0,2.95,0,2.95
4.8,14.0,0.00,0.00,92,26.91,0,2.95,0,2.95,0,2.95
4.6,14.0,0.00,0.00,92,26.91,0,2.95,0,2.95,0,2.95
5.9,14.0,0.00,0.00,92,26.91,0,2.95,0,2.95,0,2.95
4.6,14.0,0.00,0.00,93,26.91,0,2.95,0,2.95,0,2.95
5.0,14.0,0.00,0.00,91,26.91,0,2.95,0,2.95,0,2.95
4.6,14.0,0.00,0.00,93,26.91,0,2.95,0,2.95,0,2.95
4.6,14.0,0.00,0.00,93,26.91,0,2.95,0,2.95,0,2.95
5.2,14.0,0.00,0.00,93,26.91,0,2.95,0,2.95,0,2.95
5.0,14.0,0.00,0.00,90,26.91,0,2.95,0,2.95,0,2.95
4.8,14.0,0.00,0.00,94,26.91,0,2.95,0,2.95,0,2.95
4.6,14.0,0.00,0.00,94,26.91,0,2.95,0,2.95,0,2.95
5.4,14.0,0.00,0.00,88,26.91,0,2.95,0,2.95,0,2.95
7.1,14.0,0.00,0.00,94,26.91,0,2.95,0,2.95,0,2.95
4.4,14.0,0.00,0.00,95,26.91,0,2.95,0,2.95,0,2.95
4.6,14.0,0.00,0.00,95,26.91,0,2.95,0,2.95,0,2.95
5.0,14.0,0.00,0.00,95,26.91,0,2.95,0,2.95,0,2.95
4.8,14.0,0.00,0.00,94,26.91,0,2.95,0,2.95,0,2.95
5.0,13.9,0.00,0.00,93,26.91,0,2.95,0,2.95,0,2.95
4.8,13.9,0.00,0.00,93,26.91,0,2.95,0,2.95,0,2.95
4.8,14.0,0.00,0.00,91,26.91,0,2.95,0,2.95,0,2.95
5.0,14.0,0.00,0.00,89,26.91,0,2.95,0,2.95,0,2.95
5.0,13.9,0.00,0.00,90,26.91,0,2.95,0,2.95,0,2.95
6.9,14.0,0.00,0.00,94,26.91,0,2.95,0,2.95,0,2.95
4.8,13.9,0.00,0.00,94,26.91,0,2.95,0,2.95,0,2.95
4.8,13.9,0.00,0.00,95,26.91,0,2.95,0,2.95,0,2.95
4.8,13.9,0.00,0.00,95,26.91,0,2.95,0,2.95,0,2.95
5.0,14.0,0.00,0.00,92,26.91,0,2.95,0,2.95,0,2.95
4.8,13.9,0.00,0.00,91,26.91,0,2.95,0,2.95,0,2.95
4.6,13.9,0.00,0.00,90,26.91,0,2.95,0,2.95,0,2.95
5.0,13.9,0.00,0.00,94,26.91,0,2.95,0,2.95,0,2.95
5.0,13.9,0.00,0.00,93,26.91,0,2.95,0,2.95,0,2.95
5.2,13.9,0.00,0.00,94,26.91,0,2.95,0,2.95,0,2.95
5.6,13.9,0.00,0.00,95,26.91,0,2.95,0,2.95,0,2.95
4.8,13.9,0.00,0.00,92,26.91,0,2.95,0,2.95,0,2.95
2.1,12.2,0.00,0.00,32,23.1,0,2.95,0,2.95,0,2.95
488.55