3.1,7.2,0.00,0.00,0,2.67,0,2.67,0,2.67,0,2.67
2.5,7.2,0.00,0.00,0,2.67,0,2.67,0,2.67,0,2.67
1.0,7.2,0.00,0.00,0,2.67,0,2.67,0,2.67,0,2.67
0.0,7.2,0.00,0.00,0,2.67,0,2.67,0,2.67,0,2.67
0.4,7.2,0.00,0.00,0,2.67,0,2.67,0,2.67,0,2.67
0.4,7.2,0.00,0.00,0,2.67,0,2.67,0,2.67,0,2.67
2.3,7.4,0.00,0.00,0,2.67,0,2.67,0,2.67,0,2.67
2.5,7.6,0.00,0.00,0,2.67,0,2.67,0,2.67,0,2.67
6.6,8.2,0.00,0.00,0,2.67,0,2.67,0,2.67,0,2.67
7.7,8.6,0.00,0.00,0,2.67,0,2.67,0,2.67,0,2.67
7.5,8.9,0.00,0.00,0,4.15,0,6.0,2,7.37,0,2.67
4.2,13.5,0.00,0.00,3,9.76,3,9.81,1,9.81,0,2.67
8.5,15.0,0.00,0.00,0,9.81,0,9.81,0,9.81,0,2.67
9.1,15.5,0.00,0.00,0,9.81,0,9.81,0,9.81,0,2.67
8.5,16.6,0.00,0.00,0,9.81,0,9.81,0,9.81,0,2.67
8.5,17.2,0.00,0.00,0,9.81,0,9.81,0,9.81,0,5.02
8.4,18.9,0.00,0.00,0,9.81,0,9.81,0,9.81,4,18.43
8.3,20.3,0.00,0.00,0,9.81,0,9.81,0,9.81,0,18.43
8.7,21.3,0.00,0.00,0,9.81,0,9.81,0,9.81,0,18.43
8.3,21.9,0.00,0.00,0,9.81,0,10.49,0,12.1,0,18.43
71.7,25.2,0.00,0.00,15,23.19,22,23.19,76,23.19,0,18.43
23.9,25.4,0.00,0.00,76,23.19,74,23.19,65,23.19,0,18.43
14.3,25.6,0.00,0.00,82,23.19,79,23.19,74,23.19,0,18.43
14.0,25.9,0.00,0.00,80,23.19,78,23.19,71,23.19,0,18.43
10.8,26.0,0.00,0.00,74,23.19,73,23.19,78,23.19,2,29.9
16.4,26.9,0.00,0.00,80,23.19,58,23.19,79,23.19,92,29.9
14.2,26.9,0.00,0.00,78,23.19,72,23.19,70,23.19,93,29.9
14.4,26.9,0.00,0.00,82,23.19,76,23.19,72,23.19,91,29.9
18.2,26.9,0.00,0.00,83,23.19,70,23.19,78,23.19,92,29.9
14.6,26.9,0.00,0.00,80,23.19,75,23.19,75,23.19,92,29.9
17.3,27.0,0.00,0.00,76,23.19,65,23.19,78,23.19,95,29.9
16.1,26.9,0.00,0.00,73,23.19,73,23.19,79,23.19,94,29.9
16.5,26.9,0.00,0.00,68,23.19,70,23.19,82,23.19,97,29.9
18.6,27.0,0.00,0.00,79,23.19,58,23.19,82,23.19,94,29.9
15.6,26.9,0.00,0.00,80,23.19,58,23.19,76,23.19,95,29.9
14.5,27.0,0.00,0.00,84,23.19,62,23.19,76,23.19,94,29.9
16.1,27.0,0.00,0.00,74,23.19,69,23.19,84,23.19,90,29.9
16.1,27.0,0.00,0.00,81,23.19,71,23.19,73,23.19,87,29.9
16.4,27.0,0.00,0.00,75,23.19,81,23.19,73,23.19,96,29.9
16.0,26.9,0.00,0.00,79,23.19,77,23.19,71,23.19,93,29.9
17.7,26.9,0.00,0.00,78,23.19,77,23.19,79,23.19,94,29.9
13.5,26.9,0.00,0.00,86,23.19,64,23.19,82,23.19,95,29.9
16.9,26.9,0.00,0.00,80,23.19,73,23.19,73,23.19,94,29.9
14.4,26.9,0.00,0.00,78,23.19,57,23.19,83,23.19,91,29.9
15.7,26.9,0.00,0.00,85,23.19,50,23.19,81,23.19,91,29.9
15.0,27.0,0.00,0.00,85,23.19,59,23.19,83,23.19,97,29.9
14.6,26.9,0.00,0.00,83,23.19,57,23.19,86,23.19,94,29.9
12.3,26.9,0.00,0.00,76,23.19,78,23.19,78,23.29,96,29.9
30.5,26.9,0.00,0.00,80,23.29,13,23.29,0,23.29,97,29.9
11.9,22.7,0.00,0.00,0,23.29,0,23.29,0,23.29,93,29.9
11.3,23.1,0.00,0.00,0,23.29,0,23.29,0,23.29,88,29.9
11.9,23.9,0.00,0.00,0,23.29,0,23.29,0,23.29,88,29.9
12.7,24.2,0.00,0.00,0,23.29,0,23.29,0,23.29,87,29.9
11.7,25.0,0.00,0.00,0,23.29,0,23.29,0,23.29,88,29.9
12.3,25.5,0.00,0.00,0,23.29,0,23.29,0,23.29,85,29.9
9.2,24.6,0.00,0.00,0,23.29,0,23.29,0,23.29,0,29.9
8.8,25.3,0.00,0.00,0,23.29,0,23.29,0,23.29,0,29.9
14.2,25.9,0.00,0.00,91,23.29,75,23.29,70,23.29,0,29.9
14.8,26.1,0.00,0.00,74,23.29,80,23.29,81,23.29,0,29.9
10.7,26.3,0.00,0.00,71,23.29,78,23.29,72,23.29,0,29.9
10.9,26.5,0.00,0.00,73,23.29,78,23.29,70,23.29,0,29.9
99.8,26.8,0.00,0.00,76,23.29,78,23.29,70,23.29,0,29.9
12.5,26.9,0.00,0.00,82,23.29,83,23.29,67,23.29,51,29.9
15.5,27.1,0.00,0.00,87,23.29,56,23.29,88,23.29,92,29.9
16.9,27.1,0.00,0.00,91,23.29,56,23.29,87,23.29,97,29.9
13.6,27.0,0.00,0.00,86,23.29,65,23.29,86,23.29,96,29.9
15.4,27.0,0.00,0.00,85,23.29,65,23.29,79,23.29,97,29.9
16.7,27.0,0.00,0.00,82,23.29,64,23.29,83,23.29,98,29.9
17.5,27.1,0.00,0.00,89,23.29,65,23.29,85,23.29,97,29.9
17.4,27.0,0.00,0.00,78,23.29,66,23.29,73,23.29,96,29.9
17.4,27.0,0.00,0.00,80,23.29,68,23.29,71,23.29,97,29.9
15.2,27.0,0.00,0.00,77,23.29,76,23.29,72,23.29,93,29.9
17.8,27.0,0.00,0.00,82,23.29,68,23.29,75,23.29,91,29.9
15.6,27.0,0.00,0.00,81,23.29,68,23.29,83,23.29,96,29.9
17.9,27.0,0.00,0.00,82,23.29,71,23.29,83,23.29,94,29.9
16.0,27.0,0.00,0.00,86,23.29,74,23.29,75,23.29,98,29.9
14.9,27.0,0.00,0.00,85,23.29,68,23.29,84,23.29,87,29.9
14.6,27.0,0.00,0.00,81,23.29,59,23.29,75,23.29,97,29.9
13.6,27.0,0.00,0.00,79,23.29,81,23.29,72,23.29,98,29.9
16.0,27.0,0.00,0.00,78,23.29,72,23.29,77,23.29,96,29.9
14.0,27.0,0.00,0.00,83,23.29,70,23.29,69,23.29,98,29.9
17.6,27.0,0.00,0.00,76,23.29,81,23.29,69,23.29,97,29.9
14.2,27.0,0.00,0.00,81,23.29,64,23.29,78,23.29,98,29.9
16.9,27.0,0.00,0.00,71,23.29,77,23.29,78,23.29,94,29.9
11.9,27.0,0.00,0.00,85,23.29,71,23.29,47,23.29,96,29.9
99.8,22.4,0.00,0.00,0,23.29,0,23.29,0,23.29,85,29.9
94.2,22.9,0.00,0.00,0,23.29,0,23.29,0,23.29,95,29.9
42.2,23.6,0.00,0.00,0,23.29,0,23.29,0,23.29,97,29.9
75.6,24.1,0.00,0.00,0,23.29,0,23.29,0,23.29,96,29.9
78.6,24.8,0.00,0.00,0,23.29,0,23.29,0,23.29,97,29.9
12.9,25.3,0.00,0.00,0,23.29,0,23.29,0,23.29,90,29.9
53.7,26.0,0.00,0.00,0,23.29,0,23.29,0,23.29,90,29.9
72.3,26.5,0.00,0.00,0,23.29,0,23.29,0,23.29,93,29.9
20.9,26.7,0.00,0.00,0,23.29,49,23.29,56,23.29,0,29.9
12.3,25.7,0.00,0.00,77,23.29,73,23.29,74,23.29,0,29.9
19.8,25.8,0.00,0.00,72,23.29,77,23.29,75,23.29,0,29.9
12.9,26.1,0.00,0.00,78,23.29,86,23.29,79,23.29,0,29.9
13.9,26.3,0.00,0.00,75,23.29,84,23.29,69,23.29,0,29.9
11.9,26.5,0.00,0.00,71,23.29,73,23.29,80,23.29,0,29.9
13.6,26.7,0.00,0.00,83,23.29,81,23.29,72,23.29,0,29.9
15.1,26.9,0.00,0.00,80,23.29,88,23.29,63,23.29,0,29.9
14.0,27.0,0.00,0.00,75,23.29,81,23.29,78,23.29,94,29.9
16.1,27.0,0.00,0.00,74,23.29,72,23.29,73,23.29,97,29.9
16.3,27.0,0.00,0.00,78,23.29,73,23.29,81,23.29,98,29.9
15.2,27.0,0.00,0.00,84,23.29,74,23.29,75,23.29,97,29.9
14.0,27.0,0.00,0.00,83,23.29,56,23.29,86,23.29,98,29.9
13.9,27.0,0.00,0.00,87,23.29,52,23.29,86,23.29,96,29.9
13.8,27.0,0.00,0.00,85,23.29,58,23.29,83,23.29,97,29.9
14.8,27.0,0.00,0.00,87,23.29,58,23.29,84,23.29,97,29.9
13.8,27.0,0.00,0.00,87,23.29,55,23.29,87,23.29,94,29.9
14.3,27.0,0.00,0.00,90,23.29,53,23.29,86,23.29,97,29.9
17.4,27.0,0.00,0.00,87,23.29,57,23.29,84,23.29,97,29.9
14.0,27.0,0.00,0.00,84,23.29,55,23.29,86,23.29,95,29.9
16.0,27.0,0.00,0.00,81,23.29,74,23.29,71,23.29,98,29.9
17.3,27.0,0.00,0.00,79,23.29,76,23.29,73,23.29,95,29.9
16.5,27.0,0.00,0.00,87,23.29,64,23.29,71,23.29,97,29.9
16.0,27.0,0.00,0.00,77,23.29,76,23.29,83,23.29,98,29.9
17.7,27.0,0.00,0.00,76,23.29,78,23.29,78,23.29,90,29.9
16.1,27.0,0.00,0.00,74,23.29,75,23.29,71,23.29,29,29.9
16.2,27.0,0.00,0.00,71,23.29,71,23.29,75,23.29,35,29.9
18.3,27.0,0.00,0.00,72,23.29,67,23.29,72,23.29,48,29.9
13.4,27.0,0.00,0.00,77,23.29,69,23.29,56,23.29,51,29.9
90.4,22.4,0.00,0.00,0,23.29,0,23.29,0,23.29,87,29.9
44.1,22.9,0.00,0.00,0,23.29,0,23.29,0,23.29,96,29.9
51.1,23.6,0.00,0.00,0,23.29,0,23.29,0,23.29,97,29.9
23.3,24.1,0.00,0.00,0,23.29,0,23.29,0,23.29,95,29.9
65.9,24.7,0.00,0.00,0,23.29,0,23.29,0,23.29,88,29.9
28.2,25.3,0.00,0.00,0,23.29,0,23.29,0,23.29,90,29.9
74.5,25.9,0.00,0.00,0,23.29,0,23.29,0,23.29,91,29.9
54.1,26.5,0.00,0.00,0,23.29,0,23.29,0,23.29,87,29.9
25.9,27.0,0.00,0.00,0,23.29,28,23.29,13,23.29,99,29.9
16.3,27.0,0.00,0.00,76,23.29,81,23.29,70,23.29,95,29.9
14.6,27.0,0.00,0.00,83,23.29,77,23.29,73,23.29,98,29.9
15.7,27.0,0.00,0.00,73,23.29,76,23.29,82,23.29,42,29.9
11.9,25.5,0.00,0.00,79,23.29,69,23.29,71,23.29,0,29.9
18.5,25.7,0.00,0.00,72,23.29,83,23.29,71,23.29,0,29.9
12.4,26.0,0.00,0.00,76,23.29,82,23.29,68,23.29,0,29.9
14.8,26.1,0.00,0.00,80,23.29,80,23.29,66,23.29,0,29.9
10.6,26.4,0.00,0.00,67,23.29,79,23.29,79,23.29,0,29.9
12.7,26.5,0.00,0.00,77,23.29,80,23.29,74,23.29,0,29.9
11.5,26.8,0.00,0.00,83,23.29,76,23.29,71,23.29,0,29.9
14.2,27.0,0.00,0.00,76,23.29,86,23.29,67,23.29,95,29.9
17.4,27.0,0.00,0.00,71,23.29,82,23.29,74,23.29,91,29.9
14.3,27.0,0.00,0.00,71,23.29,76,23.29,78,23.29,92,29.9
14.6,27.0,0.00,0.00,82,23.29,75,23.29,81,23.29,97,29.9
17.4,27.0,0.00,0.00,79,23.29,75,23.29,73,23.29,98,29.9
14.8,27.0,0.00,0.00,78,23.29,75,23.29,70,23.29,98,29.9
17.4,27.0,0.00,0.00,71,23.29,77,23.29,74,23.29,97,29.9
13.2,27.0,0.00,0.00,76,23.29,72,23.29,76,23.29,94,29.9
14.8,27.0,0.00,0.00,77,23.29,70,23.29,86,23.29,92,29.9
16.5,27.0,0.00,0.00,74,23.29,73,23.29,81,23.29,94,29.9
13.0,27.0,0.00,0.00,73,23.29,61,23.29,90,23.29,99,29.9
14.0,27.0,0.00,0.00,91,23.29,65,23.29,86,23.29,99,29.9
13.6,27.0,0.00,0.00,78,23.29,69,23.29,78,23.29,99,29.9
15.6,27.0,0.00,0.00,77,23.29,77,23.29,80,23.29,99,29.9
13.8,27.0,0.00,0.00,78,23.29,76,23.29,73,23.29,95,29.9
15.0,27.0,0.00,0.00,79,23.29,77,23.29,74,23.29,96,29.9
32.1,27.0,0.00,0.00,84,23.29,23,23.29,0,23.29,86,29.9
11.9,22.6,0.00,0.00,0,23.29,0,23.29,0,23.29,99,29.9
11.9,23.0,0.00,0.00,0,23.29,0,23.29,0,23.29,98,29.9
11.9,23.8,0.00,0.00,0,23.29,0,23.29,0,23.29,96,29.9
12.1,24.3,0.00,0.00,0,23.29,0,23.29,0,23.29,94,29.9
11.7,25.0,0.00,0.00,0,23.29,0,23.29,0,23.29,92,29.9
11.9,25.4,0.00,0.00,0,23.29,0,23.29,0,23.29,96,29.9
12.1,26.2,0.00,0.00,0,23.29,0,23.29,0,23.29,98,29.9
11.7,26.6,0.00,0.00,0,23.29,0,23.29,0,23.29,95,29.9
15.2,27.1,0.00,0.00,86,23.29,77,23.29,81,23.29,98,29.9
14.9,27.1,0.00,0.00,79,23.29,73,23.29,82,23.29,98,29.9
14.9,27.1,0.00,0.00,79,23.29,84,23.29,68,23.29,98,29.9
15.4,27.0,0.00,0.00,82,23.29,84,23.29,71,23.29,97,29.9
14.6,27.0,0.00,0.00,66,23.29,86,23.29,82,23.29,98,29.9
14.2,27.0,0.00,0.00,71,23.29,84,23.29,73,23.29,82,29.9
12.3,25.4,0.00,0.00,59,23.29,87,23.29,77,23.29,4,2.67
11.0,22.0,0.00,0.00,72,23.29,87,23.29,74,23.29,0,2.67
10.3,22.0,0.00,0.00,78,23.29,88,23.29,74,23.29,0,2.67
10.0,22.0,0.00,0.00,70,23.29,87,23.29,82,23.29,0,2.67
9.8,22.0,0.00,0.00,70,23.29,89,23.29,75,23.29,0,2.67
13.3,22.0,0.00,0.00,81,23.29,88,23.29,69,23.29,0,2.67
11.8,22.0,0.00,0.00,80,23.29,89,23.29,74,23.29,0,2.67
11.7,22.0,0.00,0.00,83,23.29,85,23.29,81,23.29,0,2.67
10.4,22.0,0.00,0.00,77,23.29,85,23.29,72,23.29,0,2.67
12.7,22.0,0.00,0.00,85,23.29,87,23.29,77,23.29,0,2.67
10.4,22.0,0.00,0.00,78,23.29,85,23.29,79,23.29,0,2.67
9.2,22.0,0.00,0.00,73,23.29,85,23.29,70,23.29,0,2.67
10.2,22.0,0.00,0.00,83,23.29,85,23.29,70,23.29,0,2.67
9.0,22.0,0.00,0.00,85,23.29,86,23.29,72,23.29,0,2.67
8.8,22.0,0.00,0.00,77,23.29,84,23.29,77,23.29,0,2.67
11.9,22.0,0.00,0.00,81,23.29,85,23.29,74,23.29,0,2.67
9.8,22.0,0.00,0.00,84,23.29,86,23.29,81,23.29,0,2.67
11.4,22.0,0.00,0.00,77,23.29,82,23.29,74,23.29,0,2.67
11.9,22.0,0.00,0.00,81,23.29,81,23.29,71,23.29,0,2.67
6.3,22.0,0.00,0.00,80,23.29,85,23.29,81,23.29,0,2.67
6.5,17.1,0.00,0.00,0,23.29,0,23.29,0,23.29,0,2.67
7.0,17.8,0.00,0.00,0,23.29,0,23.29,0,23.29,0,2.67
8.7,18.5,0.00,0.00,0,23.29,0,23.29,0,23.29,0,2.67
73.1,19.1,0.00,0.00,0,23.29,0,23.29,0,23.29,0,2.67
6.2,19.8,0.00,0.00,0,23.29,0,23.29,0,23.29,0,2.67
21.7,20.4,0.00,0.00,0,23.29,0,23.29,0,23.29,0,2.67
24.0,21.1,0.00,0.00,0,23.29,0,23.29,0,23.29,0,2.67
82.8,21.6,0.00,0.00,0,23.29,0,23.29,0,23.29,0,2.67
10.8,22.0,0.00,0.00,20,23.29,65,23.29,78,23.29,0,2.67
11.3,22.0,0.00,0.00,72,23.29,87,23.29,73,23.29,0,2.67
9.0,22.0,0.00,0.00,80,23.29,82,23.29,82,23.29,0,2.67
10.0,22.0,0.00,0.00,70,23.29,88,23.29,79,23.29,0,2.67
9.4,22.0,0.00,0.00,79,23.29,80,23.29,76,23.29,0,2.67
9.6,22.0,0.00,0.00,82,23.29,78,23.29,78,23.29,0,2.67
12.0,22.0,0.00,0.00,78,23.29,79,23.29,79,23.29,0,2.67
9.8,22.0,0.00,0.00,88,23.29,60,23.29,85,23.29,0,2.67
8.1,22.0,0.00,0.00,83,23.29,63,23.29,84,23.29,0,2.67
9.3,22.0,0.00,0.00,83,23.29,65,23.29,81,23.29,0,2.67
9.4,22.0,0.00,0.00,72,23.29,80,23.29,82,23.29,0,2.67
10.4,22.0,0.00,0.00,71,23.29,84,23.29,69,23.29,0,2.67
8.6,22.0,0.00,0.00,79,23.29,83,23.29,72,23.29,0,2.67
8.6,22.0,0.00,0.00,76,23.29,85,23.29,74,23.29,0,2.67
10.4,22.0,0.00,0.00,79,23.29,87,23.29,72,23.29,0,2.67
10.0,22.0,0.00,0.00,79,23.29,87,23.29,67,23.29,0,2.67
9.8,22.0,0.00,0.00,76,23.29,85,23.29,81,23.29,0,2.67
10.4,22.0,0.00,0.00,74,23.29,86,23.29,73,23.29,0,2.67
12.1,22.0,0.00,0.00,79,23.29,83,23.29,76,23.29,0,2.67
11.5,22.0,0.00,0.00,79,23.29,83,23.29,79,23.29,0,2.67
10.9,22.0,0.00,0.00,79,23.29,84,23.29,77,23.29,0,2.67
9.2,22.0,0.00,0.00,80,23.29,83,23.29,73,23.29,0,2.67
9.0,22.0,0.00,0.00,74,23.29,84,23.29,77,23.29,0,2.67
12.3,22.0,0.00,0.00,84,23.29,70,23.29,81,23.29,0,2.67
10.4,22.0,0.00,0.00,83,23.29,62,23.29,79,23.29,0,2.67
8.9,22.0,0.00,0.00,85,23.29,65,23.29,82,23.29,0,2.67
6.5,21.9,0.00,0.00,79,23.29,68,23.29,64,23.29,0,2.67
89.1,17.4,0.00,0.00,0,23.29,0,23.29,0,23.29,0,2.67
80.6,17.9,0.00,0.00,0,23.29,0,23.29,0,23.29,0,2.67
37.7,18.7,0.00,0.00,0,23.29,0,23.29,0,23.29,0,2.67
95.8,19.2,0.00,0.00,0,23.29,0,23.29,0,23.29,0,2.67
98.2,19.9,0.00,0.00,0,23.29,0,23.29,0,23.29,0,2.67
7.5,20.4,0.00,0.00,0,23.29,0,23.29,0,23.29,0,2.67
6.5,21.2,0.00,0.00,0,23.29,0,23.29,0,23.29,0,2.67
6.7,21.6,0.00,0.00,0,23.29,5,23.29,0,23.29,0,2.67
7.9,22.0,0.00,0.00,53,23.29,64,23.29,78,23.29,0,2.67
12.3,22.0,0.00,0.00,85,23.29,61,23.29,87,23.29,0,2.67
9.9,22.0,0.00,0.00,88,23.29,63,23.29,86,23.29,0,2.67
8.8,22.0,0.00,0.00,83,23.29,62,23.29,75,23.29,0,2.67
11.3,22.0,0.00,0.00,82,23.29,63,23.29,84,23.29,0,2.67
9.8,22.0,0.00,0.00,81,23.29,70,23.29,86,23.29,0,2.67
12.5,22.0,0.00,0.00,82,23.29,72,23.29,81,23.29,0,2.67
12.1,22.0,0.00,0.00,87,23.29,74,23.29,81,23.29,0,2.67
9.6,22.0,0.00,0.00,83,23.29,69,23.29,84,23.29,0,2.67
9.0,22.0,0.00,0.00,88,23.29,69,23.29,84,23.29,0,2.67
8.8,22.0,0.00,0.00,89,23.29,66,23.29,85,23.29,0,2.67
9.4,22.0,0.00,0.00,88,23.29,70,23.29,80,23.29,0,2.67
8.1,22.0,0.00,0.00,82,23.29,73,23.29,85,23.29,0,2.67
8.6,22.0,0.00,0.00,86,23.29,70,23.29,77,23.29,0,2.67
10.6,22.0,0.00,0.00,80,23.29,81,23.29,81,23.29,0,2.67
12.5,22.0,0.00,0.00,72,23.29,80,23.29,75,23.29,0,2.67
13.5,22.0,0.00,0.00,75,23.29,85,23.29,81,23.29,0,2.67
9.4,22.0,0.00,0.00,78,23.29,78,23.29,80,23.29,0,2.67
7.9,22.0,0.00,0.00,83,23.29,64,23.29,85,23.29,0,2.67
12.7,22.0,0.00,0.00,87,23.29,81,23.29,78,23.29,0,2.67
11.9,22.0,0.00,0.00,72,23.29,78,23.29,76,23.29,0,2.67
11.3,22.0,0.00,0.00,74,23.29,85,23.29,69,23.29,0,2.67
12.2,22.0,0.00,0.00,79,23.29,81,23.29,76,23.29,0,2.67
9.4,22.0,0.00,0.00,77,23.29,80,23.29,73,23.29,0,2.67
11.7,22.0,0.00,0.00,81,23.29,83,23.29,76,23.29,0,2.67
9.8,22.0,0.00,0.00,81,23.29,81,23.29,78,23.29,0,2.67
7.1,22.0,0.00,0.00,83,23.29,85,23.29,73,23.29,0,2.67
11.2,17.4,0.00,0.00,0,23.29,0,23.29,0,23.29,0,2.67
36.4,17.9,0.00,0.00,0,23.29,0,23.29,0,23.29,0,2.67
7.0,18.7,0.00,0.00,0,23.29,0,23.29,0,23.29,0,2.67
6.7,19.2,0.00,0.00,0,23.29,0,23.29,0,23.29,0,2.67
6.7,20.0,0.00,0.00,0,23.29,0,23.29,0,23.29,0,2.67
6.3,20.5,0.00,0.00,0,23.29,0,23.29,0,23.29,0,2.67
6.8,21.3,0.00,0.00,0,23.29,0,23.29,0,23.29,0,2.67
6.8,21.8,0.00,0.00,0,23.29,1,23.29,65,23.29,0,2.67
9.6,22.0,0.00,0.00,70,23.29,70,23.29,78,23.29,0,2.67
12.4,22.0,0.00,0.00,77,23.29,80,23.29,80,23.29,0,2.67
11.0,22.0,0.00,0.00,80,23.29,78,23.29,80,23.29,0,2.67
11.9,22.0,0.00,0.00,83,23.29,81,23.29,77,23.29,0,2.67
9.6,22.0,0.00,0.00,82,23.29,83,23.29,71,23.29,0,2.67
9.0,22.0,0.00,0.00,80,23.29,80,23.29,73,23.29,0,2.67
11.0,22.0,0.00,0.00,72,23.29,85,23.29,73,23.29,0,2.67
8.8,22.0,0.00,0.00,86,23.29,83,23.29,76,23.29,0,2.67
12.3,22.0,0.00,0.00,78,23.29,83,23.29,76,23.29,0,2.67
8.8,22.0,0.00,0.00,81,23.29,81,23.29,73,23.29,0,2.67
10.2,22.0,0.00,0.00,85,23.29,81,23.29,75,23.29,0,2.67
8.8,22.0,0.00,0.00,81,23.29,78,23.29,77,23.29,0,2.67
7.9,22.0,0.00,0.00,70,23.29,84,23.29,81,23.29,0,2.67
10.2,22.0,0.00,0.00,85,23.29,57,23.29,88,23.29,0,2.67
9.4,22.0,0.00,0.00,86,23.29,55,23.29,88,23.29,0,2.67
11.5,22.0,0.00,0.00,85,23.29,72,23.29,82,23.29,0,2.67
8.7,22.0,0.00,0.00,82,23.29,80,23.29,71,23.29,0,2.67
10.4,22.0,0.00,0.00,82,23.29,86,23.29,66,23.29,0,2.67
9.4,22.0,0.00,0.00,82,23.29,78,23.29,68,23.29,0,2.67
12.3,22.0,0.00,0.00,80,23.29,77,23.29,73,23.29,0,2.67
11.5,22.0,0.00,0.00,84,23.29,82,23.29,73,23.29,0,2.67
10.4,22.0,0.00,0.00,83,23.29,87,23.29,75,23.29,0,2.67
8.8,22.0,0.00,0.00,83,23.29,83,23.29,72,23.29,0,2.67
10.6,22.0,0.00,0.00,87,23.29,80,23.29,82,23.29,0,2.67
11.9,22.0,0.00,0.00,81,23.29,83,23.29,80,23.29,0,2.67
6.5,22.0,0.00,0.00,84,23.29,82,23.29,87,23.29,0,2.67
6.6,17.2,0.00,0.00,29,23.29,14,23.29,0,23.29,0,2.67
6.9,17.9,0.00,0.00,0,23.29,0,23.29,0,23.29,0,2.67
25.3,18.6,0.00,0.00,0,23.29,0,23.29,0,23.29,0,2.67
87.2,19.1,0.00,0.00,0,23.29,0,23.29,0,23.29,0,2.67
94.8,19.8,0.00,0.00,0,23.29,0,23.29,0,23.29,0,2.67
22.8,20.4,0.00,0.00,0,23.29,0,23.29,0,23.29,0,2.67
9.7,21.1,0.00,0.00,0,23.29,0,23.29,0,23.29,0,2.67
6.9,21.6,0.00,0.00,0,23.29,0,23.29,0,23.29,0,2.67
11.5,22.0,0.00,0.00,78,23.29,74,23.29,80,23.29,0,2.67
10.0,22.0,0.00,0.00,73,23.29,77,23.29,78,23.29,0,2.67
11.1,22.0,0.00,0.00,81,23.29,83,23.29,75,23.29,0,2.67
10.3,22.0,0.00,0.00,81,23.29,77,23.29,85,23.29,0,2.67
8.4,22.0,0.00,0.00,87,23.29,62,23.29,85,23.29,0,2.67
10.5,22.0,0.00,0.00,86,23.29,62,23.29,78,23.29,0,2.67
11.9,22.0,0.00,0.00,86,23.29,64,23.29,86,23.29,0,2.67
9.6,22.0,0.00,0.00,84,23.29,62,23.29,83,23.29,0,2.67
7.7,22.0,0.00,0.00,87,23.29,62,23.29,84,23.29,0,2.67
11.1,22.0,0.00,0.00,78,23.29,82,23.29,74,23.29,0,2.67
10.6,22.0,0.00,0.00,78,23.29,84,23.29,80,23.29,0,2.67
12.3,22.0,0.00,0.00,75,23.29,83,23.29,75,23.29,0,2.67
10.0,22.0,0.00,0.00,78,23.29,84,23.29,81,23.29,0,2.67
10.9,22.0,0.00,0.00,80,23.29,82,23.29,71,23.29,0,2.67
11.3,22.0,0.00,0.00,85,23.29,87,23.29,80,23.29,0,2.67
10.2,22.0,0.00,0.00,76,23.29,80,23.29,76,23.29,0,2.67
10.6,22.0,0.00,0.00,77,23.29,80,23.29,83,23.29,0,2.67
11.7,22.0,0.00,0.00,74,23.29,83,23.29,78,23.29,0,2.67
11.9,22.0,0.00,0.00,75,23.29,86,23.29,84,23.29,0,2.67
7.7,22.0,0.00,0.00,76,23.29,86,23.29,78,23.29,0,2.67
8.8,22.0,0.00,0.00,73,23.29,84,23.29,70,23.29,0,2.67
10.4,22.0,0.00,0.00,74,23.29,85,23.29,79,23.29,0,2.67
11.0,22.0,0.00,0.00,87,23.29,79,23.29,76,23.29,0,2.67
11.5,22.0,0.00,0.00,82,23.29,83,23.29,74,23.29,0,2.67
8.5,22.0,0.00,0.00,81,23.29,81,23.29,78,23.29,0,2.67
6.3,22.0,0.00,0.00,80,23.29,83,23.29,83,23.29,0,2.67
22.6,19.2,0.00,0.00,87,23.29,2,23.29,0,23.29,0,2.67
6.7,17.8,0.00,0.00,0,23.29,0,23.29,0,23.29,0,2.67
6.2,18.3,0.00,0.00,0,23.29,0,23.29,0,23.29,0,2.67
6.5,19.0,0.00,0.00,0,23.29,0,23.29,0,23.29,0,2.67
5.8,19.7,0.00,0.00,0,23.29,0,23.29,0,23.29,0,2.67
67.9,20.3,0.00,0.00,0,23.29,0,23.29,0,23.29,0,2.67
6.7,21.0,0.00,0.00,0,23.29,0,23.29,0,23.29,0,2.67
84.6,21.6,0.00,0.00,0,23.29,0,23.29,0,23.29,0,2.67
11.9,22.0,0.00,0.00,51,23.29,54,23.29,72,23.29,0,2.67
12.0,22.0,0.00,0.00,81,23.29,83,23.29,67,23.29,0,2.67
8.7,22.0,0.00,0.00,83,23.29,82,23.29,73,23.29,0,2.67
10.0,22.0,0.00,0.00,80,23.29,78,23.29,74,23.29,0,2.67
12.1,22.0,0.00,0.00,74,23.29,85,23.29,76,23.29,0,2.67
10.4,22.0,0.00,0.00,81,23.29,80,23.29,75,23.29,0,2.67
10.8,22.0,0.00,0.00,86,23.29,86,23.29,71,23.29,0,2.67
10.2,22.0,0.00,0.00,80,23.29,82,23.29,75,23.29,0,2.67
12.3,22.0,0.00,0.00,81,23.29,77,23.29,77,23.29,0,2.67
9.7,22.0,0.00,0.00,79,23.29,83,23.29,80,23.29,0,2.67
10.2,22.0,0.00,0.00,80,23.29,76,23.29,78,23.29,0,2.67
11.8,22.0,0.00,0.00,75,23.29,85,23.29,74,23.29,0,2.67
9.0,22.0,0.00,0.00,82,23.29,85,23.29,74,23.29,0,2.67
9.4,22.0,0.00,0.00,74,23.29,83,23.29,81,23.29,0,2.67
9.1,22.0,0.00,0.00,77,23.29,75,23.29,85,23.29,0,2.67
10.4,22.0,0.00,0.00,82,23.29,64,23.29,82,23.29,0,2.67
9.6,22.0,0.00,0.00,75,23.29,85,23.29,71,23.29,0,2.67
8.7,22.0,0.00,0.00,83,23.29,85,23.29,67,23.29,0,2.67
10.0,22.0,0.00,0.00,80,23.29,80,23.29,74,23.29,0,2.67
11.1,22.0,0.00,0.00,78,23.29,79,23.29,76,23.29,0,2.67
12.3,22.0,0.00,0.00,82,23.29,86,23.29,78,23.29,0,2.67
10.2,22.0,0.00,0.00,83,23.29,75,23.29,74,23.29,0,2.67
12.4,22.0,0.00,0.00,81,23.29,81,23.29,78,23.29,0,2.67
8.6,22.0,0.00,0.00,81,23.29,84,23.29,78,23.29,0,2.67
10.2,22.0,0.00,0.00,86,23.29,74,23.29,79,23.29,0,2.67
6.2,22.0,0.00,0.00,85,23.29,84,23.29,76,23.29,0,2.67
4.8,17.3,0.00,0.00,0,23.29,0,23.29,0,23.29,0,2.67
59.9,17.9,0.00,0.00,0,23.29,0,23.29,0,23.29,0,2.67
83.7,18.6,0.00,0.00,0,23.29,0,23.29,0,23.29,0,2.67
20.3,19.1,0.00,0.00,0,23.29,0,23.29,0,23.29,0,2.67
79.8,19.8,0.00,0.00,0,23.29,0,23.29,0,23.29,0,2.67
62.9,20.3,0.00,0.00,0,23.29,0,23.29,0,23.29,0,2.67
98.5,21.1,0.00,0.00,0,23.29,0,23.29,0,23.29,0,2.67
36.2,21.6,0.00,0.00,0,23.29,0,23.29,0,23.29,0,2.67
9.4,22.0,0.00,0.00,6,23.29,90,23.29,51,23.29,0,2.67
12.7,22.0,0.00,0.00,80,23.29,84,23.29,75,23.29,0,2.67
12.1,22.0,0.00,0.00,81,23.29,84,23.29,79,23.29,0,2.67
11.5,22.0,0.00,0.00,77,23.29,85,23.29,67,23.29,0,2.67
9.0,22.0,0.00,0.00,74,23.29,81,23.29,76,23.29,0,2.67
11.3,22.0,0.00,0.00,71,23.29,80,23.29,77,23.29,0,2.67
9.1,22.0,0.00,0.00,72,23.29,87,23.29,78,23.29,0,2.67
9.4,22.0,0.00,0.00,82,23.29,83,23.29,71,23.29,0,2.67
11.1,22.0,0.00,0.00,77,23.29,84,23.29,72,23.29,0,2.67
11.1,22.0,0.00,0.00,84,23.29,84,23.29,71,23.29,0,2.67
11.7,22.0,0.00,0.00,82,23.29,73,23.29,74,23.29,0,2.67
8.5,22.0,0.00,0.00,88,23.29,62,23.29,82,23.29,0,2.67
9.3,22.0,0.00,0.00,85,23.29,59,23.29,84,23.29,0,2.67
10.3,22.0,0.00,0.00,85,23.29,64,23.29,82,23.29,0,2.67
12.0,22.0,0.00,0.00,84,23.29,79,23.29,79,23.29,0,2.67
13.3,22.0,0.00,0.00,77,23.29,83,23.29,76,23.29,0,2.67
10.0,22.0,0.00,0.00,79,23.29,73,23.29,83,23.29,0,2.67
9.0,22.0,0.00,0.00,81,23.29,76,23.29,77,23.29,0,2.67
10.8,22.0,0.00,0.00,80,23.29,79,23.29,77,23.29,0,2.67
8.8,22.0,0.00,0.00,75,23.29,82,23.29,80,23.29,0,2.67
12.3,22.0,0.00,0.00,75,23.29,84,23.29,72,23.29,0,2.67
10.4,22.0,0.00,0.00,77,23.29,81,23.29,67,23.29,0,2.67
9.2,22.0,0.00,0.00,71,23.29,89,23.29,77,23.29,0,2.67
12.3,22.0,0.00,0.00,82,23.29,73,23.29,82,23.29,0,2.67
12.5,22.0,0.00,0.00,73,23.29,85,23.29,78,23.29,0,2.67
9.2,22.0,0.00,0.00,77,23.29,81,23.29,77,23.29,0,2.67
25.4,22.0,0.00,0.00,85,23.29,70,23.24,5,2.67,0,2.67
1.0,7.3,0.00,0.00,3,2.67,3,2.67,0,2.67,0,2.67
0.4,7.3,0.00,0.00,0,2.67,0,2.67,0,2.67,0,2.67
0.2,7.3,0.00,0.00,0,2.67,0,2.67,0,2.67,0,2.67
0.6,7.3,0.00,0.00,0,2.67,0,2.67,0,2.67,0,2.67
0.2,7.3,0.00,0.00,0,2.67,0,2.67,0,2.67,0,2.67
4.8,7.8,0.00,0.00,0,2.67,0,2.67,0,2.67,0,2.67
12.9,8.5,0.00,0.00,0,2.67,0,2.67,0,2.67,0,2.67
13.4,9.7,0.00,0.00,0,2.67,0,2.67,0,2.67,0,2.67
2.5,10.2,0.00,0.00,0,2.67,0,2.67,0,2.79,0,2.67
13.1,12.9,0.00,0.00,0,10.21,0,13.02,6,15.19,0,2.67
11.5,21.1,0.00,0.00,9,16.95,9,17.1,3,16.95,0,2.67
6.7,21.9,0.00,0.00,0,16.95,0,17.1,0,16.95,0,2.67
6.3,22.5,0.00,0.00,0,16.95,0,17.1,0,16.95,0,2.67
6.7,23.2,0.00,0.00,0,16.95,0,17.1,0,16.95,0,2.67
39.6,23.9,0.00,0.00,0,16.95,0,17.1,0,16.95,0,2.67
38.6,24.4,0.00,0.00,0,16.95,0,17.1,0,16.95,0,2.67
82.9,25.1,0.00,0.00,0,16.95,0,17.1,0,16.95,0,2.67
69.0,25.7,0.00,0.00,0,16.95,0,17.1,0,17.58,0,2.67
92.3,28.9,0.00,0.00,0,30.26,12,30.48,49,30.33,0,2.67
85.6,29.8,0.00,0.00,79,30.33,69,30.48,71,30.33,0,2.67
52.4,30.4,0.00,0.00,84,30.33,55,30.48,67,30.33,0,2.67
23.6,31.0,0.00,0.00,83,30.33,57,30.48,78,30.33,0,2.67
76.1,31.7,0.00,0.00,85,30.33,66,30.48,71,30.33,0,2.67
46.9,32.2,0.00,0.00,79,30.33,65,30.48,77,30.33,0,2.67
16.8,32.9,0.00,0.00,81,30.33,70,30.48,70,30.33,0,2.67
15.9,33.4,0.00,0.00,75,30.33,66,30.48,74,30.33,0,2.67
9.0,34.4,0.00,0.00,74,30.33,73,30.48,71,30.33,0,2.67
9.0,34.4,0.00,0.00,82,30.33,77,30.48,80,30.33,0,2.67
10.4,34.4,0.00,0.00,76,30.33,78,30.48,79,30.33,0,2.67
11.5,34.4,0.00,0.00,76,30.33,72,30.48,82,30.33,0,2.67
10.7,34.4,0.00,0.00,77,30.33,60,30.48,86,30.33,0,2.67
9.8,34.4,0.00,0.00,84,30.33,61,30.48,85,30.33,0,2.67
8.8,34.4,0.00,0.00,88,30.33,64,30.48,78,30.33,0,2.67
13.7,34.4,0.00,0.00,83,30.33,77,30.48,81,30.33,0,2.67
13.8,34.4,0.00,0.00,86,30.33,72,30.48,82,30.33,0,2.67
10.2,34.4,0.00,0.00,82,30.33,77,30.48,80,30.33,0,2.67
10.9,34.4,0.00,0.00,77,30.33,71,30.48,85,30.33,0,2.67
10.0,34.4,0.00,0.00,84,30.33,75,30.48,82,30.33,0,2.67
12.5,34.4,0.00,0.00,85,30.33,74,30.48,79,30.33,0,2.67
9.0,34.4,0.00,0.00,81,30.33,76,30.48,80,30.33,0,2.67
11.9,34.4,0.00,0.00,75,30.33,77,30.48,74,30.33,0,2.67
10.4,34.4,0.00,0.00,85,30.33,75,30.48,77,30.33,0,2.67
9.2,34.4,0.00,0.00,83,30.33,76,30.48,73,30.33,0,2.67
8.3,34.4,0.00,0.00,82,30.33,78,30.48,71,30.33,0,2.67
7.9,34.4,0.00,0.00,85,30.33,75,30.48,84,30.43,0,2.67
25.1,34.4,0.00,0.00,76,31.01,54,32.38,8,38.21,0,2.67
18.8,32.3,0.00,0.00,27,43.81,31,43.95,66,43.81,0,2.67
14.9,32.7,0.00,0.00,67,43.81,74,43.95,81,43.81,0,2.67
16.0,33.6,0.00,0.00,59,43.81,81,43.95,66,43.81,0,2.67
17.4,34.0,0.00,0.00,84,43.81,87,43.95,70,43.81,0,2.67
17.7,34.7,0.00,0.00,72,43.81,72,43.95,51,43.81,0,2.67
17.4,35.2,0.00,0.00,77,43.81,75,43.95,75,43.81,0,2.67
15.0,36.0,0.00,0.00,65,43.81,56,43.95,85,43.81,0,2.67
13.7,36.4,0.00,0.00,57,43.81,69,43.95,80,43.81,0,2.67
8.5,36.7,0.00,0.00,58,43.81,88,43.95,83,43.81,0,2.67
11.5,36.7,0.00,0.00,56,43.81,86,43.95,84,43.81,0,2.67
7.7,36.7,0.00,0.00,52,43.81,74,43.95,86,43.81,0,2.67
11.7,36.7,0.00,0.00,78,43.81,72,43.95,83,43.81,0,2.67
11.9,36.7,0.00,0.00,76,43.81,81,43.95,56,43.81,0,2.67
11.3,36.7,0.00,0.00,79,43.81,78,43.95,70,43.81,0,2.67
8.1,36.7,0.00,0.00,77,43.81,84,43.95,62,43.81,0,2.67
9.9,36.7,0.00,0.00,84,43.81,76,43.95,82,43.81,0,2.67
11.7,36.7,0.00,0.00,81,43.81,72,43.95,79,43.81,0,2.67
10.4,36.7,0.00,0.00,76,43.81,80,43.95,59,43.81,0,2.67
8.5,36.7,0.00,0.00,81,43.81,87,43.95,61,43.81,0,2.67
10.8,36.7,0.00,0.00,84,43.81,83,43.95,85,43.81,0,2.67
11.1,36.7,0.00,0.00,60,43.81,86,43.95,88,43.81,0,2.67
8.1,36.7,0.00,0.00,60,43.81,86,43.95,87,43.81,0,2.67
9.1,36.7,0.00,0.00,53,43.81,89,43.95,86,43.81,0,2.67
11.9,36.7,0.00,0.00,57,43.81,85,43.95,87,43.81,0,2.67
12.6,36.7,0.00,0.00,73,43.81,78,43.95,82,43.81,0,2.67
11.3,36.7,0.00,0.00,83,43.81,59,43.95,87,43.81,0,2.67
9.8,36.7,0.00,0.00,77,43.81,77,43.95,85,43.81,0,2.67
11.3,36.7,0.00,0.00,74,43.81,80,43.95,77,43.81,0,2.67
8.3,36.7,0.00,0.00,66,43.81,89,43.95,89,43.81,0,2.67
6.7,36.7,0.00,0.00,68,43.81,91,44.05,76,43.9,0,2.67
14.0,31.9,0.00,0.00,24,43.9,19,44.05,67,43.9,0,2.67
15.5,32.6,0.00,0.00,72,43.9,78,44.05,66,43.9,0,2.67
17.9,33.1,0.00,0.00,73,43.9,69,44.05,78,43.9,0,2.67
17.5,33.8,0.00,0.00,82,43.9,52,44.05,72,43.9,0,2.67
19.4,34.3,0.00,0.00,84,43.9,58,44.05,74,43.9,0,2.67
16.7,35.0,0.00,0.00,78,43.9,71,44.05,73,43.9,0,2.67
26.9,35.5,0.00,0.00,81,43.9,77,44.05,64,43.9,0,2.67
16.0,36.2,0.00,0.00,72,43.9,80,44.05,68,43.9,0,2.67
33.6,36.8,0.00,0.00,74,43.9,75,44.05,70,43.9,0,2.67
11.3,36.8,0.00,0.00,81,43.9,84,44.05,73,43.9,0,2.67
11.9,36.8,0.00,0.00,84,43.9,83,44.05,74,43.9,0,2.67
12.3,36.8,0.00,0.00,80,43.9,83,44.05,71,43.9,0,2.67
11.0,36.8,0.00,0.00,77,43.9,84,44.05,76,43.9,0,2.67
7.9,36.8,0.00,0.00,77,43.9,86,44.05,71,43.9,0,2.67
8.6,36.8,0.00,0.00,81,43.9,83,44.05,71,43.9,0,2.67
9.2,36.8,0.00,0.00,70,43.9,84,44.05,76,43.9,0,2.67
11.7,36.8,0.00,0.00,77,43.9,83,44.05,79,43.9,0,2.67
9.9,36.8,0.00,0.00,76,43.9,80,44.05,76,43.9,0,2.67
12.1,36.8,0.00,0.00,83,43.9,79,44.05,72,43.9,0,2.67
11.0,36.8,0.00,0.00,83,43.9,82,44.05,70,43.9,0,2.67
11.9,36.8,0.00,0.00,82,43.9,84,44.05,66,43.9,0,2.67
9.3,36.8,0.00,0.00,83,43.9,79,44.05,77,43.9,0,2.67
12.7,36.8,0.00,0.00,78,43.9,75,44.05,74,43.9,0,2.67
11.1,36.8,0.00,0.00,76,43.9,79,44.05,71,43.9,0,2.67
8.6,36.8,0.00,0.00,80,43.9,76,44.05,77,43.9,0,2.67
11.5,36.8,0.00,0.00,79,43.9,74,44.05,82,43.9,0,2.67
6.9,36.8,0.00,0.00,84,43.9,83,44.05,86,43.9,0,2.67
17.6,32.0,0.00,0.00,29,43.9,17,44.05,58,43.9,0,2.67
18.4,32.6,0.00,0.00,68,43.9,78,44.05,63,43.9,0,2.67
16.4,33.2,0.00,0.00,70,43.9,76,44.05,67,43.9,0,2.67
14.1,33.8,0.00,0.00,73,43.9,69,44.05,82,43.9,0,2.67
17.5,34.4,0.00,0.00,76,43.9,62,44.05,69,43.9,0,2.67
16.8,35.0,0.00,0.00,69,43.9,81,44.05,81,43.9,0,2.67
17.9,35.6,0.00,0.00,72,43.9,80,44.05,70,43.9,0,2.67
14.6,36.3,0.00,0.00,65,43.9,74,44.05,86,43.9,0,2.67
23.4,36.8,0.00,0.00,58,43.9,80,44.05,85,43.9,0,2.67
11.5,36.8,0.00,0.00,63,43.9,84,44.05,80,43.9,0,2.67
12.3,36.8,0.00,0.00,67,43.9,89,44.05,84,43.9,0,2.67
9.8,36.8,0.00,0.00,66,43.9,85,44.05,84,43.9,0,2.67
11.3,36.8,0.00,0.00,67,43.9,86,44.05,83,43.9,0,2.67
10.3,36.8,0.00,0.00,67,43.9,83,44.05,80,43.9,0,2.67
10.4,36.8,0.00,0.00,73,43.9,85,44.05,77,43.9,0,2.67
9.0,36.8,0.00,0.00,72,43.9,87,44.05,83,43.9,0,2.67
9.6,36.8,0.00,0.00,69,43.9,84,44.05,80,43.9,0,2.67
8.8,36.8,0.00,0.00,70,43.9,71,44.05,82,43.9,0,2.67
9.2,36.8,0.00,0.00,81,43.9,71,44.05,83,43.9,0,2.67
10.2,36.8,0.00,0.00,80,43.9,80,44.05,82,43.9,0,2.67
10.2,36.8,0.00,0.00,85,43.9,60,44.05,85,43.9,0,2.67
10.6,36.8,0.00,0.00,84,43.9,76,44.05,80,43.9,0,2.67
10.4,36.8,0.00,0.00,79,43.9,76,44.05,86,43.9,0,2.67
10.4,36.8,0.00,0.00,86,43.9,76,44.05,85,43.9,0,2.67
10.9,36.8,0.00,0.00,81,43.9,77,44.05,65,43.9,0,2.67
9.0,36.8,0.00,0.00,86,43.9,85,44.05,68,43.9,0,2.67
10.2,36.9,0.00,0.00,85,43.9,79,44.05,71,43.9,0,2.67
8.2,36.8,0.00,0.00,89,43.9,83,44.05,57,43.9,0,2.67
13.4,31.8,0.00,0.00,58,43.9,35,44.05,75,43.9,0,2.67
15.9,32.5,0.00,0.00,77,43.9,46,44.05,87,43.9,0,2.67
17.2,33.0,0.00,0.00,82,43.9,66,44.05,83,43.9,0,2.67
19.3,33.7,0.00,0.00,65,43.9,74,44.05,68,43.9,0,2.67
23.6,34.1,0.00,0.00,77,43.9,77,44.05,75,43.9,0,2.67
14.8,34.9,0.00,0.00,62,43.9,69,44.05,78,43.9,0,2.67
24.4,35.3,0.00,0.00,84,43.9,79,44.05,75,43.9,0,2.67
17.6,36.1,0.00,0.00,65,43.9,69,44.05,68,43.9,0,2.67
27.9,36.6,0.00,0.00,71,43.9,74,44.05,66,43.9,0,2.67
11.2,36.8,0.00,0.00,77,43.9,82,44.05,72,43.9,0,2.67
11.4,36.8,0.00,0.00,79,43.9,83,44.05,78,43.9,0,2.67
8.9,36.8,0.00,0.00,78,43.9,75,44.05,77,43.9,0,2.67
10.6,36.8,0.00,0.00,76,43.9,76,44.05,73,43.9,0,2.67
10.4,36.8,0.00,0.00,82,43.9,81,44.05,76,43.9,0,2.67
12.7,36.8,0.00,0.00,80,43.9,80,44.05,74,43.9,0,2.67
8.8,36.8,0.00,0.00,81,43.9,82,44.05,74,43.9,0,2.67
10.0,36.8,0.00,0.00,74,43.9,83,44.05,73,43.9,0,2.67
10.4,36.8,0.00,0.00,83,43.9,80,44.05,77,43.9,0,2.67
7.9,36.8,0.00,0.00,79,43.9,80,44.05,74,43.9,0,2.67
12.3,36.8,0.00,0.00,84,43.9,79,44.05,72,43.9,0,2.67
10.7,36.8,0.00,0.00,83,43.9,79,44.05,72,43.9,0,2.67
12.1,36.8,0.00,0.00,68,43.9,82,44.05,80,43.9,0,2.67
8.1,36.8,0.00,0.00,77,43.9,79,44.05,71,43.9,0,2.67
7.7,36.8,0.00,0.00,82,43.9,63,44.05,76,43.9,0,2.67
7.9,36.8,0.00,0.00,87,43.9,63,44.05,75,43.9,0,2.67
12.5,36.8,0.00,0.00,82,43.9,63,44.05,72,43.9,0,2.67
10.0,36.8,0.00,0.00,83,43.9,61,44.05,79,43.9,0,2.67
6.7,36.8,0.00,0.00,86,43.9,89,44.05,53,43.9,0,2.67
63.2,32.2,0.00,0.00,34,43.9,73,44.05,69,43.9,0,2.67
20.2,32.7,0.00,0.00,57,43.9,76,44.05,73,43.9,0,2.67
17.4,33.4,0.00,0.00,69,43.9,75,44.05,77,43.9,0,2.67
17.9,33.9,0.00,0.00,64,43.9,87,44.05,81,43.9,0,2.67
14.4,34.6,0.00,0.00,80,43.9,82,44.05,57,43.9,0,2.67
15.3,35.1,0.00,0.00,82,43.9,74,44.05,73,43.9,0,2.67
14.8,35.8,0.00,0.00,82,43.9,74,44.05,57,43.9,0,2.67
30.7,36.3,0.00,0.00,73,43.9,73,44.05,75,43.9,0,2.67
10.9,36.9,0.00,0.00,72,43.9,70,44.05,84,43.9,0,2.67
9.6,36.9,0.00,0.00,82,43.9,79,44.05,82,43.9,0,2.67
12.3,36.8,0.00,0.00,80,43.9,81,44.05,75,43.9,0,2.67
10.2,36.8,0.00,0.00,85,43.9,78,44.05,79,43.9,0,2.67
9.4,36.8,0.00,0.00,78,43.9,84,44.05,83,43.9,0,2.67
9.4,36.8,0.00,0.00,80,43.9,83,44.05,83,43.9,0,2.67
11.7,36.9,0.00,0.00,68,43.9,86,44.05,86,43.9,0,2.67
8.1,36.8,0.00,0.00,58,43.9,89,44.05,88,43.9,0,2.67
9.6,36.8,0.00,0.00,59,43.9,83,44.05,83,43.9,0,2.67
11.2,36.8,0.00,0.00,74,43.9,81,44.05,84,43.9,0,2.67
9.0,36.8,0.00,0.00,74,43.9,78,44.05,84,43.9,0,2.67
11.3,36.8,0.00,0.00,82,43.9,79,44.05,88,43.9,0,2.67
10.8,36.8,0.00,0.00,60,43.9,87,44.05,88,43.9,0,2.67
10.4,36.8,0.00,0.00,57,43.9,89,44.05,88,43.9,0,2.67
10.4,36.8,0.00,0.00,58,43.9,88,44.05,87,43.9,0,2.67
13.7,36.8,0.00,0.00,81,43.9,81,44.05,77,43.9,0,2.67
9.0,36.8,0.00,0.00,82,43.9,73,44.05,84,43.9,0,2.67
9.8,36.8,0.00,0.00,80,43.9,77,44.05,84,43.9,0,2.67
6.6,36.8,0.00,0.00,76,43.9,74,44.05,88,43.9,0,2.67
23.5,34.7,0.00,0.00,84,43.9,42,44.0,13,23.29,0,2.67
8.8,22.1,0.00,0.00,85,23.29,80,23.29,78,23.29,0,2.67
8.3,22.1,0.00,0.00,75,23.29,84,23.29,72,23.29,0,2.67
8.7,22.0,0.00,0.00,70,23.29,86,23.29,76,23.29,0,2.67
8.8,22.0,0.00,0.00,77,23.29,81,23.29,67,23.29,0,2.67
8.5,22.0,0.00,0.00,82,23.29,80,23.29,75,23.29,0,2.67
8.7,22.0,0.00,0.00,80,23.29,86,23.29,66,23.29,0,2.67
13.5,22.0,0.00,0.00,86,23.29,86,23.29,73,23.29,0,2.67
8.8,22.0,0.00,0.00,82,23.29,82,23.29,75,23.29,0,2.67
8.1,22.0,0.00,0.00,75,23.29,82,23.29,75,23.29,0,2.67
11.3,22.0,0.00,0.00,79,23.29,82,23.29,81,23.29,0,2.67
11.4,22.0,0.00,0.00,75,23.29,79,23.29,78,23.29,0,2.67
11.7,22.0,0.00,0.00,81,23.29,66,23.29,84,23.29,0,2.67
10.8,22.0,0.00,0.00,77,23.29,80,23.29,81,23.29,0,2.67
12.8,22.0,0.00,0.00,71,23.29,82,23.29,82,23.29,0,2.67
12.1,22.0,0.00,0.00,75,23.29,75,23.29,84,23.29,0,2.67
9.2,22.0,0.00,0.00,74,23.29,80,23.29,75,23.29,0,2.67
9.6,22.0,0.00,0.00,82,23.29,82,23.29,69,23.29,0,2.67
9.9,22.0,0.00,0.00,77,23.29,71,23.29,84,23.29,0,2.67
8.8,22.0,0.00,0.00,90,23.29,65,23.29,83,23.29,0,2.67
8.7,22.0,0.00,0.00,89,23.29,76,23.29,79,23.29,0,2.67
10.8,22.0,0.00,0.00,83,23.29,68,23.29,85,23.29,0,2.67
10.0,22.0,0.00,0.00,83,23.29,73,23.29,79,23.29,0,2.67
9.0,22.0,0.00,0.00,79,23.29,76,23.29,79,23.29,0,2.67
9.6,22.0,0.00,0.00,80,23.29,76,23.29,82,23.29,0,2.67
9.0,22.0,0.00,0.00,69,23.29,85,23.29,71,23.29,0,2.67
8.7,22.0,0.00,0.00,86,23.29,87,23.29,75,23.29,0,2.67
62.2,17.3,0.00,0.00,5,23.29,0,23.29,0,23.29,0,2.67
96.9,17.8,0.00,0.00,0,23.29,0,23.29,0,23.29,0,2.67
61.7,18.5,0.00,0.00,0,23.29,0,23.29,0,23.29,0,2.67
82.0,19.1,0.00,0.00,0,23.29,0,23.29,0,23.29,0,2.67
33.5,19.8,0.00,0.00,0,23.29,0,23.29,0,23.29,0,2.67
97.1,20.3,0.00,0.00,0,23.29,0,23.29,0,23.29,0,2.67
6.8,21.1,0.00,0.00,0,23.29,0,23.29,0,23.29,0,2.67
6.5,21.6,0.00,0.00,0,23.29,0,23.29,0,23.29,0,2.67
13.1,22.0,0.00,0.00,0,23.29,76,23.29,79,23.29,0,2.67
9.0,22.0,0.00,0.00,77,23.29,76,23.29,77,23.29,0,2.67
9.6,22.0,0.00,0.00,80,23.29,73,23.29,76,23.29,0,2.67
8.5,22.0,0.00,0.00,82,23.29,75,23.29,79,23.29,0,2.67
9.2,22.0,0.00,0.00,76,23.29,79,23.29,76,23.29,0,2.67
10.0,22.0,0.00,0.00,81,23.29,78,23.29,76,23.29,0,2.67
11.3,22.0,0.00,0.00,81,23.29,78,23.29,73,23.29,0,2.67
9.4,22.0,0.00,0.00,81,23.29,77,23.29,74,23.29,0,2.67
10.6,22.0,0.00,0.00,85,23.29,77,23.29,76,23.29,0,2.67
11.9,22.0,0.00,0.00,85,23.29,83,23.29,68,23.29,0,2.67
9.6,22.0,0.00,0.00,84,23.29,83,23.29,72,23.29,0,2.67
10.6,22.0,0.00,0.00,83,23.29,80,23.29,72,23.29,0,2.67
9.6,22.0,0.00,0.00,82,23.29,83,23.29,81,23.29,0,2.67
11.3,22.0,0.00,0.00,71,23.29,78,23.29,75,23.29,0,2.67
14.3,22.0,0.00,0.00,83,23.29,75,23.29,76,23.29,0,2.67
7.7,22.0,0.00,0.00,83,23.29,62,23.29,81,23.29,0,2.67
8.7,22.0,0.00,0.00,84,23.29,80,23.29,72,23.29,0,2.67
11.1,22.0,0.00,0.00,86,23.29,79,23.29,75,23.29,0,2.67
9.4,22.0,0.00,0.00,82,23.29,74,23.29,66,23.29,0,2.67
12.3,22.0,0.00,0.00,81,23.29,82,23.29,74,23.29,0,2.67
11.4,22.0,0.00,0.00,84,23.29,75,23.29,75,23.29,0,2.67
9.5,22.0,0.00,0.00,79,23.29,84,23.29,80,23.29,0,2.67
8.3,22.0,0.00,0.00,76,23.29,86,23.29,68,23.29,0,2.67
8.8,22.0,0.00,0.00,82,23.29,80,23.29,70,23.29,0,2.67
8.9,22.0,0.00,0.00,86,23.29,82,23.29,76,23.29,0,2.67
6.7,22.0,0.00,0.00,75,23.29,83,23.29,53,23.29,0,2.67
7.0,16.9,0.00,0.00,51,23.24,0,2.67,0,2.67,0,2.67
1.2,7.3,0.00,0.00,3,2.67,0,2.67,0,2.67,0,2.67
0.4,7.3,0.00,0.00,0,2.67,0,2.67,0,2.67,0,2.67
0.4,7.3,0.00,0.00,0,2.67,0,2.67,0,2.67,0,2.67
6.4,8.0,0.00,0.00,0,2.67,0,2.67,0,2.67,0,2.67
9.0,8.4,0.00,0.00,0,2.67,0,2.67,0,2.67,0,2.67
10.8,9.6,0.00,0.00,0,2.67,0,2.67,0,2.67,0,2.67
7.7,10.3,0.00,0.00,0,2.67,0,2.67,0,2.67,2,12.02
4.0,13.6,0.00,0.00,0,4.95,0,6.73,3,8.12,7,27.3
10.4,19.2,0.00,0.00,3,11.35,4,11.35,2,11.35,0,27.3
8.8,20.3,0.00,0.00,1,11.35,0,11.35,0,11.35,0,27.3
8.9,20.9,0.00,0.00,0,11.35,0,11.35,0,11.35,0,27.3
9.6,22.0,0.00,0.00,0,11.35,0,11.35,0,11.35,0,27.3
17.2,22.7,0.00,0.00,0,11.35,0,11.35,0,11.35,0,27.3
8.9,23.6,0.00,0.00,0,11.35,0,11.35,0,11.35,0,27.3
20.5,24.4,0.00,0.00,0,11.35,0,11.35,0,11.35,0,27.3
8.7,25.3,0.00,0.00,0,11.35,0,11.35,0,11.35,36,32.77
22.5,27.0,0.00,0.00,0,12.01,16,13.67,21,17.5,77,32.77
13.1,29.8,0.00,0.00,45,18.38,92,18.38,89,18.38,81,32.77
13.2,30.1,0.00,0.00,95,18.38,89,18.38,86,18.38,80,32.77
13.9,30.2,0.00,0.00,96,18.38,72,18.38,81,18.38,77,32.77
16.5,30.5,0.00,0.00,86,18.38,84,18.38,86,18.38,82,32.77
20.5,30.7,0.00,0.00,90,18.38,87,18.38,86,18.38,85,32.77
17.6,30.9,0.00,0.00,86,18.38,88,18.38,88,18.38,87,32.77
21.9,31.1,0.00,0.00,91,18.38,91,18.38,86,18.38,82,32.77
15.4,31.2,0.00,0.00,94,18.38,90,18.38,87,18.38,86,32.77
13.5,31.2,0.00,0.00,93,18.38,94,18.38,87,18.38,90,32.77
10.3,31.2,0.00,0.00,93,18.38,90,18.38,86,18.38,87,32.77
11.8,31.2,0.00,0.00,95,18.38,93,18.38,86,18.38,87,32.77
13.8,31.2,0.00,0.00,93,18.38,94,18.38,85,18.38,92,32.77
14.8,31.2,0.00,0.00,94,18.38,94,18.38,84,18.38,90,32.77
12.7,31.2,0.00,0.00,93,18.38,94,18.38,86,18.38,88,32.77
14.8,31.2,0.00,0.00,93,18.38,94,18.38,89,18.38,87,32.77
14.7,31.2,0.00,0.00,93,18.38,91,18.38,89,18.38,86,32.77
11.8,31.2,0.00,0.00,91,18.38,93,18.38,89,18.38,87,32.77
15.5,31.2,0.00,0.00,93,18.38,94,18.38,88,18.38,89,32.77
11.1,31.2,0.00,0.00,92,18.38,92,18.38,86,18.38,89,32.77
11.0,31.2,0.00,0.00,90,18.38,95,18.38,88,18.38,90,32.77
12.3,31.2,0.00,0.00,93,18.38,95,18.38,81,18.38,78,32.77
11.0,31.2,0.00,0.00,94,18.38,88,18.38,91,18.38,90,32.77
13.5,31.2,0.00,0.00,95,18.38,74,18.38,91,18.38,65,32.77
13.4,31.2,0.00,0.00,95,18.38,81,18.38,86,18.38,81,32.77
12.8,31.2,0.00,0.00,94,18.38,91,18.38,90,18.38,88,32.77
11.7,31.2,0.00,0.00,95,18.38,92,18.38,90,18.38,88,32.77
13.8,31.2,0.00,0.00,93,18.38,88,18.38,91,18.38,84,32.77
11.3,31.2,0.00,0.00,96,18.38,93,18.38,89,18.38,79,32.77
10.7,31.2,0.00,0.00,96,18.38,94,18.38,92,18.38,78,32.77
10.0,26.5,0.00,0.00,0,18.38,8,18.38,0,18.38,71,32.77
9.8,27.1,0.00,0.00,0,18.38,0,18.38,0,18.38,80,32.77
10.7,27.7,0.00,0.00,0,18.38,0,18.38,0,18.38,85,32.77
9.8,28.3,0.00,0.00,0,18.38,0,18.38,0,18.38,90,32.77
10.0,28.9,0.00,0.00,0,18.38,0,18.38,0,18.38,71,32.77
9.8,29.5,0.00,0.00,0,18.38,0,18.38,0,18.38,84,32.77
10.2,30.1,0.00,0.00,0,18.38,0,18.38,0,18.38,80,32.77
9.7,30.7,0.00,0.00,0,18.38,0,18.38,0,18.38,86,32.77
14.7,31.2,0.00,0.00,0,18.38,27,18.38,48,18.38,81,32.77
13.3,31.2,0.00,0.00,94,18.38,89,18.38,88,18.38,80,32.77
11.4,31.2,0.00,0.00,93,18.38,94,18.38,89,18.38,82,32.77
15.3,31.2,0.00,0.00,91,18.38,94,18.38,91,18.38,91,32.77
10.9,31.2,0.00,0.00,92,18.38,89,18.38,92,18.38,83,32.77
12.5,31.2,0.00,0.00,90,18.38,94,18.38,89,18.38,81,32.77
14.4,31.2,0.00,0.00,93,18.38,91,18.38,88,18.38,78,32.77
13.1,31.2,0.00,0.00,89,18.38,93,18.38,92,18.38,84,32.77
12.0,31.2,0.00,0.00,92,18.38,93,18.38,89,18.38,89,32.77
13.4,31.2,0.00,0.00,95,18.38,91,18.38,90,18.38,88,32.77
15.0,31.2,0.00,0.00,94,18.38,95,18.38,89,18.38,89,32.77
10.9,31.2,0.00,0.00,93,18.38,95,18.38,86,18.38,87,32.77
14.8,31.2,0.00,0.00,95,18.38,94,18.38,87,18.38,85,32.77
14.3,31.2,0.00,0.00,95,18.38,94,18.38,88,18.38,81,32.77
10.9,31.2,0.00,0.00,91,18.38,91,18.38,88,18.38,82,32.77
10.3,31.2,0.00,0.00,88,18.38,96,18.38,89,18.38,86,32.77
10.9,31.2,0.00,0.00,93,18.38,88,18.38,89,18.38,91,32.77
11.7,31.2,0.00,0.00,95,18.38,95,18.38,92,18.38,86,32.77
11.3,31.2,0.00,0.00,95,18.38,93,18.38,91,18.38,83,32.77
10.9,31.2,0.00,0.00,91,18.38,95,18.38,86,18.38,87,32.77
12.1,31.2,0.00,0.00,95,18.38,94,18.38,90,18.38,92,32.77
15.6,31.2,0.00,0.00,94,18.38,94,18.38,88,18.38,92,32.77
13.6,31.2,0.00,0.00,91,18.38,95,18.38,85,18.38,92,32.77
13.1,31.2,0.00,0.00,94,18.38,96,18.38,84,18.38,92,32.77
15.8,31.2,0.00,0.00,95,18.38,92,18.38,83,18.38,92,32.77
12.3,31.2,0.00,0.00,94,18.38,87,18.38,92,18.38,92,32.77
14.8,31.2,0.00,0.00,96,18.38,80,18.38,94,18.38,92,32.77
13.6,31.2,0.00,0.00,96,18.38,94,18.38,90,18.38,92,32.77
10.0,31.2,0.00,0.00,94,18.38,94,18.38,71,18.38,92,32.77
10.4,26.3,0.00,0.00,64,18.38,0,18.38,0,18.38,84,32.77
10.0,27.1,0.00,0.00,0,18.38,0,18.38,0,18.38,75,32.77
17.4,27.6,0.00,0.00,0,18.38,0,18.38,0,18.38,75,32.77
10.0,28.3,0.00,0.00,0,18.38,0,18.38,0,18.38,83,32.77
51.3,28.9,0.00,0.00,0,18.38,0,18.38,0,18.38,82,32.77
35.6,29.5,0.00,0.00,0,18.38,0,18.38,0,18.38,86,32.77
9.4,30.1,0.00,0.00,0,18.38,0,18.38,0,18.38,76,32.77
88.4,30.7,0.00,0.00,0,18.38,0,18.38,0,18.38,79,32.77
21.1,31.2,0.00,0.00,0,18.38,0,18.38,97,18.38,91,32.77
11.1,31.2,0.00,0.00,89,18.38,93,18.38,92,18.38,90,32.77
15.1,31.2,0.00,0.00,91,18.38,94,18.38,92,18.38,90,32.77
12.0,31.2,0.00,0.00,95,18.38,93,18.38,90,18.38,92,32.77
14.3,31.2,0.00,0.00,95,18.38,93,18.38,90,18.38,91,32.77
13.5,31.2,0.00,0.00,94,18.38,95,18.38,91,18.38,82,32.77
14.2,31.2,0.00,0.00,95,18.38,95,18.38,91,18.38,85,32.79
18.9,31.2,0.00,0.00,91,18.38,94,18.38,86,18.38,2,44.27
19.4,30.5,0.00,0.00,91,18.38,88,18.38,91,18.38,93,44.27
16.0,30.7,0.00,0.00,88,18.38,87,18.38,91,18.38,95,44.27
18.8,30.9,0.00,0.00,95,18.38,87,18.38,91,18.38,95,44.27
27.7,31.1,0.00,0.00,96,18.38,84,18.38,85,18.38,94,44.27
18.9,31.3,0.00,0.00,94,18.38,89,18.38,85,18.38,88,44.27
17.7,31.5,0.00,0.00,96,18.38,87,18.38,87,18.38,96,44.27
19.4,31.7,0.00,0.00,94,18.38,90,18.38,84,18.38,93,44.27
18.2,31.9,0.00,0.00,95,18.38,85,18.38,95,18.38,92,44.27
14.5,32.0,0.00,0.00,94,18.38,91,18.38,89,18.38,97,44.27
13.2,32.0,0.00,0.00,91,18.38,92,18.38,93,18.38,93,44.27
13.2,32.0,0.00,0.00,92,18.38,94,18.38,94,18.38,98,44.27
14.0,32.0,0.00,0.00,94,18.38,93,18.38,92,18.38,97,44.27
13.1,32.0,0.00,0.00,86,18.38,88,18.38,90,18.38,93,44.27
15.6,32.0,0.00,0.00,92,18.38,93,18.38,93,18.38,95,44.27
16.1,32.0,0.00,0.00,96,18.38,92,18.38,93,18.38,97,44.27
18.8,32.0,0.00,0.00,96,18.38,93,18.38,94,18.38,93,44.27
16.3,32.0,0.00,0.00,92,18.38,87,18.38,94,18.38,97,44.27
16.5,32.0,0.00,0.00,92,18.38,95,18.38,94,18.38,95,44.27
16.9,32.0,0.00,0.00,94,18.38,89,18.38,92,18.38,92,44.27
12.7,32.0,0.00,0.00,89,18.38,88,18.38,94,18.38,93,44.27
14.2,32.0,0.00,0.00,95,18.38,94,18.38,91,18.38,95,44.27
11.9,32.0,0.00,0.00,95,18.38,94,18.38,48,18.38,96,44.27
72.9,27.4,0.00,0.00,0,18.38,0,18.38,0,18.38,99,44.27
70.2,27.9,0.00,0.00,0,18.38,0,18.38,0,18.38,90,44.27
16.7,28.6,0.00,0.00,0,18.38,0,18.38,0,18.38,91,44.27
29.1,29.1,0.00,0.00,0,18.38,0,18.38,0,18.38,92,44.27
55.6,29.8,0.00,0.00,0,18.38,0,18.38,0,18.38,91,44.27
26.6,30.3,0.00,0.00,0,18.38,0,18.38,0,18.38,95,44.27
12.9,31.0,0.00,0.00,0,18.38,0,18.38,0,18.38,98,44.27
11.7,31.6,0.00,0.00,0,18.38,0,18.38,0,18.38,95,44.27
17.8,32.0,0.00,0.00,0,18.38,65,18.38,75,18.38,98,44.27
17.6,32.0,0.00,0.00,94,18.38,93,18.38,91,18.38,52,44.27
15.0,30.6,0.00,0.00,90,18.38,87,18.38,90,18.38,81,44.27
16.0,30.8,0.00,0.00,95,18.38,87,18.38,89,18.38,86,44.27
12.9,31.1,0.00,0.00,91,18.38,86,18.38,86,18.38,87,44.27
13.6,31.2,0.00,0.00,90,18.38,89,18.38,93,18.38,94,44.27
16.1,31.5,0.00,0.00,92,18.38,93,18.38,91,18.38,88,44.27
16.1,31.6,0.00,0.00,91,18.38,88,18.38,94,18.38,88,44.27
14.6,31.9,0.00,0.00,90,18.38,87,18.38,82,18.38,89,44.27
19.0,32.0,0.00,0.00,90,18.38,87,18.38,90,18.38,91,44.27
14.0,32.0,0.00,0.00,93,18.38,96,18.38,88,18.38,91,44.27
11.8,32.0,0.00,0.00,92,18.38,96,18.38,90,18.38,92,44.27
10.9,32.0,0.00,0.00,94,18.38,91,18.38,94,18.38,92,44.27
11.1,32.0,0.00,0.00,94,18.38,95,18.38,91,18.38,94,44.27
11.9,32.0,0.00,0.00,95,18.38,97,18.38,86,18.38,92,44.27
12.3,32.0,0.00,0.00,93,18.38,95,18.38,90,18.38,92,44.27
14.6,32.0,0.00,0.00,96,18.38,97,18.38,91,18.38,91,44.27
15.4,32.0,0.00,0.00,93,18.38,96,18.38,88,18.38,93,44.27
13.9,32.0,0.00,0.00,93,18.38,96,18.38,95,18.38,95,44.27
12.7,32.0,0.00,0.00,90,18.38,96,18.38,91,18.38,94,44.27
13.9,32.0,0.00,0.00,92,18.38,97,18.38,93,18.38,89,44.27
13.2,32.0,0.00,0.00,93,18.38,93,18.38,95,18.38,91,44.27
11.1,32.0,0.00,0.00,95,18.38,86,18.38,91,18.38,91,44.27
11.6,32.0,0.00,0.00,96,18.38,95,18.38,92,18.38,87,44.27
11.1,32.0,0.00,0.00,94,18.38,96,18.38,92,18.38,85,44.27
12.8,32.0,0.00,0.00,93,18.38,97,18.38,91,18.38,87,44.27
10.8,32.0,0.00,0.00,94,18.38,97,18.38,93,18.38,88,44.27
11.7,32.0,0.00,0.00,94,18.38,97,18.38,93,18.38,88,44.27
17.6,32.0,0.00,0.00,95,18.38,96,18.38,92,18.38,87,44.27
13.8,32.1,0.00,0.00,91,18.38,53,18.38,48,18.38,90,44.27
33.1,27.5,0.00,0.00,0,18.38,0,18.38,0,18.38,85,44.27
13.1,28.0,0.00,0.00,0,18.38,0,18.38,0,18.38,90,44.27
15.2,28.5,0.00,0.00,0,18.38,0,18.38,0,18.38,93,44.27
12.6,29.1,0.00,0.00,0,18.38,0,18.38,0,18.38,80,44.27
16.2,29.5,0.00,0.00,0,18.38,0,18.38,0,18.38,84,44.27
10.0,30.2,0.00,0.00,0,18.38,0,18.38,0,18.38,90,44.27
22.3,30.7,0.00,0.00,0,18.38,0,18.38,0,18.38,81,44.27
12.3,31.5,0.00,0.00,0,18.38,0,18.38,0,18.38,85,44.27
12.4,31.8,0.00,0.00,0,18.38,0,18.38,0,18.38,92,44.27
17.8,32.1,0.00,0.00,65,18.38,93,18.38,62,18.38,84,44.27
17.6,32.1,0.00,0.00,91,18.38,95,18.38,84,18.38,89,44.27
13.4,32.0,0.00,0.00,91,18.38,94,18.38,83,18.38,92,44.27
11.9,32.0,0.00,0.00,94,18.38,95,18.38,91,18.38,96,44.27
16.0,32.0,0.00,0.00,89,18.38,96,18.38,88,18.38,95,44.27
16.0,32.0,0.00,0.00,95,18.38,95,18.38,91,18.38,92,44.27
15.8,32.0,0.00,0.00,94,18.38,96,18.38,91,18.38,93,44.27
14.4,32.0,0.00,0.00,93,18.38,96,18.38,91,18.38,91,44.27
10.6,32.0,0.00,0.00,93,18.38,96,18.38,92,18.38,85,44.27
12.0,32.0,0.00,0.00,95,18.38,95,18.38,90,18.38,87,44.27
12.6,32.0,0.00,0.00,93,18.38,96,18.38,89,18.38,89,44.27
14.2,32.0,0.00,0.00,92,18.38,97,18.38,93,18.38,88,44.27
11.5,32.0,0.00,0.00,93,18.38,94,18.38,91,18.38,84,44.27
10.8,32.0,0.00,0.00,93,18.38,96,18.38,92,18.38,93,44.27
10.2,32.0,0.00,0.00,95,18.38,96,18.38,95,18.38,93,44.27
13.1,32.0,0.00,0.00,93,18.38,85,18.38,94,18.38,94,44.27
10.4,32.0,0.00,0.00,93,18.38,95,18.38,94,18.38,94,44.27
10.7,32.0,0.00,0.00,93,18.38,96,18.38,93,18.38,95,44.27
11.7,32.0,0.00,0.00,92,18.38,94,18.38,95,18.38,96,44.27
12.7,32.0,0.00,0.00,93,18.38,93,18.38,90,18.38,95,44.27
11.9,32.0,0.00,0.00,95,18.38,97,18.38,93,18.38,92,44.27
13.1,32.0,0.00,0.00,94,18.38,94,18.38,93,18.38,93,44.27
14.8,32.0,0.00,0.00,95,18.38,94,18.38,93,18.38,93,44.27
15.6,32.0,0.00,0.00,95,18.38,96,18.38,93,18.38,96,44.27
15.7,32.0,0.00,0.00,96,18.38,97,18.38,90,18.38,85,44.27
15.4,32.0,0.00,0.00,95,18.38,96,18.38,92,18.38,93,44.27
16.0,32.0,0.00,0.00,94,18.38,96,18.38,92,18.38,93,44.27
15.2,32.0,0.00,0.00,95,18.38,95,18.38,92,18.38,94,44.27
10.0,32.0,0.00,0.00,94,18.38,97,18.38,94,18.38,95,44.27
30.0,32.0,0.00,0.00,96,18.38,26,18.38,3,18.38,92,44.27
10.0,27.7,0.00,0.00,0,18.38,0,18.38,0,18.38,84,44.27
11.2,28.1,0.00,0.00,0,18.38,0,18.38,0,18.38,82,44.27
10.0,28.9,0.00,0.00,0,18.38,0,18.38,0,18.38,82,44.27
9.6,29.3,0.00,0.00,0,18.38,0,18.38,0,18.38,95,44.27
10.0,30.1,0.00,0.00,0,18.38,0,18.38,0,18.38,95,44.27
9.6,30.5,0.00,0.00,0,18.38,0,18.38,0,18.38,76,44.27
9.2,31.4,0.00,0.00,0,18.38,0,18.38,0,18.38,86,44.27
9.6,31.8,0.00,0.00,0,18.38,0,18.38,61,18.38,94,44.27
12.9,32.0,0.00,0.00,95,18.38,96,18.38,85,18.38,94,44.27
14.3,32.0,0.00,0.00,95,18.38,95,18.38,88,18.38,92,44.27
12.7,32.0,0.00,0.00,94,18.38,94,18.38,91,18.38,94,44.27
13.2,32.0,0.00,0.00,93,18.38,96,18.38,90,18.38,93,44.27
12.7,32.0,0.00,0.00,93,18.38,96,18.38,92,18.38,90,44.27
13.3,32.0,0.00,0.00,94,18.38,93,18.38,88,18.38,96,44.27
14.0,32.0,0.00,0.00,95,18.38,95,18.38,89,18.38,95,44.27
15.2,32.0,0.00,0.00,96,18.38,97,18.38,88,18.38,94,44.27
15.3,32.0,0.00,0.00,92,18.38,97,18.38,88,18.38,92,44.27
15.0,32.0,0.00,0.00,95,18.38,96,18.38,95,18.38,94,44.27
16.4,32.0,0.00,0.00,94,18.38,95,18.38,86,18.38,88,44.27
10.9,32.0,0.00,0.00,94,18.38,91,18.38,90,18.38,83,44.27
14.3,32.0,0.00,0.00,95,18.38,87,18.38,94,18.38,89,44.27
18.2,32.0,0.00,0.00,96,18.38,96,18.38,93,18.38,40,44.27
14.2,30.5,0.00,0.00,95,18.38,86,18.38,94,18.38,89,44.27
19.4,30.7,0.00,0.00,95,18.38,86,18.38,92,18.38,92,44.27
16.4,30.9,0.00,0.00,90,18.38,91,18.38,88,18.38,94,44.27
17.5,31.1,0.00,0.00,91,18.38,84,18.38,90,18.38,96,44.27
14.8,31.3,0.00,0.00,89,18.38,82,18.38,91,18.38,99,44.27
15.3,31.5,0.00,0.00,96,18.38,78,18.38,94,18.38,97,44.27
16.2,31.7,0.00,0.00,93,18.38,73,18.38,96,18.38,98,44.27
13.8,31.9,0.00,0.00,95,18.38,94,18.38,92,18.38,97,44.27
13.4,32.0,0.00,0.00,96,18.38,95,18.38,94,18.38,97,44.27
16.0,32.0,0.00,0.00,94,18.38,96,18.38,93,18.38,90,44.27
14.0,32.0,0.00,0.00,94,18.38,87,18.38,95,18.38,93,44.27
16.8,32.0,0.00,0.00,96,18.38,85,18.38,96,18.38,97,44.27
13.1,32.0,0.00,0.00,95,18.38,94,18.38,95,18.38,98,44.27
18.5,32.0,0.00,0.00,94,18.38,93,18.38,96,18.38,97,44.27
15.9,32.0,0.00,0.00,95,18.38,83,18.38,94,18.38,97,44.27
13.2,32.0,0.00,0.00,96,18.38,82,18.38,97,18.38,98,44.27
12.1,27.2,0.00,0.00,0,18.38,0,18.38,0,18.38,91,44.27
12.1,27.9,0.00,0.00,0,18.38,0,18.38,0,18.38,90,44.27
12.1,28.4,0.00,0.00,0,18.38,0,18.38,0,18.38,93,44.27
11.9,29.1,0.00,0.00,0,18.38,0,18.38,0,18.38,95,44.27
16.4,29.6,0.00,0.00,0,18.38,0,18.38,0,18.38,89,44.27
11.9,30.3,0.00,0.00,0,18.38,0,18.38,0,18.38,89,44.27
20.4,30.7,0.00,0.00,0,18.38,0,18.38,0,18.38,87,44.27
11.7,31.5,0.00,0.00,0,18.38,0,18.38,0,18.38,96,44.27
17.0,31.9,0.00,0.00,0,18.38,0,18.38,71,18.38,99,44.27
17.4,32.0,0.00,0.00,96,18.38,87,18.38,86,18.38,99,44.27
16.4,32.0,0.00,0.00,90,18.38,88,18.38,88,18.38,98,44.27
16.5,32.0,0.00,0.00,94,18.38,91,18.38,92,18.38,99,44.27
15.1,32.0,0.00,0.00,95,18.38,92,18.38,90,18.38,99,44.27
14.6,32.0,0.00,0.00,95,18.38,94,18.38,91,18.38,97,44.27
15.3,32.0,0.00,0.00,94,18.38,95,18.38,90,18.38,94,44.27
14.2,32.0,0.00,0.00,91,18.38,89,18.38,91,18.38,94,44.27
9.6,30.4,0.00,0.00,94,18.38,95,18.38,90,18.38,70,44.27
15.7,30.6,0.00,0.00,91,18.38,94,18.38,91,18.38,90,44.27
17.3,30.8,0.00,0.00,90,18.38,97,18.38,83,18.38,91,44.27
13.5,31.0,0.00,0.00,93,18.38,95,18.38,91,18.38,84,44.27
15.8,31.2,0.00,0.00,87,18.38,86,18.38,94,18.38,88,44.27
17.1,31.5,0.00,0.00,91,18.38,97,18.38,94,18.38,86,44.27
12.3,31.6,0.00,0.00,90,18.38,94,18.38,89,18.38,84,44.27
15.7,31.9,0.00,0.00,91,18.38,96,18.38,90,18.38,85,44.27
15.8,32.0,0.00,0.00,89,18.38,94,18.38,93,18.38,94,44.27
15.1,32.0,0.00,0.00,95,18.38,95,18.38,96,18.38,94,44.27
13.4,32.0,0.00,0.00,96,18.38,94,18.38,95,18.38,92,44.27
14.4,32.0,0.00,0.00,94,18.38,92,18.38,95,18.38,94,44.27
15.0,32.0,0.00,0.00,95,18.38,96,18.38,94,18.38,89,44.27
14.6,32.0,0.00,0.00,95,18.38,91,18.38,96,18.38,93,44.27
11.5,32.0,0.00,0.00,95,18.38,96,18.38,95,18.38,94,44.27
12.3,32.0,0.00,0.00,95,18.38,95,18.38,96,18.38,94,44.27
11.2,32.0,0.00,0.00,95,18.38,97,18.38,92,18.38,95,44.27
14.1,32.0,0.00,0.00,96,18.38,94,18.38,93,18.38,95,44.27
14.8,32.0,0.00,0.00,96,18.38,96,18.38,90,18.38,95,44.27
12.4,32.0,0.00,0.00,97,18.38,97,18.38,92,18.38,93,44.27
12.7,32.0,0.00,0.00,94,18.38,97,18.38,94,18.38,96,44.27
12.7,32.0,0.00,0.00,95,18.38,89,18.38,94,18.38,96,44.27
28.2,32.0,0.00,0.00,96,18.38,89,18.38,49,18.33,93,44.27
5.8,17.7,0.00,0.00,3,2.67,3,2.67,3,2.67,95,44.27
9.6,17.9,0.00,0.00,0,2.67,0,2.67,0,2.67,86,44.27
10.0,18.3,0.00,0.00,0,2.67,0,2.67,0,2.67,76,44.27
9.4,19.0,0.00,0.00,0,2.67,0,2.67,0,2.67,95,44.27
10.2,19.4,0.00,0.00,0,2.67,0,2.67,0,2.67,94,44.27
9.6,21.5,0.00,0.00,0,2.67,0,2.67,4,10.83,95,44.27
11.4,23.6,0.00,0.00,1,5.98,2,7.64,0,12.76,90,44.27
10.5,25.2,0.00,0.00,4,29.39,3,29.39,0,12.76,69,44.27
41.9,25.9,0.00,0.00,0,29.39,0,29.39,0,12.76,82,44.27
34.1,26.4,0.00,0.00,0,29.39,0,29.39,0,12.76,74,44.27
10.0,27.1,0.00,0.00,0,29.39,0,29.39,0,12.76,81,44.27
10.0,27.6,0.00,0.00,0,29.39,0,29.39,0,12.76,87,44.27
9.8,28.3,0.00,0.00,0,29.39,0,29.39,0,12.76,88,44.27
9.6,28.8,0.00,0.00,0,29.39,0,29.39,0,12.76,85,44.27
10.0,30.0,0.00,0.00,0,29.39,0,29.39,2,28.46,91,44.27
15.4,30.9,0.00,0.00,0,32.71,0,31.88,82,28.85,94,44.27
11.2,32.5,0.00,0.00,92,63.96,93,58.1,85,28.85,90,44.27
11.9,32.5,0.00,0.00,100,63.96,100,58.1,86,28.85,93,44.27
12.6,32.5,0.00,0.00,100,63.96,100,58.1,88,28.85,96,44.27
11.7,32.5,0.00,0.00,100,63.96,100,58.1,88,28.85,95,44.27
12.7,32.5,0.00,0.00,99,63.96,100,58.1,86,28.85,96,44.27
10.2,32.5,0.00,0.00,100,63.96,100,58.1,85,28.85,95,44.27
13.5,32.5,0.00,0.00,99,63.96,100,58.1,88,28.85,95,44.27
12.5,32.5,0.00,0.00,100,63.96,100,58.1,87,28.85,95,44.27
12.5,32.5,0.00,0.00,100,63.96,100,58.1,90,28.85,94,44.27
10.2,32.4,0.00,0.00,100,63.96,100,58.1,88,28.85,95,44.27
11.7,32.4,0.00,0.00,99,63.96,100,58.1,88,28.85,96,44.27
9.8,32.4,0.00,0.00,100,63.96,100,58.1,89,28.85,94,44.27
11.1,32.4,0.00,0.00,100,63.96,100,58.1,91,28.85,96,44.27
11.0,32.5,0.00,0.00,100,63.96,100,58.1,92,28.85,96,44.27
12.3,32.5,0.00,0.00,100,63.96,100,58.1,91,28.85,96,44.27
10.7,32.5,0.00,0.00,100,63.96,100,58.1,91,28.85,94,44.27
12.6,32.5,0.00,0.00,100,63.96,100,58.1,93,28.85,94,44.27
12.9,32.5,0.00,0.00,100,63.96,100,58.1,85,28.85,93,44.27
9.8,32.5,0.00,0.00,100,63.96,100,58.1,90,28.85,91,44.27
11.5,32.5,0.00,0.00,100,63.96,100,58.1,89,28.85,94,44.27
13.7,32.5,0.00,0.00,100,63.96,100,58.1,92,28.85,90,44.27
11.3,32.5,0.00,0.00,100,63.96,100,58.1,89,28.85,90,44.27
10.4,32.5,0.00,0.00,100,63.96,100,58.1,91,28.85,93,44.27
12.1,32.5,0.00,0.00,100,63.96,100,58.1,91,28.85,91,44.27
12.3,32.5,0.00,0.00,100,63.96,100,58.1,88,28.85,95,44.27
12.1,32.5,0.00,0.00,100,63.96,100,58.1,92,28.85,95,44.27
12.1,32.5,0.00,0.00,100,63.96,100,58.1,92,28.85,90,44.27
10.2,32.5,0.00,0.00,100,63.96,100,58.1,91,28.85,93,44.27
11.0,32.4,0.00,0.00,100,63.96,100,58.1,92,28.85,95,44.27
12.3,32.4,0.00,0.00,100,63.96,100,58.1,93,28.85,95,44.27
11.7,32.5,0.00,0.00,100,63.96,100,58.1,93,28.85,94,44.27
12.3,32.5,0.00,0.00,100,63.96,100,58.1,93,28.85,94,44.27
13.2,32.5,0.00,0.00,100,63.96,100,58.1,94,28.85,95,44.27
11.5,32.5,0.00,0.00,100,63.96,100,58.1,94,28.85,95,44.27
11.0,32.5,0.00,0.00,100,63.96,100,58.1,93,28.85,88,44.27
9.8,32.5,0.00,0.00,100,63.96,100,58.1,91,28.85,95,44.27
11.2,32.5,0.00,0.00,100,63.96,100,58.1,89,28.85,87,44.27
11.0,32.5,0.00,0.00,100,63.96,100,58.1,93,28.85,86,44.27
9.8,32.5,0.00,0.00,100,63.96,100,58.1,92,28.85,91,44.27
11.3,32.5,0.00,0.00,100,63.96,100,58.1,94,28.85,95,44.27
13.6,32.5,0.00,0.00,100,63.96,100,58.1,91,28.85,96,44.27
11.9,32.5,0.00,0.00,100,63.96,100,58.1,91,28.85,94,44.27
12.1,32.5,0.00,0.00,100,63.96,100,58.1,92,28.85,94,44.27
13.1,32.5,0.00,0.00,100,63.96,100,58.1,94,28.85,93,44.27
12.3,32.5,0.00,0.00,100,63.96,100,58.1,93,28.85,92,44.27
11.5,32.5,0.00,0.00,100,63.96,100,58.1,91,28.85,93,44.27
12.5,32.5,0.00,0.00,100,63.96,100,58.1,92,28.85,93,44.27
10.2,32.5,0.00,0.00,100,63.96,100,58.1,93,28.85,95,44.27
11.9,32.5,0.00,0.00,100,63.96,100,58.1,89,28.85,90,44.27
16.0,32.5,0.00,0.00,100,63.96,100,58.1,93,28.85,93,44.27
13.7,31.0,0.00,0.00,100,63.96,100,58.1,89,28.85,98,44.27
16.6,31.3,0.00,0.00,99,63.96,100,58.1,92,28.85,56,44.27
15.2,31.5,0.00,0.00,100,63.96,100,58.1,92,28.85,45,44.27
16.1,31.6,0.00,0.00,100,63.96,100,58.1,89,28.85,44,44.27
30.7,31.8,0.00,0.00,100,63.96,100,58.1,91,28.85,50,44.27
23.5,32.0,0.00,0.00,100,63.96,100,58.1,87,28.85,94,44.27
23.7,32.2,0.00,0.00,100,63.96,100,58.1,88,28.85,94,44.27
52.9,32.4,0.00,0.00,100,63.96,100,58.1,86,28.85,93,44.27
14.2,32.5,0.00,0.00,100,63.96,100,58.1,91,28.85,99,44.27
15.0,32.5,0.00,0.00,100,63.96,100,58.1,93,28.85,98,44.27
13.0,32.5,0.00,0.00,100,63.96,100,58.1,92,28.85,97,44.27
13.2,32.5,0.00,0.00,100,63.96,100,58.1,93,28.85,99,44.27
15.2,32.5,0.00,0.00,100,63.96,100,58.1,90,28.85,99,44.27
13.2,32.5,0.00,0.00,100,63.96,100,58.1,90,28.85,99,44.27
14.2,32.5,0.00,0.00,100,63.96,100,58.1,93,28.85,99,44.27
16.0,32.5,0.00,0.00,100,63.96,100,58.1,94,28.85,99,44.27
14.4,32.5,0.00,0.00,100,63.96,100,58.1,93,28.85,99,44.27
14.2,32.5,0.00,0.00,100,63.96,100,58.1,94,28.85,98,44.27
13.8,32.5,0.00,0.00,100,63.96,100,58.1,93,28.85,98,44.27
13.9,32.5,0.00,0.00,99,63.96,100,58.1,92,28.85,98,44.27
14.3,32.5,0.00,0.00,99,63.96,100,58.1,86,28.85,96,44.27
15.2,32.5,0.00,0.00,100,63.96,100,58.1,91,28.85,99,44.27
12.7,32.5,0.00,0.00,100,63.96,100,58.1,91,28.85,99,44.27
12.8,32.5,0.00,0.00,100,63.96,100,58.1,92,28.85,97,44.27
12.1,32.5,0.00,0.00,100,63.96,100,58.1,89,28.85,99,44.27
13.5,32.5,0.00,0.00,100,63.96,100,58.1,92,28.85,98,44.27
11.9,32.5,0.00,0.00,100,63.96,100,58.1,94,28.85,97,44.27
15.3,32.5,0.00,0.00,100,63.96,100,58.1,93,28.85,98,44.27
12.7,32.5,0.00,0.00,100,63.96,100,58.1,93,28.85,99,44.27
13.1,32.5,0.00,0.00,100,63.96,100,58.1,92,28.85,97,44.27
12.9,32.5,0.00,0.00,100,63.96,100,58.1,91,28.85,89,44.27
12.5,32.5,0.00,0.00,100,63.96,100,58.1,91,28.85,98,44.27
12.1,32.5,0.00,0.00,100,63.96,100,58.1,94,28.85,97,44.27
11.9,32.5,0.00,0.00,100,63.96,100,58.1,88,28.85,68,44.27
13.6,31.0,0.00,0.00,100,63.96,100,58.1,90,28.85,91,44.27
67.0,31.2,0.00,0.00,100,63.96,100,58.1,87,28.85,95,44.27
79.0,31.4,0.00,0.00,100,63.96,97,58.1,86,28.85,95,44.27
13.5,31.6,0.00,0.00,100,63.96,100,58.1,87,28.85,92,44.27
15.9,31.8,0.00,0.00,100,63.96,100,58.1,92,28.85,82,44.27
13.2,32.0,0.00,0.00,100,63.96,100,58.1,93,28.85,91,44.27
16.4,32.3,0.00,0.00,100,63.96,100,58.1,88,28.85,94,44.27
14.4,32.4,0.00,0.00,100,63.96,100,58.1,88,28.85,96,44.27
11.9,32.5,0.00,0.00,100,63.96,100,58.1,92,28.85,91,44.27
11.5,32.5,0.00,0.00,100,63.96,100,58.1,94,28.85,88,44.27
11.7,32.4,0.00,0.00,100,63.96,100,58.1,94,28.85,95,44.27
10.8,32.4,0.00,0.00,100,63.96,100,58.1,94,28.85,95,44.27
10.2,32.4,0.00,0.00,100,63.96,100,58.1,94,28.85,94,44.27
12.3,32.4,0.00,0.00,100,63.96,100,58.1,94,28.85,93,44.27
10.2,32.4,0.00,0.00,100,63.96,100,58.1,91,28.85,95,44.27
10.8,32.4,0.00,0.00,100,63.96,100,58.1,93,28.85,95,44.27
11.5,32.5,0.00,0.00,100,63.96,100,58.1,93,28.85,95,44.27
10.5,32.4,0.00,0.00,100,63.96,100,58.1,93,28.85,94,44.27
10.9,32.4,0.00,0.00,100,63.96,100,58.1,92,28.85,96,44.27
12.7,32.4,0.00,0.00,100,63.96,100,58.1,94,28.85,95,44.27
10.2,32.4,0.00,0.00,100,63.96,100,58.1,91,28.85,93,44.27
11.3,32.4,0.00,0.00,100,63.96,100,58.1,92,28.85,96,44.27
13.3,32.4,0.00,0.00,100,63.96,100,58.1,91,28.85,96,44.27
12.1,32.4,0.00,0.00,100,63.96,100,58.1,93,28.85,95,44.27
13.3,32.4,0.00,0.00,100,63.96,100,58.1,92,28.85,96,44.27
13.6,32.4,0.00,0.00,100,63.96,100,58.1,93,28.85,96,44.27
11.5,32.4,0.00,0.00,100,63.96,100,58.1,95,28.85,96,44.27
12.7,32.4,0.00,0.00,100,63.96,100,58.1,94,28.85,96,44.27
11.3,32.4,0.00,0.00,100,63.96,100,58.1,90,28.85,94,44.27
10.0,32.4,0.00,0.00,100,63.96,100,58.1,94,28.85,96,44.27
12.9,32.4,0.00,0.00,100,63.96,100,58.1,93,28.85,96,44.27
11.0,32.4,0.00,0.00,100,63.96,100,58.1,90,28.85,96,44.27
10.9,32.4,0.00,0.00,100,63.96,100,58.1,91,28.85,94,44.27
11.9,32.4,0.00,0.00,100,63.96,100,58.1,94,28.85,94,44.27
11.2,32.4,0.00,0.00,100,63.96,100,58.1,93,28.85,94,44.27
10.0,32.4,0.00,0.00,100,63.96,100,58.1,94,28.85,94,44.27
12.3,32.4,0.00,0.00,100,63.96,100,58.1,95,28.85,95,44.27
9.6,32.4,0.00,0.00,100,63.96,100,58.1,88,28.85,96,44.27
11.0,32.4,0.00,0.00,100,63.96,100,58.1,92,28.85,97,44.27
11.3,32.4,0.00,0.00,100,63.96,100,58.1,91,28.85,97,44.27
11.2,32.4,0.00,0.00,100,63.96,100,58.1,91,28.85,95,44.27
10.0,32.4,0.00,0.00,100,63.96,100,58.1,92,28.85,95,44.27
13.3,32.4,0.00,0.00,100,63.96,100,58.1,95,28.85,91,44.27
12.3,32.4,0.00,0.00,100,63.96,100,58.1,94,28.85,94,44.27
11.7,32.4,0.00,0.00,100,63.96,100,58.1,92,28.85,97,44.27
12.5,32.4,0.00,0.00,100,63.96,100,58.1,92,28.85,96,44.27
12.9,32.4,0.00,0.00,100,63.96,100,58.1,92,28.85,95,44.27
12.5,32.4,0.00,0.00,100,63.96,100,58.1,91,28.85,97,44.27
12.6,32.4,0.00,0.00,100,63.96,100,58.1,91,28.85,96,44.27
11.9,32.4,0.00,0.00,100,63.96,100,58.1,95,28.85,95,44.27
12.7,32.4,0.00,0.00,99,63.96,100,58.1,95,28.85,97,44.27
11.5,32.4,0.00,0.00,100,63.96,100,58.1,93,28.85,97,44.27
10.2,32.4,0.00,0.00,100,63.96,100,58.1,94,28.85,95,44.27
12.1,32.4,0.00,0.00,100,63.96,100,58.1,93,28.85,97,44.27
10.0,32.4,0.00,0.00,100,63.96,100,58.1,89,28.85,95,44.27
12.7,32.4,0.00,0.00,100,63.96,100,58.1,91,28.85,93,44.27
10.3,32.4,0.00,0.00,100,63.96,100,58.1,92,28.85,95,44.27
10.9,32.4,0.00,0.00,100,63.96,100,58.1,92,28.85,94,44.27
11.5,32.4,0.00,0.00,100,63.96,100,58.1,90,28.85,87,44.27
12.1,32.5,0.00,0.00,100,63.96,100,58.1,94,28.85,94,44.27
9.8,32.4,0.00,0.00,100,63.96,100,58.1,93,28.85,95,44.27
10.6,32.4,0.00,0.00,100,63.96,100,58.1,89,28.85,94,44.27
12.5,32.4,0.00,0.00,100,63.96,100,58.1,93,28.85,93,44.27
11.0,32.4,0.00,0.00,100,63.96,100,58.1,91,28.85,93,44.27
12.3,32.4,0.00,0.00,100,63.96,100,58.1,92,28.85,95,44.27
12.1,32.4,0.00,0.00,100,63.96,100,58.1,93,28.85,96,44.27
13.1,32.4,0.00,0.00,100,63.96,100,58.1,93,28.85,96,44.27
13.1,32.4,0.00,0.00,100,63.96,100,58.1,93,28.85,97,44.27
12.5,32.4,0.00,0.00,100,64.03,100,58.1,93,28.85,94,44.27
89.7,30.9,0.00,0.00,0,64.03,100,58.1,86,28.85,91,44.27
12.1,31.1,0.00,0.00,0,64.03,100,58.1,86,28.85,95,44.27
12.5,31.4,0.00,0.00,0,64.03,100,58.1,87,28.85,95,44.27
10.6,31.5,0.00,0.00,0,64.03,100,58.1,94,28.85,97,44.27
10.2,31.8,0.00,0.00,0,64.03,100,58.1,93,28.85,87,44.27
10.8,31.9,0.00,0.00,0,64.03,100,58.1,86,28.85,95,44.27
12.2,32.2,0.00,0.00,0,64.03,100,58.1,84,28.85,96,44.27
10.9,32.4,0.00,0.00,0,64.03,100,58.1,94,28.85,94,44.27
11.3,32.4,0.00,0.00,66,64.03,100,58.1,92,28.85,96,44.27
11.6,32.4,0.00,0.00,100,64.03,100,58.1,92,28.85,95,44.27
9.8,32.4,0.00,0.00,100,64.03,100,58.1,92,28.85,96,44.27
12.3,32.4,0.00,0.00,100,64.03,100,58.1,94,28.85,87,44.27
11.1,32.4,0.00,0.00,100,64.03,100,58.1,92,28.85,96,44.27
9.6,32.4,0.00,0.00,100,64.03,100,58.1,92,28.85,95,44.27
11.9,32.4,0.00,0.00,100,64.03,100,58.1,94,28.85,95,44.27
11.1,32.4,0.00,0.00,100,64.03,100,58.1,93,28.85,95,44.27
10.0,32.4,0.00,0.00,100,64.03,100,58.1,90,28.85,95,44.27
10.6,32.4,0.00,0.00,100,64.03,100,58.1,94,28.85,91,44.27
9.6,32.4,0.00,0.00,100,64.03,100,58.1,94,28.85,64,44.27
15.9,30.9,0.00,0.00,100,64.03,100,58.1,85,28.85,91,44.27
15.0,31.1,0.00,0.00,100,64.03,100,58.1,87,28.85,97,44.27
15.4,31.3,0.00,0.00,100,64.03,100,58.1,83,28.85,99,44.27
15.2,31.5,0.00,0.00,100,64.03,100,58.1,91,28.85,96,44.27
14.0,31.7,0.00,0.00,100,64.03,100,58.1,85,28.85,94,44.27
17.7,31.9,0.00,0.00,100,64.03,100,58.1,87,28.85,97,44.27
64.2,32.1,0.00,0.00,100,64.03,100,58.1,87,29.12,98,44.27
83.1,31.1,0.00,0.00,100,64.03,100,58.1,0,29.12,93,44.27
12.9,31.1,0.00,0.00,100,64.03,100,58.1,0,29.12,98,44.27
19.4,31.2,0.00,0.00,100,64.03,100,58.1,0,29.12,95,44.27
12.9,31.5,0.00,0.00,100,64.03,100,58.1,0,29.12,97,44.27
13.8,31.6,0.00,0.00,100,64.03,100,58.1,0,29.12,94,44.27
11.9,31.9,0.00,0.00,100,64.03,100,58.1,0,29.12,97,44.27
12.9,32.0,0.00,0.00,100,64.03,100,58.1,0,29.12,97,44.27
13.4,32.3,0.00,0.00,100,64.03,100,58.1,0,29.12,99,44.27
20.3,32.5,0.00,0.00,100,64.03,100,58.1,17,29.12,99,44.27
12.3,32.5,0.00,0.00,100,64.03,100,58.1,87,29.12,98,44.27
13.2,32.5,0.00,0.00,100,64.03,100,58.1,88,29.12,97,44.27
13.6,32.5,0.00,0.00,100,64.03,100,58.1,87,29.12,96,44.27
13.4,32.5,0.00,0.00,100,64.03,100,58.1,89,29.12,97,44.27
14.6,32.5,0.00,0.00,100,64.03,100,58.1,90,29.12,99,44.27
13.3,32.5,0.00,0.00,100,64.03,100,58.1,89,29.12,99,44.27
14.2,32.5,0.00,0.00,100,64.03,100,58.1,90,29.12,97,44.27
14.4,32.5,0.00,0.00,100,64.03,100,58.1,92,29.12,99,44.27
15.2,32.5,0.00,0.00,100,64.03,100,58.1,92,29.12,99,44.27
16.3,32.5,0.00,0.00,100,64.03,100,58.1,88,29.12,99,44.27
14.0,32.5,0.00,0.00,100,64.03,100,58.1,88,29.12,96,44.27
14.3,32.5,0.00,0.00,100,64.03,100,58.1,90,29.12,98,44.27
13.3,32.5,0.00,0.00,100,64.03,100,58.1,91,29.12,96,44.27
11.5,32.5,0.00,0.00,100,64.03,100,58.1,91,29.12,97,44.27
14.9,32.5,0.00,0.00,100,64.03,100,58.1,91,29.12,98,44.27
11.9,32.5,0.00,0.00,100,64.03,100,58.1,93,29.12,99,44.27
12.9,32.5,0.00,0.00,100,64.03,100,58.1,91,29.12,99,44.27
12.1,32.5,0.00,0.00,100,64.03,100,58.1,90,29.12,62,44.27
13.2,31.1,0.00,0.00,100,64.03,100,58.1,87,29.12,90,44.27
14.9,31.2,0.00,0.00,100,64.03,100,58.1,91,29.12,90,44.27
15.2,31.5,0.00,0.00,100,64.03,100,58.1,91,29.12,92,44.27
14.0,31.6,0.00,0.00,100,64.03,100,58.1,91,29.12,83,44.27
19.7,31.9,0.00,0.00,100,64.03,49,58.12,86,29.12,79,44.27
14.8,30.7,0.00,0.00,100,64.03,0,58.12,84,29.12,82,44.27
12.3,31.1,0.00,0.00,100,64.03,0,58.12,90,29.12,92,44.27
12.1,31.5,0.00,0.00,99,64.03,0,58.12,91,29.12,93,44.27
9.8,31.7,0.00,0.00,100,64.03,0,58.12,93,29.12,92,44.27
12.6,32.0,0.00,0.00,100,64.03,0,58.12,91,29.12,86,44.27
10.0,32.1,0.00,0.00,100,64.03,0,58.12,92,29.12,91,44.27
9.8,32.4,0.00,0.00,100,64.03,0,58.12,95,29.12,92,44.27
11.0,32.5,0.00,0.00,100,64.03,0,58.12,88,29.12,95,44.27
12.9,32.5,0.00,0.00,100,64.03,100,58.12,91,29.12,94,44.27
10.8,32.5,0.00,0.00,100,64.03,100,58.12,94,29.12,92,44.27
12.5,32.5,0.00,0.00,100,64.03,100,58.12,93,29.12,96,44.27
12.3,32.5,0.00,0.00,100,64.03,100,58.12,93,29.12,97,44.27
11.7,32.5,0.00,0.00,100,64.03,100,58.12,94,29.12,97,44.27
13.4,32.5,0.00,0.00,100,64.03,100,58.12,93,29.12,96,44.27
11.5,32.5,0.00,0.00,100,64.03,100,58.12,92,29.12,90,44.27
11.2,32.5,0.00,0.00,100,64.03,100,58.12,91,29.12,97,44.27
12.7,32.5,0.00,0.00,100,64.03,100,58.12,94,29.12,95,44.27
10.4,32.5,0.00,0.00,100,64.03,100,58.12,90,29.12,96,44.27
11.5,32.5,0.00,0.00,100,64.03,100,58.12,91,29.12,91,44.27
11.0,32.5,0.00,0.00,100,64.03,100,58.12,92,29.12,93,44.27
10.6,32.5,0.00,0.00,100,64.03,100,58.12,93,29.12,94,44.27
11.3,32.5,0.00,0.00,100,64.03,100,58.12,92,29.12,93,44.27
11.3,32.5,0.00,0.00,100,64.03,100,58.12,93,29.12,94,44.27
11.0,32.5,0.00,0.00,100,64.03,100,58.12,92,29.12,88,44.27
13.4,32.5,0.00,0.00,100,64.03,100,58.12,93,29.12,89,44.27
12.8,32.5,0.00,0.00,100,64.03,100,58.12,92,29.12,88,44.27
12.1,32.5,0.00,0.00,100,64.03,100,58.12,92,29.12,84,44.27
11.0,32.5,0.00,0.00,100,64.03,100,58.12,92,29.12,90,44.27
10.2,32.5,0.00,0.00,100,64.03,100,58.12,92,29.12,94,44.27
12.9,32.5,0.00,0.00,100,64.03,100,58.12,93,29.12,95,44.27
9.6,32.5,0.00,0.00,100,64.03,100,58.12,93,29.12,93,44.27
10.2,32.5,0.00,0.00,100,64.03,100,58.12,95,29.12,96,44.27
12.5,32.5,0.00,0.00,100,64.03,100,58.12,87,29.12,96,44.27
11.2,32.5,0.00,0.00,100,64.03,100,58.12,92,29.12,94,44.27
11.0,32.5,0.00,0.00,100,64.03,100,58.12,90,29.12,96,44.27
12.3,32.5,0.00,0.00,100,64.03,100,58.12,92,29.12,96,44.27
11.2,32.5,0.00,0.00,100,64.03,100,58.12,92,29.12,93,44.27
11.5,32.5,0.00,0.00,99,64.03,100,58.12,93,29.12,96,44.27
13.3,32.5,0.00,0.00,100,64.03,100,58.12,93,29.12,94,44.27
12.3,32.5,0.00,0.00,100,64.03,100,58.12,93,29.12,94,44.27
11.7,32.5,0.00,0.00,100,64.03,100,58.12,94,29.12,94,44.27
12.9,32.5,0.00,0.00,100,64.03,100,58.12,93,29.12,95,44.27
10.2,32.5,0.00,0.00,100,64.03,100,58.12,92,29.12,96,44.27
11.6,32.5,0.00,0.00,100,64.03,100,58.12,92,29.12,94,44.27
10.9,32.5,0.00,0.00,100,64.03,100,58.12,94,29.12,92,44.27
10.0,32.5,0.00,0.00,100,64.03,100,58.12,93,29.12,91,44.27
10.8,32.5,0.00,0.00,100,64.03,100,58.12,92,29.12,94,44.27
10.8,32.5,0.00,0.00,100,64.03,100,58.12,93,29.12,95,44.27
11.9,32.5,0.00,0.00,100,64.03,100,58.12,92,29.12,93,44.27
11.6,32.5,0.00,0.00,100,64.03,100,58.12,93,29.12,96,44.27
11.9,32.5,0.00,0.00,100,64.03,100,58.12,93,29.12,95,44.27
12.5,32.5,0.00,0.00,100,64.03,100,58.12,94,29.12,95,44.27
12.5,32.5,0.00,0.00,100,64.03,100,58.12,89,29.12,94,44.27
12.3,32.5,0.00,0.00,100,64.03,100,58.12,93,29.12,93,44.27
12.5,32.5,0.00,0.00,100,64.03,100,58.12,90,29.12,96,44.27
10.2,32.5,0.00,0.00,100,64.03,100,58.12,94,29.12,94,44.27
11.7,32.5,0.00,0.00,100,64.03,100,58.12,95,29.12,91,44.27
10.0,32.5,0.00,0.00,100,64.03,100,58.12,92,29.12,96,44.27
11.9,32.5,0.00,0.00,100,64.03,100,58.12,91,29.12,95,44.27
10.2,32.5,0.00,0.00,100,64.03,100,58.12,94,29.12,93,44.27
10.0,32.5,0.00,0.00,100,64.03,100,58.12,93,29.12,96,44.27
12.2,32.5,0.00,0.00,100,64.03,100,58.12,91,29.12,95,44.27
10.8,32.5,0.00,0.00,100,64.03,100,58.12,93,29.12,96,44.27
12.1,32.5,0.00,0.00,100,64.03,100,58.12,94,29.12,95,44.27
13.5,32.5,0.00,0.00,100,64.03,100,58.12,92,29.12,95,44.27
12.4,32.5,0.00,0.00,100,64.03,100,58.12,92,29.12,94,44.27
13.2,32.5,0.00,0.00,100,64.03,100,58.12,94,29.12,96,44.27
11.3,32.5,0.00,0.00,100,64.03,100,58.12,94,29.12,93,44.27
10.2,32.5,0.00,0.00,100,64.03,100,58.12,92,29.12,90,44.27
12.1,32.5,0.00,0.00,100,64.03,100,58.12,93,29.12,96,44.27
10.0,32.5,0.00,0.00,100,64.03,100,58.12,94,29.12,94,44.27
10.6,32.5,0.00,0.00,100,64.03,100,58.12,95,29.12,94,44.27
10.4,32.5,0.00,0.00,100,64.03,100,58.12,94,29.12,90,44.27
10.2,32.5,0.00,0.00,100,64.03,100,58.12,94,29.12,92,44.27
12.9,32.5,0.00,0.00,100,64.03,100,58.12,95,29.12,95,44.27
10.3,32.5,0.00,0.00,100,64.03,100,58.12,95,29.12,96,44.27
12.5,32.5,0.00,0.00,100,64.03,100,58.12,94,29.12,94,44.27
14.2,32.5,0.00,0.00,100,64.03,100,58.12,92,29.12,88,44.27
12.3,32.5,0.00,0.00,100,64.03,100,58.12,93,29.12,88,44.27
16.9,32.5,0.00,0.00,100,64.03,100,58.12,95,29.12,89,44.27
10.8,32.5,0.00,0.00,100,64.03,100,58.12,92,29.12,89,44.27
10.4,32.5,0.00,0.00,100,64.03,100,58.12,92,29.12,88,44.27
10.8,32.5,0.00,0.00,100,64.03,100,58.12,93,29.12,96,44.27
10.2,32.5,0.00,0.00,100,64.03,100,58.12,83,29.12,92,44.27
15.0,32.5,0.00,0.00,100,64.03,100,58.12,91,29.12,78,29.9
14.6,27.5,0.00,0.00,100,64.03,100,58.12,92,29.12,99,29.9
11.7,27.5,0.00,0.00,100,64.03,100,58.12,90,29.12,98,29.9
12.7,27.5,0.00,0.00,100,64.03,100,58.12,93,29.12,99,29.9
14.3,27.5,0.00,0.00,100,64.03,100,58.12,94,29.12,98,29.9
12.5,27.4,0.00,0.00,100,64.03,100,58.12,93,29.12,99,29.9
12.3,27.4,0.00,0.00,100,64.03,100,58.12,93,29.12,99,29.9
17.0,27.4,0.00,0.00,100,64.03,100,58.12,94,29.12,99,29.9
13.1,27.4,0.00,0.00,100,64.03,100,58.12,95,29.12,99,29.9
14.2,27.4,0.00,0.00,100,64.03,100,58.12,91,29.12,99,29.9
14.4,27.4,0.00,0.00,100,64.03,100,58.12,92,29.12,99,29.9
14.1,27.4,0.00,0.00,100,64.03,100,58.12,93,29.12,99,29.9
16.9,27.4,0.00,0.00,100,64.03,100,58.12,92,29.12,98,29.9
13.1,27.4,0.00,0.00,99,64.03,100,58.12,92,29.12,96,29.9
14.5,27.4,0.00,0.00,100,64.03,100,58.12,89,29.12,99,29.9
15.1,27.4,0.00,0.00,100,64.03,100,58.12,94,29.12,99,29.9
13.2,27.4,0.00,0.00,100,64.03,100,58.12,94,29.12,99,29.9
13.3,27.4,0.00,0.00,100,64.03,100,58.12,93,29.12,99,29.9
14.5,27.4,0.00,0.00,100,64.03,100,58.12,92,29.12,99,29.9
14.7,25.8,0.00,0.00,76,64.03,100,58.12,94,29.12,94,29.9
11.9,26.1,0.00,0.00,0,64.03,100,58.12,93,29.12,96,29.9
23.4,26.2,0.00,0.00,0,64.03,100,58.12,89,29.12,90,29.9
12.3,26.5,0.00,0.00,0,64.03,100,58.12,87,29.12,95,29.9
20.2,26.6,0.00,0.00,0,64.03,100,58.12,91,29.12,96,29.9
12.5,26.9,0.00,0.00,0,64.03,100,58.12,95,29.12,95,29.9
21.5,27.0,0.00,0.00,0,64.03,100,58.12,92,29.12,95,29.9
12.3,27.3,0.00,0.00,0,64.03,100,58.12,92,29.12,96,29.9
24.8,27.4,0.00,0.00,0,64.03,100,58.12,93,29.12,98,29.9
15.7,27.5,0.00,0.00,77,64.03,100,58.12,94,29.12,97,29.9
12.9,27.5,0.00,0.00,100,64.03,100,58.12,91,29.12,99,29.9
12.2,27.4,0.00,0.00,100,64.03,100,58.12,93,29.12,98,29.9
15.5,27.5,0.00,0.00,100,64.03,100,58.12,93,29.12,99,29.9
12.5,27.5,0.00,0.00,100,64.03,100,58.12,93,29.12,99,29.9
12.1,27.5,0.00,0.00,100,64.03,100,58.12,91,29.12,69,29.9
10.6,26.0,0.00,0.00,100,64.03,100,58.12,92,29.12,0,29.9
10.9,26.1,0.00,0.00,100,64.03,100,58.12,89,29.12,0,29.9
9.4,26.4,0.00,0.00,100,64.03,100,58.12,87,29.12,0,29.9
46.3,26.6,0.00,0.00,100,64.03,100,58.12,92,29.12,0,29.9
10.0,26.8,0.00,0.00,99,64.03,100,58.12,92,29.12,0,29.9
10.1,27.0,0.00,0.00,100,64.03,100,58.12,94,29.12,0,29.9
9.6,27.2,0.00,0.00,100,64.03,100,58.12,82,29.12,0,29.9
10.0,27.4,0.00,0.00,100,64.03,99,58.12,90,29.12,48,29.9
14.6,27.5,0.00,0.00,100,64.03,100,58.12,94,29.12,98,29.9
14.1,27.5,0.00,0.00,100,64.03,100,58.12,91,29.12,94,29.9
12.3,27.5,0.00,0.00,100,64.03,100,58.12,93,29.12,97,29.9
13.5,27.5,0.00,0.00,100,64.03,100,58.12,95,29.12,96,29.9
13.2,27.5,0.00,0.00,100,64.03,100,58.12,92,29.12,94,29.9
11.9,27.5,0.00,0.00,100,64.03,100,58.12,92,29.12,97,29.9
13.2,27.5,0.00,0.00,100,64.03,100,58.12,94,29.12,97,29.9
12.3,27.5,0.00,0.00,100,64.03,100,58.12,95,29.12,97,29.9
13.8,27.5,0.00,0.00,100,64.03,100,58.12,93,29.12,99,29.9
13.5,27.5,0.00,0.00,100,64.03,100,58.12,93,29.12,98,29.9
13.8,27.5,0.00,0.00,100,64.03,100,58.12,93,29.12,98,29.9
15.0,27.5,0.00,0.00,100,64.03,100,58.12,94,29.12,99,29.9
14.6,27.5,0.00,0.00,100,64.03,100,58.12,95,29.12,99,29.9
15.0,27.5,0.00,0.00,100,64.03,100,58.12,94,29.12,98,29.9
12.3,27.5,0.00,0.00,100,64.03,100,58.12,92,29.12,99,29.9
11.7,27.5,0.00,0.00,100,64.03,100,58.12,94,29.12,98,29.9
13.3,27.5,0.00,0.00,100,64.03,100,58.12,95,29.12,99,29.9
11.9,27.5,0.00,0.00,100,64.03,100,58.12,94,29.12,99,29.9
13.0,27.5,0.00,0.00,100,64.03,100,58.12,92,29.12,99,29.9
12.5,27.5,0.00,0.00,100,64.03,100,58.12,94,29.12,97,29.9
11.7,27.5,0.00,0.00,100,64.03,100,58.12,93,29.12,97,29.9
13.2,27.5,0.00,0.00,100,64.03,100,58.12,92,29.12,99,29.9
11.9,27.5,0.00,0.00,100,64.03,100,58.12,92,29.12,97,29.9
11.7,27.5,0.00,0.00,100,64.03,100,58.12,92,29.12,98,29.9
15.8,27.5,0.00,0.00,100,64.03,100,58.12,94,29.12,99,29.9
12.6,27.5,0.00,0.00,100,64.03,100,58.12,92,29.12,98,29.9
13.3,27.5,0.00,0.00,100,64.03,100,58.12,94,29.12,98,29.9
14.5,27.5,0.00,0.00,100,64.03,100,58.12,94,29.12,98,29.9
13.0,27.5,0.00,0.00,99,64.03,100,58.12,93,29.12,96,29.9
13.2,27.5,0.00,0.00,100,64.03,100,58.12,55,29.12,99,29.9
13.3,25.9,0.00,0.00,100,64.03,100,58.12,0,29.12,96,29.9
12.9,26.1,0.00,0.00,99,64.03,100,58.12,0,29.12,62,29.9
10.2,24.7,0.00,0.00,100,64.03,100,58.12,0,29.12,0,29.9
11.0,25.1,0.00,0.00,98,64.03,100,58.12,0,29.12,0,29.9
9.6,25.5,0.00,0.00,100,64.03,100,58.12,0,29.12,0,29.9
36.3,25.9,0.00,0.00,100,64.03,100,58.12,0,29.12,0,29.9
10.6,26.4,0.00,0.00,100,64.03,100,58.12,0,29.12,0,29.9
15.5,26.8,0.00,0.00,100,64.03,100,58.12,0,29.12,0,29.9
10.2,27.2,0.00,0.00,100,64.03,100,58.12,79,29.12,0,29.9
88.8,27.4,0.00,0.00,100,64.03,100,58.12,84,29.12,0,29.9
13.5,27.5,0.00,0.00,100,64.03,100,58.12,86,29.12,94,29.9
15.2,27.5,0.00,0.00,100,64.03,100,58.12,90,29.12,99,29.9
13.1,27.4,0.00,0.00,100,64.03,100,58.12,90,29.12,96,29.9
14.7,27.5,0.00,0.00,100,64.03,100,58.12,86,29.12,99,29.9
13.2,27.5,0.00,0.00,100,64.03,100,58.12,87,29.12,99,29.9
13.7,27.4,0.00,0.00,100,64.03,100,58.12,91,29.12,99,29.9
14.2,27.4,0.00,0.00,100,64.03,100,58.12,92,29.12,98,29.9
13.5,27.4,0.00,0.00,100,64.03,100,58.12,91,29.12,98,29.9
15.1,27.4,0.00,0.00,100,64.03,100,58.12,90,29.12,98,29.9
13.2,27.4,0.00,0.00,100,64.03,100,58.12,91,29.12,98,29.9
14.6,27.4,0.00,0.00,100,64.03,100,58.12,92,29.12,98,29.9
13.6,27.4,0.00,0.00,100,64.03,100,58.12,92,29.12,99,29.9
12.9,27.4,0.00,0.00,100,64.03,100,58.12,90,29.12,99,29.9
14.0,27.4,0.00,0.00,100,64.03,100,58.12,90,29.12,98,29.9
13.1,27.5,0.00,0.00,100,64.03,100,58.12,91,29.12,99,29.9
14.0,27.4,0.00,0.00,100,64.03,100,58.12,93,29.12,97,29.9
13.1,27.4,0.00,0.00,100,64.03,100,58.12,94,29.12,97,29.9
12.5,27.4,0.00,0.00,100,64.03,100,58.12,92,29.12,96,29.9
13.7,27.4,0.00,0.00,100,64.03,100,58.12,93,29.12,99,29.9
14.0,27.4,0.00,0.00,100,64.03,100,58.12,92,29.12,99,29.9
13.8,27.4,0.00,0.00,100,64.03,100,58.12,94,29.12,99,29.9
12.9,27.4,0.00,0.00,100,64.03,100,58.12,92,29.12,97,29.9
12.5,27.4,0.00,0.00,100,64.03,100,58.12,90,29.12,93,29.9
13.7,27.4,0.00,0.00,100,64.03,100,58.12,94,29.12,97,29.9
12.7,27.4,0.00,0.00,100,64.03,100,58.12,94,29.12,98,29.9
14.0,27.4,0.00,0.00,100,64.03,100,58.12,90,29.12,97,29.9
13.6,27.4,0.00,0.00,100,64.03,100,58.12,91,29.12,98,29.9
13.5,27.4,0.00,0.00,100,64.03,100,58.12,93,29.12,99,29.9
24.9,27.5,0.00,0.00,100,64.03,100,58.12,89,29.12,42,29.9
14.9,27.5,0.00,0.00,100,64.03,100,58.12,83,29.12,42,29.9
14.8,27.6,0.00,0.00,100,64.03,100,58.12,84,29.12,47,29.9
15.9,27.5,0.00,0.00,100,64.03,100,58.12,87,29.12,44,29.9
14.1,27.5,0.00,0.00,100,64.03,100,58.12,89,29.12,71,29.9
14.7,27.5,0.00,0.00,100,64.03,100,58.12,86,29.12,45,29.9
13.4,27.5,0.00,0.00,100,64.03,100,58.12,87,29.12,13,29.9
13.7,26.0,0.00,0.00,100,64.03,100,58.12,87,29.12,0,29.9
11.2,26.1,0.00,0.00,100,64.03,100,58.12,87,29.12,0,29.9
10.0,26.4,0.00,0.00,100,64.03,100,58.12,86,29.12,0,29.9
27.1,26.6,0.00,0.00,100,64.03,100,58.12,91,29.12,0,29.9
86.0,26.8,0.00,0.00,100,64.03,100,58.12,94,29.12,0,29.9
9.8,27.0,0.00,0.00,100,64.03,100,58.12,87,29.12,0,29.9
10.4,27.2,0.00,0.00,100,64.03,100,58.12,87,29.12,0,29.9
10.7,27.4,0.00,0.00,100,64.03,99,58.12,91,29.12,11,29.9
14.9,27.5,0.00,0.00,100,64.03,100,58.12,94,29.12,98,29.9
14.4,27.5,0.00,0.00,100,64.03,100,58.12,94,29.12,98,29.9
13.9,27.5,0.00,0.00,100,64.03,100,58.12,93,29.12,97,29.9
15.2,27.5,0.00,0.00,100,64.03,100,58.12,93,29.12,98,29.9
13.5,27.5,0.00,0.00,100,64.03,100,58.12,93,29.12,99,29.9
14.0,27.5,0.00,0.00,100,64.03,100,58.12,94,29.12,97,29.9
13.7,27.5,0.00,0.00,100,64.03,100,58.12,94,29.12,97,29.9
14.1,27.5,0.00,0.00,100,64.03,100,58.12,89,29.12,98,29.9
15.0,27.5,0.00,0.00,100,64.03,100,58.12,93,29.12,99,29.9
14.2,27.5,0.00,0.00,100,64.03,100,58.12,93,29.12,95,29.9
13.9,27.5,0.00,0.00,100,64.03,100,58.12,91,29.12,98,29.9
15.6,27.5,0.00,0.00,100,64.03,100,58.12,92,29.12,98,29.9
14.6,27.5,0.00,0.00,100,64.03,100,58.12,94,29.12,98,29.9
13.6,27.5,0.00,0.00,100,64.03,100,58.12,92,29.12,97,29.9
13.8,27.5,0.00,0.00,100,64.03,100,58.12,93,29.12,98,29.9
13.4,27.5,0.00,0.00,99,64.03,100,58.12,92,29.12,98,29.9
15.1,27.5,0.00,0.00,100,64.03,100,58.12,93,29.12,97,29.9
14.2,27.5,0.00,0.00,100,64.03,100,58.12,94,29.12,97,29.9
14.0,27.5,0.00,0.00,100,64.03,100,58.12,94,29.12,98,29.9
13.6,27.5,0.00,0.00,100,64.03,100,58.12,94,29.12,98,29.9
14.1,27.5,0.00,0.00,100,64.03,73,58.12,93,29.12,99,29.9
14.6,26.1,0.00,0.00,100,64.03,0,58.12,93,29.12,97,29.9
13.8,26.2,0.00,0.00,100,64.03,0,58.12,90,29.12,99,29.9
13.5,26.5,0.00,0.00,100,64.03,0,58.12,93,29.12,99,29.9
14.3,26.6,0.00,0.00,100,64.03,0,58.12,84,29.12,98,29.9
12.9,26.9,0.00,0.00,100,64.03,0,58.12,87,29.12,91,29.9
13.3,27.0,0.00,0.00,100,64.03,0,58.12,88,29.12,99,29.9
15.0,27.3,0.00,0.00,100,64.03,0,58.12,93,29.12,97,29.9
12.3,27.5,0.00,0.00,100,64.03,0,58.12,94,29.12,99,29.9
13.4,27.5,0.00,0.00,100,64.03,100,58.12,92,29.12,98,29.9
14.7,27.5,0.00,0.00,100,64.03,100,58.12,94,29.12,98,29.9
12.9,27.5,0.00,0.00,100,64.03,100,58.12,95,29.12,78,29.9
9.4,25.8,0.00,0.00,100,64.03,100,58.12,92,29.12,5,2.67
10.0,22.5,0.00,0.00,100,64.03,100,58.12,92,29.12,0,2.67
6.5,22.5,0.00,0.00,100,64.03,100,58.12,90,29.12,0,2.67
7.9,22.5,0.00,0.00,100,64.03,100,58.12,89,29.12,0,2.67
6.9,22.5,0.00,0.00,100,64.03,100,58.12,92,29.12,0,2.67
8.7,22.5,0.00,0.00,100,64.03,100,58.12,94,29.12,0,2.67
6.9,22.5,0.00,0.00,100,64.03,100,58.12,94,29.12,0,2.67
7.7,22.5,0.00,0.00,100,64.03,100,58.12,93,29.12,0,2.67
7.3,22.5,0.00,0.00,100,64.03,100,58.12,92,29.12,0,2.67
7.7,22.5,0.00,0.00,100,64.03,100,58.12,94,29.12,0,2.67
9.4,22.5,0.00,0.00,100,64.03,100,58.12,95,29.12,0,2.67
7.1,22.5,0.00,0.00,100,64.03,100,58.12,95,29.12,0,2.67
8.1,22.5,0.00,0.00,100,64.03,100,58.12,92,29.12,0,2.67
9.4,22.5,0.00,0.00,100,64.03,100,58.12,92,29.12,0,2.67
11.6,22.5,0.00,0.00,100,64.03,100,58.12,95,29.12,0,2.67
10.2,22.5,0.00,0.00,100,64.03,100,58.12,93,29.12,0,2.67
9.2,22.5,0.00,0.00,100,64.03,100,58.12,92,29.12,0,2.67
7.7,22.5,0.00,0.00,100,64.03,100,58.12,95,29.12,0,2.67
9.6,22.5,0.00,0.00,100,64.03,100,58.12,95,29.12,0,2.67
7.7,22.5,0.00,0.00,100,64.03,100,58.12,95,29.12,0,2.67
7.3,22.5,0.00,0.00,100,64.03,100,58.12,95,29.12,0,2.67
9.5,22.5,0.00,0.00,100,64.03,100,58.12,94,29.12,0,2.67
7.7,22.4,0.00,0.00,100,64.03,100,58.12,93,29.12,0,2.67
8.3,22.4,0.00,0.00,100,64.03,100,58.12,95,29.12,0,2.67
7.7,22.4,0.00,0.00,100,64.03,100,58.12,93,29.12,0,2.67
7.1,22.5,0.00,0.00,100,64.03,100,58.12,95,29.12,0,2.67
7.5,20.8,0.00,0.00,100,63.25,100,58.12,89,29.12,0,2.67
5.0,17.4,0.00,0.00,10,2.67,100,58.12,93,29.12,0,2.67
4.6,17.4,0.00,0.00,0,2.67,100,58.12,94,29.12,0,2.67
5.0,17.4,0.00,0.00,0,2.67,100,58.12,92,29.12,0,2.67
7.7,17.4,0.00,0.00,0,2.67,100,58.12,89,29.12,0,2.67
5.8,17.4,0.00,0.00,0,2.67,100,58.12,92,29.12,0,2.67
5.8,17.4,0.00,0.00,0,2.67,100,58.12,93,29.12,0,2.67
7.3,17.4,0.00,0.00,0,2.67,100,58.12,90,29.12,0,2.67
5.0,17.4,0.00,0.00,0,2.67,100,58.12,92,29.12,0,2.67
4.6,17.4,0.00,0.00,0,2.67,100,58.12,92,29.12,0,2.67
5.6,17.4,0.00,0.00,0,2.67,100,58.12,90,29.12,0,2.67
6.7,17.4,0.00,0.00,0,2.67,100,58.12,92,29.12,0,2.67
5.4,17.4,0.00,0.00,0,2.67,100,58.12,93,29.12,0,2.67
4.8,17.4,0.00,0.00,0,2.67,100,58.12,91,29.12,0,2.67
6.5,17.4,0.00,0.00,0,2.67,100,58.12,93,29.12,0,2.67
4.4,17.4,0.00,0.00,0,2.67,100,58.12,93,29.12,0,2.67
4.6,17.4,0.00,0.00,0,2.67,100,58.12,91,29.12,0,2.67
7.3,17.4,0.00,0.00,0,2.67,100,58.12,93,29.12,0,2.67
5.5,17.4,0.00,0.00,0,2.67,100,58.12,93,29.12,0,2.67
6.5,17.4,0.00,0.00,0,2.67,100,58.12,92,29.12,0,2.67
6.7,17.4,0.00,0.00,0,2.67,100,58.12,94,29.12,0,2.67
4.6,17.4,0.00,0.00,0,2.67,100,58.12,93,29.12,0,2.67
4.4,17.4,0.00,0.00,0,2.67,100,58.12,92,29.12,0,2.67
6.9,17.4,0.00,0.00,0,2.67,100,58.12,92,29.12,0,2.67
6.0,17.4,0.00,0.00,0,2.67,100,58.12,92,29.12,0,2.67
5.9,17.4,0.00,0.00,0,2.67,100,58.12,94,29.12,0,2.67
6.2,17.4,0.00,0.00,0,2.67,100,58.12,94,29.12,0,2.67
4.8,17.4,0.00,0.00,0,2.67,100,58.12,93,29.12,0,2.67
6.3,17.4,0.00,0.00,0,2.67,100,58.12,92,29.12,0,2.67
5.6,17.4,0.00,0.00,0,2.67,100,58.12,95,29.12,0,2.67
4.8,17.4,0.00,0.00,0,2.67,100,58.12,94,29.12,0,2.67
6.3,17.4,0.00,0.00,0,2.67,100,58.12,90,29.12,0,2.67
5.6,17.4,0.00,0.00,0,2.67,100,58.12,93,29.12,0,2.67
5.4,17.4,0.00,0.00,0,2.67,100,58.12,93,29.12,0,2.67
6.2,17.4,0.00,0.00,0,2.67,100,58.12,94,29.12,0,2.67
5.8,17.4,0.00,0.00,0,2.67,100,58.12,94,29.12,0,2.67
5.6,17.4,0.00,0.00,0,2.67,100,58.12,93,29.12,0,2.67
5.0,17.4,0.00,0.00,0,2.67,100,58.12,92,29.12,0,2.67
4.6,17.4,0.00,0.00,0,2.67,100,58.12,91,29.12,0,2.67
9.6,17.4,0.00,0.00,0,2.67,100,58.12,93,29.12,0,2.67
5.6,17.4,0.00,0.00,0,2.67,100,58.12,94,29.12,0,2.67
5.0,17.4,0.00,0.00,0,2.67,100,58.12,93,29.12,0,2.67
5.2,17.4,0.00,0.00,0,2.67,100,58.12,93,29.12,0,2.67
4.8,17.4,0.00,0.00,0,2.67,100,58.12,93,29.12,0,2.67
7.9,17.4,0.00,0.00,0,2.67,100,58.12,94,29.12,0,2.67
5.4,17.4,0.00,0.00,0,2.67,100,58.12,95,29.12,0,2.67
6.2,17.4,0.00,0.00,0,2.67,100,58.12,94,29.12,0,2.67
5.0,17.4,0.00,0.00,0,2.67,100,58.12,94,29.12,0,2.67
5.4,17.4,0.00,0.00,0,2.67,100,58.12,92,29.12,0,2.67
6.1,17.4,0.00,0.00,0,2.67,100,58.12,91,29.12,0,2.67
4.8,17.4,0.00,0.00,0,2.67,100,58.12,90,29.12,0,2.67
5.6,17.4,0.00,0.00,0,2.67,100,58.12,92,29.12,0,2.67
5.0,17.4,0.00,0.00,0,2.67,100,58.12,93,29.12,0,2.67
6.0,17.4,0.00,0.00,0,2.67,100,58.12,92,29.12,0,2.67
7.5,17.4,0.00,0.00,0,2.67,100,58.12,91,29.12,0,2.67
4.8,17.4,0.00,0.00,0,2.67,100,58.12,92,29.12,0,2.67
4.8,17.4,0.00,0.00,0,2.67,100,58.12,92,29.12,0,2.67
5.4,17.4,0.00,0.00,0,2.67,100,58.12,94,29.12,0,2.67
5.4,17.4,0.00,0.00,0,2.67,100,58.12,91,29.12,0,2.67
7.3,17.4,0.00,0.00,0,2.67,100,58.12,92,29.12,0,2.67
6.2,17.4,0.00,0.00,0,2.67,100,58.12,93,29.12,0,2.67
5.8,17.4,0.00,0.00,0,2.67,100,58.12,92,29.12,0,2.67
4.6,17.4,0.00,0.00,0,2.67,100,58.12,91,29.12,0,2.67
4.6,17.4,0.00,0.00,0,2.67,100,58.12,94,29.12,0,2.67
6.1,17.4,0.00,0.00,0,2.67,100,58.12,93,29.12,0,2.67
5.6,17.4,0.00,0.00,0,2.67,100,58.12,90,29.12,0,2.67
6.9,17.4,0.00,0.00,0,2.67,100,58.12,92,29.12,0,2.67
4.8,17.4,0.00,0.00,0,2.67,100,58.12,92,29.12,0,2.67
5.8,17.4,0.00,0.00,0,2.67,100,58.12,93,29.12,0,2.67
6.3,17.4,0.00,0.00,0,2.67,100,58.12,90,29.12,0,2.67
7.5,17.4,0.00,0.00,0,2.67,100,58.12,89,29.12,0,2.67
5.0,17.4,0.00,0.00,0,2.67,100,58.12,88,29.12,0,2.67
7.3,17.4,0.00,0.00,0,2.67,100,58.12,92,29.12,0,2.67
5.0,17.4,0.00,0.00,0,2.67,100,58.12,91,29.12,0,2.67
5.8,17.4,0.00,0.00,0,2.67,100,58.12,87,29.12,0,2.67
4.6,17.4,0.00,0.00,0,2.67,100,58.12,90,29.12,0,2.67
5.6,17.4,0.00,0.00,0,2.67,100,58.12,62,29.12,0,2.67
4.4,15.7,0.00,0.00,0,2.67,100,58.12,0,29.12,0,2.67
5.6,16.0,0.00,0.00,0,2.67,100,58.12,0,29.12,0,2.67
4.4,16.1,0.00,0.00,0,2.67,100,58.12,0,29.12,0,2.67
7.1,16.4,0.00,0.00,0,2.67,100,58.12,0,29.12,0,2.67
4.8,16.6,0.00,0.00,0,2.67,100,58.12,0,29.12,0,2.67
6.0,16.8,0.00,0.00,0,2.67,100,58.12,0,29.12,0,2.67
5.0,17.0,0.00,0.00,0,2.67,100,58.12,0,29.12,0,2.67
73.7,17.2,0.00,0.00,0,2.67,100,58.12,0,29.12,0,2.67
5.0,17.4,0.00,0.00,0,2.67,100,58.12,87,29.12,0,2.67
5.4,17.4,0.00,0.00,0,2.67,100,58.12,87,29.12,0,2.67
6.1,17.4,0.00,0.00,0,2.67,100,58.12,87,29.12,0,2.67
4.8,17.4,0.00,0.00,0,2.67,100,58.12,87,29.12,0,2.67
6.3,17.4,0.00,0.00,0,2.67,100,58.12,88,29.12,0,2.67
6.6,17.4,0.00,0.00,0,2.67,100,58.12,90,29.12,0,2.67
5.6,17.4,0.00,0.00,0,2.67,100,58.12,88,29.12,0,2.67
5.2,17.4,0.00,0.00,0,2.67,100,58.12,87,29.12,0,2.67
5.6,17.4,0.00,0.00,0,2.67,100,58.12,89,29.12,0,2.67
6.9,17.4,0.00,0.00,0,2.67,100,58.12,89,29.12,0,2.67
4.6,17.4,0.00,0.00,0,2.67,100,58.12,89,29.12,0,2.67
5.0,17.4,0.00,0.00,0,2.67,100,58.12,87,29.12,0,2.67
7.3,17.4,0.00,0.00,0,2.67,100,58.12,87,29.12,0,2.67
4.8,17.4,0.00,0.00,0,2.67,100,58.12,88,29.12,0,2.67
4.4,17.4,0.00,0.00,0,2.67,100,58.12,90,29.12,0,2.67
7.3,17.4,0.00,0.00,0,2.67,100,58.12,89,29.12,0,2.67
5.2,17.4,0.00,0.00,0,2.67,100,58.12,88,29.12,0,2.67
5.6,17.4,0.00,0.00,0,2.67,100,58.12,88,29.12,0,2.67
5.0,17.4,0.00,0.00,0,2.67,100,58.12,87,29.12,0,2.67
5.8,17.4,0.00,0.00,0,2.67,100,58.12,91,29.12,0,2.67
6.7,17.4,0.00,0.00,0,2.67,100,58.12,90,29.12,0,2.67
4.4,17.4,0.00,0.00,0,2.67,100,58.12,90,29.12,0,2.67
6.5,17.4,0.00,0.00,0,2.67,100,58.12,90,29.12,0,2.67
5.2,17.4,0.00,0.00,0,2.67,100,58.12,89,29.12,0,2.67
4.6,17.4,0.00,0.00,0,2.67,100,58.12,88,29.12,0,2.67
6.7,17.4,0.00,0.00,0,2.67,100,58.12,92,29.12,0,2.67
6.0,17.4,0.00,0.00,0,2.67,100,58.12,92,29.12,0,2.67
5.4,17.4,0.00,0.00,0,2.67,100,58.12,87,29.12,0,2.67
7.1,17.4,0.00,0.00,0,2.67,100,58.12,88,29.12,0,2.67
6.0,17.4,0.00,0.00,0,2.67,100,58.12,87,29.12,0,2.67
4.6,17.4,0.00,0.00,0,2.67,100,58.12,86,29.12,0,2.67
5.6,17.4,0.00,0.00,0,2.67,100,58.12,86,29.12,0,2.67
6.7,17.4,0.00,0.00,0,2.67,100,58.12,91,29.12,0,2.67
5.6,17.4,0.00,0.00,0,2.67,100,58.12,91,29.12,0,2.67
5.4,17.4,0.00,0.00,0,2.67,100,58.12,89,29.12,0,2.67
5.8,17.4,0.00,0.00,0,2.67,100,58.12,88,29.12,0,2.67
6.0,17.4,0.00,0.00,0,2.67,100,58.12,89,29.12,0,2.67
7.7,17.4,0.00,0.00,0,2.67,100,58.12,90,29.12,0,2.67
5.4,17.4,0.00,0.00,0,2.67,100,58.12,90,29.12,0,2.67
4.6,17.4,0.00,0.00,0,2.67,100,58.12,88,29.12,0,2.67
5.4,17.4,0.00,0.00,0,2.67,100,58.12,87,29.12,0,2.67
5.4,17.4,0.00,0.00,0,2.67,100,58.12,90,29.12,0,2.67
5.0,17.4,0.00,0.00,0,2.67,100,58.12,91,29.12,0,2.67
6.7,17.4,0.00,0.00,0,2.67,100,58.12,91,29.12,0,2.67
6.2,17.4,0.00,0.00,0,2.67,100,58.12,88,29.12,0,2.67
5.8,17.4,0.00,0.00,0,2.67,100,58.12,90,29.12,0,2.67
7.3,17.4,0.00,0.00,0,2.67,100,58.12,91,29.12,0,2.67
5.0,17.4,0.00,0.00,0,2.67,100,58.12,92,29.12,0,2.67
5.8,17.4,0.00,0.00,0,2.67,100,58.12,89,29.12,0,2.67
6.9,17.4,0.00,0.00,0,2.67,100,58.12,89,29.12,0,2.67
5.6,17.4,0.00,0.00,0,2.67,100,58.12,91,29.12,0,2.67
5.8,17.4,0.00,0.00,0,2.67,100,58.12,90,29.12,0,2.67
7.5,17.4,0.00,0.00,0,2.67,100,58.12,90,29.12,0,2.67
5.8,17.4,0.00,0.00,0,2.67,100,58.12,90,29.12,0,2.67
6.0,17.4,0.00,0.00,0,2.67,100,58.12,91,29.12,0,2.67
7.5,17.4,0.00,0.00,0,2.67,100,58.12,91,29.12,0,2.67
6.1,17.4,0.00,0.00,0,2.67,100,58.12,89,29.12,0,2.67
6.0,17.4,0.00,0.00,0,2.67,100,58.12,91,29.12,0,2.67
6.5,17.4,0.00,0.00,0,2.67,100,58.12,92,29.12,0,2.67
5.2,17.4,0.00,0.00,0,2.67,100,58.12,93,29.12,0,2.67
6.2,17.4,0.00,0.00,0,2.67,100,58.12,90,29.12,0,2.67
4.6,17.4,0.00,0.00,0,2.67,100,58.12,90,29.12,0,2.67
4.8,17.4,0.00,0.00,0,2.67,100,58.12,90,29.12,0,2.67
6.3,17.4,0.00,0.00,0,2.67,100,58.12,90,29.12,0,2.67
4.8,17.4,0.00,0.00,0,2.67,100,58.12,91,29.12,0,2.67
4.6,17.4,0.00,0.00,0,2.67,100,58.12,91,29.12,0,2.67
7.9,17.4,0.00,0.00,0,2.67,100,58.12,91,29.12,0,2.67
5.0,17.4,0.00,0.00,0,2.67,100,58.12,90,29.12,0,2.67
6.1,17.4,0.00,0.00,0,2.67,100,58.12,91,29.12,0,2.67
5.4,17.4,0.00,0.00,0,2.67,100,58.12,91,29.12,0,2.67
5.4,17.4,0.00,0.00,0,2.67,100,58.12,92,29.12,0,2.67
6.7,17.4,0.00,0.00,0,2.67,100,58.12,92,29.12,0,2.67
5.4,17.4,0.00,0.00,0,2.67,100,58.12,90,29.12,0,2.67
7.9,17.4,0.00,0.00,0,2.67,100,58.12,89,29.12,0,2.67
6.0,17.4,0.00,0.00,0,2.67,100,58.12,89,29.12,0,2.67
6.3,17.4,0.00,0.00,0,2.67,100,58.12,91,29.12,0,2.67
6.1,17.4,0.00,0.00,0,2.67,100,58.12,92,29.12,0,2.67
4.8,15.6,0.00,0.00,0,2.67,0,2.67,90,29.12,0,2.67
2.7,12.4,0.00,0.00,0,2.67,0,2.67,93,29.12,0,2.67
4.2,12.4,0.00,0.00,0,2.67,0,2.67,92,29.12,0,2.67
2.5,12.4,0.00,0.00,0,2.67,0,2.67,89,29.12,0,2.67
3.3,12.4,0.00,0.00,0,2.67,0,2.67,93,29.12,0,2.67
2.1,12.4,0.00,0.00,0,2.67,0,2.67,93,29.12,0,2.67
2.9,12.4,0.00,0.00,0,2.67,0,2.67,91,29.12,0,2.67
3.5,12.4,0.00,0.00,0,2.67,0,2.67,93,29.12,0,2.67
2.7,12.4,0.00,0.00,0,2.67,0,2.67,93,29.12,0,2.67
4.8,12.4,0.00,0.00,0,2.67,0,2.67,92,29.12,0,2.67
2.5,12.4,0.00,0.00,0,2.67,0,2.67,93,29.12,0,2.67
3.5,12.4,0.00,0.00,0,2.67,0,2.67,92,29.12,0,2.67
2.1,12.4,0.00,0.00,0,2.67,0,2.67,92,29.12,0,2.67
2.3,12.4,0.00,0.00,0,2.67,0,2.67,92,29.12,0,2.67
2.7,12.4,0.00,0.00,0,2.67,0,2.67,88,29.12,0,2.67
2.7,12.4,0.00,0.00,0,2.67,0,2.67,92,29.12,0,2.67
4.0,12.4,0.00,0.00,0,2.67,0,2.67,91,29.12,0,2.67
2.3,12.4,0.00,0.00,0,2.67,0,2.67,93,29.12,0,2.67
5.0,12.4,0.00,0.00,0,2.67,0,2.67,94,29.12,0,2.67
3.1,12.4,0.00,0.00,0,2.67,0,2.67,90,29.12,0,2.67
2.3,12.4,0.00,0.00,0,2.67,0,2.67,94,29.12,0,2.67
4.2,12.4,0.00,0.00,0,2.67,0,2.67,91,29.12,0,2.67
2.5,12.4,0.00,0.00,0,2.67,0,2.67,91,29.12,0,2.67
3.1,12.4,0.00,0.00,0,2.67,0,2.67,90,29.12,0,2.67
2.1,12.4,0.00,0.00,0,2.67,0,2.67,91,29.12,0,2.67
2.5,12.4,0.00,0.00,0,2.67,0,2.67,91,29.12,0,2.67
2.9,12.4,0.00,0.00,0,2.67,0,2.67,93,29.12,0,2.67
2.7,12.4,0.00,0.00,0,2.67,0,2.67,94,29.12,0,2.67
4.4,12.4,0.00,0.00,0,2.67,0,2.67,93,29.12,0,2.67
2.3,12.4,0.00,0.00,0,2.67,0,2.67,93,29.12,0,2.67
3.3,12.4,0.00,0.00,0,2.67,0,2.67,90,29.12,0,2.67
2.1,12.4,0.00,0.00,0,2.67,0,2.67,89,29.12,0,2.67
2.3,12.4,0.00,0.00,0,2.67,0,2.67,90,29.12,0,2.67
3.5,12.4,0.00,0.00,0,2.67,0,2.67,90,29.12,0,2.67
2.5,12.4,0.00,0.00,0,2.67,0,2.67,90,29.12,0,2.67
4.4,12.4,0.00,0.00,0,2.67,0,2.67,93,29.12,0,2.67
2.3,12.4,0.00,0.00,0,2.67,0,2.67,93,29.12,0,2.67
5.4,12.4,0.00,0.00,0,2.67,0,2.67,94,29.12,0,2.67
2.7,12.4,0.00,0.00,0,2.67,0,2.67,93,29.12,0,2.67
2.7,12.4,0.00,0.00,0,2.67,0,2.67,90,29.12,0,2.67
2.3,12.4,0.00,0.00,0,2.67,0,2.67,90,29.12,0,2.67
2.9,12.4,0.00,0.00,0,2.67,0,2.67,88,29.12,0,2.67
4.2,12.4,0.00,0.00,0,2.67,0,2.67,90,29.12,0,2.67
2.1,12.4,0.00,0.00,0,2.67,0,2.67,90,29.12,0,2.67
4.4,12.4,0.00,0.00,0,2.67,0,2.67,94,29.12,0,2.67
2.5,12.4,0.00,0.00,0,2.67,0,2.67,90,29.12,0,2.67
2.5,12.4,0.00,0.00,0,2.67,0,2.67,93,29.12,0,2.67
3.1,12.4,0.00,0.00,0,2.67,0,2.67,93,29.12,0,2.67
2.7,12.4,0.00,0.00,0,2.67,0,2.67,89,29.12,0,2.67
3.7,12.4,0.00,0.00,0,2.67,0,2.67,90,29.12,0,2.67
2.5,12.4,0.00,0.00,0,2.67,0,2.67,91,29.12,0,2.67
4.0,12.4,0.00,0.00,0,2.67,0,2.67,91,29.12,0,2.67
2.3,12.4,0.00,0.00,0,2.67,0,2.67,91,29.12,0,2.67
4.4,12.4,0.00,0.00,0,2.67,0,2.67,90,29.12,0,2.67
2.7,12.4,0.00,0.00,0,2.67,0,2.67,89,29.12,0,2.67
3.3,12.4,0.00,0.00,0,2.67,0,2.67,91,29.12,0,2.67
4.2,12.4,0.00,0.00,0,2.67,0,2.67,91,29.12,0,2.67
2.7,12.4,0.00,0.00,0,2.67,0,2.67,89,29.12,0,2.67
4.0,12.4,0.00,0.00,0,2.67,0,2.67,90,29.12,0,2.67
2.1,12.4,0.00,0.00,0,2.67,0,2.67,89,29.12,0,2.67
4.4,12.4,0.00,0.00,0,2.67,0,2.67,89,29.12,0,2.67
2.1,12.4,0.00,0.00,0,2.67,0,2.67,92,29.12,0,2.67
3.1,12.4,0.00,0.00,0,2.67,0,2.67,91,29.12,0,2.67
3.1,12.4,0.00,0.00,0,2.67,0,2.67,91,29.12,0,2.67
2.3,12.4,0.00,0.00,0,2.67,0,2.67,91,29.12,0,2.67
4.6,12.4,0.00,0.00,0,2.67,0,2.67,90,29.12,0,2.67
2.1,12.4,0.00,0.00,0,2.67,0,2.67,86,29.12,0,2.67
2.5,12.4,0.00,0.00,0,2.67,0,2.67,89,29.12,0,2.67
3.8,12.4,0.00,0.00,0,2.67,0,2.67,86,29.12,0,2.67
2.7,12.4,0.00,0.00,0,2.67,0,2.67,92,29.12,0,2.67
4.2,12.4,0.00,0.00,0,2.67,0,2.67,91,29.12,0,2.67
2.3,12.4,0.00,0.00,0,2.67,0,2.67,91,29.12,0,2.67
4.0,12.4,0.00,0.00,0,2.67,0,2.67,92,29.12,0,2.67
2.1,12.4,0.00,0.00,0,2.67,0,2.67,90,29.12,0,2.67
3.1,12.4,0.00,0.00,0,2.67,0,2.67,91,29.12,0,2.67
4.2,12.4,0.00,0.00,0,2.67,0,2.67,90,29.12,0,2.67
2.3,12.4,0.00,0.00,0,2.67,0,2.67,91,29.12,0,2.67
3.1,12.4,0.00,0.00,0,2.67,0,2.67,89,29.12,0,2.67
2.1,12.4,0.00,0.00,0,2.67,0,2.67,90,29.12,0,2.67
4.4,12.4,0.00,0.00,0,2.67,0,2.67,92,29.12,0,2.67
2.9,12.4,0.00,0.00,0,2.67,0,2.67,93,29.12,0,2.67
4.6,12.4,0.00,0.00,0,2.67,0,2.67,93,29.12,0,2.67
2.3,12.4,0.00,0.00,0,2.67,0,2.67,93,29.12,0,2.67
4.4,12.4,0.00,0.00,0,2.67,0,2.67,92,29.12,0,2.67
2.7,12.4,0.00,0.00,0,2.67,0,2.67,90,29.12,0,2.67
4.6,12.4,0.00,0.00,0,2.67,0,2.67,91,29.12,0,2.67
2.7,12.4,0.00,0.00,0,2.67,0,2.67,92,29.12,0,2.67
3.5,12.4,0.00,0.00,0,2.67,0,2.67,90,29.12,0,2.67
2.3,12.4,0.00,0.00,0,2.67,0,2.67,91,29.12,0,2.67
2.9,12.4,0.00,0.00,0,2.67,0,2.67,90,29.12,0,2.67
2.5,12.4,0.00,0.00,0,2.67,0,2.67,89,29.12,0,2.67
2.3,12.4,0.00,0.00,0,2.67,0,2.67,91,29.12,0,2.67
4.0,12.4,0.00,0.00,0,2.67,0,2.67,92,29.12,0,2.67
2.3,12.4,0.00,0.00,0,2.67,0,2.67,90,29.12,0,2.67
5.4,12.4,0.00,0.00,0,2.67,0,2.67,90,29.12,0,2.67
2.5,12.4,0.00,0.00,0,2.67,0,2.67,90,29.12,0,2.67
4.0,12.4,0.00,0.00,0,2.67,0,2.67,90,29.12,0,2.67
2.3,12.4,0.00,0.00,0,2.67,0,2.67,88,29.12,0,2.67
2.5,12.4,0.00,0.00,0,2.67,0,2.67,90,29.12,0,2.67
2.3,12.4,0.00,0.00,0,2.67,0,2.67,91,29.12,0,2.67
2.7,12.4,0.00,0.00,0,2.67,0,2.67,32,29.12,0,2.67
2.5,8.2,0.00,0.00,0,2.67,0,2.67,5,2.67,0,2.67
3062.15