1.4,7.9,0.00,0.00,0,2.67,0,2.67,0,2.67,0,2.67
2.7,7.9,0.00,0.00,0,2.67,0,2.67,0,2.67,0,2.67
0.2,7.9,0.00,0.00,0,2.67,0,2.67,0,2.67,0,2.67
0.2,7.9,0.00,0.00,0,2.67,0,2.67,0,2.67,0,2.67
0.4,7.9,0.00,0.00,0,2.67,0,2.67,0,2.67,0,2.67
0.6,7.9,0.00,0.00,0,2.67,0,2.67,0,2.67,0,2.67
10.3,8.0,0.00,0.00,0,2.67,0,2.67,0,2.67,0,2.67
2.3,8.2,0.00,0.00,0,2.67,0,2.67,0,2.67,0,2.67
7.1,8.8,0.00,0.00,0,2.67,0,2.67,0,2.67,0,2.67
7.5,9.3,0.00,0.00,0,2.67,0,2.67,0,2.67,0,2.67
8.1,9.6,0.00,0.00,0,2.67,0,2.67,0,2.67,0,2.67
7.0,12.0,0.00,0.00,0,2.67,0,4.36,0,5.81,0,2.67
8.9,15.7,0.00,0.00,1,15.16,3,15.79,6,28.66,0,2.67
98.5,15.6,0.00,0.00,15,28.66,8,28.66,0,28.66,0,2.67
83.5,16.3,0.00,0.00,0,28.66,0,28.66,0,28.66,0,2.67
82.3,17.2,0.00,0.00,0,28.66,0,28.66,0,28.66,0,2.67
42.9,18.6,0.00,0.00,0,28.66,0,28.66,0,28.66,1,6.0
54.0,20.1,0.00,0.00,0,28.66,0,28.66,0,28.66,7,29.39
25.6,20.8,0.00,0.00,0,28.66,0,28.66,0,28.66,0,29.39
10.1,21.7,0.00,0.00,0,28.66,0,28.66,0,28.66,0,29.39
20.1,22.5,0.00,0.00,0,28.66,0,28.66,0,31.0,0,29.39
9.1,25.4,0.00,0.00,0,46.02,50,61.86,70,63.23,0,29.39
32.5,26.0,0.00,0.00,75,63.23,100,63.23,99,63.23,0,29.39
8.1,26.2,0.00,0.00,100,63.23,100,63.23,100,63.23,0,29.39
11.6,26.5,0.00,0.00,100,63.23,100,63.23,100,63.23,0,29.39
12.1,26.6,0.00,0.00,100,63.23,100,63.23,100,63.23,1,61.81
9.9,27.6,0.00,0.00,100,63.23,100,63.23,100,63.23,100,63.96
10.8,27.6,0.00,0.00,100,63.23,100,63.23,100,63.23,100,63.96
13.4,27.6,0.00,0.00,100,63.23,100,63.23,100,63.23,100,63.96
10.4,27.6,0.00,0.00,100,63.23,100,63.23,100,63.23,100,63.96
10.1,27.6,0.00,0.00,100,63.23,100,63.23,100,63.23,100,63.96
11.3,27.6,0.00,0.00,100,63.23,100,63.23,100,63.23,100,63.96
13.1,27.6,0.00,0.00,100,63.23,100,63.23,100,63.23,100,63.96
9.2,27.6,0.00,0.00,100,63.23,100,63.23,100,63.23,100,63.96
11.1,27.6,0.00,0.00,100,63.23,100,63.23,100,63.23,100,63.96
11.5,27.6,0.00,0.00,100,63.23,100,63.23,100,63.23,100,63.96
9.4,27.6,0.00,0.00,100,63.23,100,63.23,100,63.23,100,63.96
14.8,27.6,0.00,0.00,100,63.23,100,63.23,100,63.23,100,63.96
13.1,27.6,0.00,0.00,100,63.23,100,63.23,100,63.23,100,63.96
16.5,27.6,0.00,0.00,100,63.23,100,63.23,100,63.23,100,63.96
11.0,27.6,0.00,0.00,100,63.23,100,63.23,100,63.23,100,63.96
9.8,27.6,0.00,0.00,100,63.23,100,63.23,100,63.23,100,63.96
10.6,27.6,0.00,0.00,100,63.23,100,63.23,100,63.23,100,63.96
11.2,27.6,0.00,0.00,100,63.23,100,63.23,100,63.23,100,63.96
12.1,27.6,0.00,0.00,100,63.23,100,63.23,100,63.23,100,63.96
12.8,27.6,0.00,0.00,100,63.23,100,63.23,100,63.23,100,63.96
10.0,27.6,0.00,0.00,100,63.23,100,63.23,100,63.23,100,63.96
13.5,27.6,0.00,0.00,100,63.23,100,63.23,100,63.23,100,63.96
8.4,27.6,0.00,0.00,100,63.23,100,63.23,100,63.23,100,63.96
11.7,27.6,0.00,0.00,100,63.23,100,63.23,100,63.23,100,63.96
10.0,27.6,0.00,0.00,100,63.23,100,63.23,100,63.23,100,63.96
8.9,27.6,0.00,0.00,100,63.23,100,63.23,100,63.23,100,63.96
12.9,27.6,0.00,0.00,100,63.23,100,63.23,100,63.23,100,63.96
9.8,27.6,0.00,0.00,100,63.23,100,63.23,100,63.23,100,63.96
15.1,27.6,0.00,0.00,100,63.23,100,63.23,100,63.23,100,63.96
9.8,27.6,0.00,0.00,100,63.23,100,63.23,100,63.23,100,63.96
10.8,27.6,0.00,0.00,100,63.23,100,63.23,100,63.23,100,63.96
11.0,27.6,0.00,0.00,100,63.23,100,63.23,100,63.23,100,63.96
8.9,27.6,0.00,0.00,100,63.23,100,63.23,100,63.23,100,63.96
13.2,27.6,0.00,0.00,100,63.23,100,63.23,100,63.23,100,63.96
9.3,27.6,0.00,0.00,100,63.23,100,63.23,99,63.23,100,63.96
9.2,27.6,0.00,0.00,99,63.23,100,63.23,100,63.23,100,63.96
10.7,27.6,0.00,0.00,100,63.23,100,63.23,100,63.23,100,63.96
8.5,27.6,0.00,0.00,100,63.23,100,63.23,100,63.23,100,63.96
14.1,27.6,0.00,0.00,100,63.23,100,63.23,100,63.23,100,63.96
8.9,27.6,0.00,0.00,100,63.23,100,63.23,100,63.23,100,63.96
8.5,27.6,0.00,0.00,100,63.23,100,63.23,100,63.23,100,63.96
13.8,27.6,0.00,0.00,100,63.23,100,63.23,100,63.23,100,63.96
8.5,27.6,0.00,0.00,100,63.23,100,63.23,100,63.23,100,63.96
10.0,27.6,0.00,0.00,100,63.23,100,63.23,100,63.23,100,63.96
14.1,27.6,0.00,0.00,100,63.23,100,63.23,100,63.23,100,63.96
8.6,27.6,0.00,0.00,100,63.23,100,63.23,100,63.23,100,63.96
12.1,27.6,0.00,0.00,100,63.23,100,63.23,100,63.23,100,63.96
13.2,27.6,0.00,0.00,100,63.23,100,63.23,100,63.23,100,63.96
11.2,27.6,0.00,0.00,100,63.23,100,63.23,100,63.23,100,63.96
10.8,27.6,0.00,0.00,100,63.23,100,63.23,100,63.23,100,63.96
11.6,27.6,0.00,0.00,100,63.23,100,63.23,100,63.23,100,63.96
14.6,27.6,0.00,0.00,100,63.23,100,63.23,100,63.23,100,63.96
8.7,27.6,0.00,0.00,100,63.23,100,63.23,100,63.23,100,63.96
10.8,27.6,0.00,0.00,100,63.23,100,63.28,100,63.28,100,63.96
10.9,22.7,0.00,0.00,21,63.28,28,63.28,0,63.28,99,63.96
9.8,23.5,0.00,0.00,0,63.28,0,63.28,0,63.28,100,63.96
8.5,24.1,0.00,0.00,0,63.28,0,63.28,0,63.28,100,63.96
20.5,24.7,0.00,0.00,0,63.28,0,63.28,0,63.28,100,63.96
8.5,25.4,0.00,0.00,0,63.28,0,63.28,0,63.28,100,63.96
27.0,26.0,0.00,0.00,0,63.28,0,63.28,0,63.28,100,63.96
10.4,26.6,0.00,0.00,0,63.28,0,63.28,0,63.28,100,63.96
9.2,27.2,0.00,0.00,0,63.28,0,63.28,0,63.28,100,63.96
15.0,27.8,0.00,0.00,25,63.28,28,63.28,100,63.28,100,63.96
11.3,27.8,0.00,0.00,100,63.28,100,63.28,100,63.28,100,63.96
10.2,27.8,0.00,0.00,100,63.28,100,63.28,100,63.28,100,63.96
13.6,27.8,0.00,0.00,100,63.28,100,63.28,100,63.28,100,63.96
8.5,27.7,0.00,0.00,100,63.28,100,63.28,100,63.28,100,63.96
12.1,27.7,0.00,0.00,100,63.28,100,63.28,100,63.28,100,63.96
12.3,27.8,0.00,0.00,100,63.28,100,63.28,100,63.28,100,63.96
11.5,27.8,0.00,0.00,100,63.28,100,63.28,100,63.28,100,63.96
8.4,27.8,0.00,0.00,100,63.28,100,63.28,100,63.28,100,63.96
8.8,27.8,0.00,0.00,100,63.28,100,63.28,100,63.28,100,63.96
12.5,27.8,0.00,0.00,100,63.28,100,63.28,100,63.28,100,63.96
10.6,27.7,0.00,0.00,100,63.28,100,63.28,100,63.28,100,63.96
13.2,27.8,0.00,0.00,100,63.28,100,63.28,100,63.28,100,63.96
8.6,27.8,0.00,0.00,100,63.28,100,63.28,100,63.28,100,63.96
11.7,27.8,0.00,0.00,100,63.28,100,63.28,100,63.28,100,63.96
13.8,27.8,0.00,0.00,100,63.28,100,63.28,100,63.28,100,63.96
9.3,27.7,0.00,0.00,100,63.28,100,63.28,100,63.28,100,63.96
12.9,27.7,0.00,0.00,100,63.28,100,63.28,100,63.28,100,63.96
10.8,27.7,0.00,0.00,100,63.28,100,63.28,100,63.28,100,63.96
9.8,27.8,0.00,0.00,100,63.28,100,63.28,100,63.28,100,63.96
9.8,27.8,0.00,0.00,100,63.28,100,63.28,100,63.28,100,63.96
15.2,27.8,0.00,0.00,100,63.28,100,63.28,100,63.28,100,63.96
8.9,27.8,0.00,0.00,100,63.28,100,63.28,100,63.28,100,63.96
9.0,27.8,0.00,0.00,100,63.28,100,63.28,100,63.28,100,63.96
11.2,27.8,0.00,0.00,100,63.28,100,63.28,100,63.28,100,63.96
14.4,27.8,0.00,0.00,100,63.28,100,63.28,100,63.28,100,63.96
10.4,27.8,0.00,0.00,100,63.28,100,63.28,100,63.28,100,63.96
10.2,27.8,0.00,0.00,100,63.28,100,63.28,100,63.28,100,63.96
10.0,27.8,0.00,0.00,100,63.28,100,63.28,100,63.28,100,63.96
13.4,27.8,0.00,0.00,100,63.28,100,63.28,100,63.28,100,63.96
10.8,27.8,0.00,0.00,100,63.28,100,63.28,100,63.28,100,63.96
10.2,27.8,0.00,0.00,100,63.28,100,63.28,100,63.28,100,63.96
8.6,27.8,0.00,0.00,100,63.28,100,63.28,100,63.28,100,63.96
10.0,27.8,0.00,0.00,100,63.28,100,63.28,100,63.28,100,63.96
15.4,27.8,0.00,0.00,100,63.28,100,63.28,100,63.28,100,63.96
10.0,27.8,0.00,0.00,100,63.28,100,63.28,100,63.28,100,63.96
10.3,27.8,0.00,0.00,100,63.28,100,63.28,100,63.28,100,63.96
10.3,27.8,0.00,0.00,100,63.28,100,63.28,100,63.28,100,63.96
12.4,27.8,0.00,0.00,100,63.28,100,63.28,100,63.28,100,63.96
13.4,27.8,0.00,0.00,100,63.28,100,63.28,100,63.28,100,63.96
10.0,27.8,0.00,0.00,100,63.28,100,63.28,100,63.28,100,63.96
9.1,27.8,0.00,0.00,100,63.28,100,63.28,100,63.28,100,63.96
10.2,27.8,0.00,0.00,100,63.28,100,63.28,100,63.28,100,63.96
12.3,27.8,0.00,0.00,100,63.28,100,63.28,100,63.28,100,63.96
14.2,27.8,0.00,0.00,100,63.28,100,63.28,100,63.28,100,63.96
8.7,27.8,0.00,0.00,100,63.28,100,63.28,100,63.28,100,63.96
10.0,27.8,0.00,0.00,100,63.28,100,63.28,100,63.28,100,63.96
8.5,27.8,0.00,0.00,100,63.28,100,63.28,100,63.28,100,63.96
10.9,27.8,0.00,0.00,100,63.28,100,63.28,100,63.28,100,63.96
15.6,27.8,0.00,0.00,100,63.28,100,63.28,100,63.28,100,63.96
11.3,27.8,0.00,0.00,100,63.28,100,63.28,100,63.28,100,63.96
15.8,27.8,0.00,0.00,100,63.28,100,63.28,100,63.28,100,63.96
13.5,27.8,0.00,0.00,100,63.28,100,63.28,100,63.28,100,63.96
15.0,27.8,0.00,0.00,100,63.28,100,63.28,100,63.28,100,63.96
9.8,27.8,0.00,0.00,100,63.28,100,63.28,100,63.28,100,63.96
8.9,27.7,0.00,0.00,100,63.28,100,63.28,100,63.28,100,63.96
10.3,27.7,0.00,0.00,100,63.28,100,63.28,100,63.28,100,63.96
8.6,27.7,0.00,0.00,100,63.28,100,63.28,100,63.28,100,63.96
10.4,27.7,0.00,0.00,100,63.28,100,63.28,100,63.28,100,63.96
11.2,27.7,0.00,0.00,100,63.28,100,63.28,100,63.28,100,63.96
9.0,27.7,0.00,0.00,100,63.28,100,63.28,100,63.28,100,63.96
9.4,27.7,0.00,0.00,100,63.28,100,63.28,76,63.28,100,63.96
100.0,23.0,0.00,0.00,0,63.28,0,63.28,0,63.28,100,63.96
44.7,23.6,0.00,0.00,0,63.28,0,63.28,0,63.28,100,63.96
9.6,24.4,0.00,0.00,0,63.28,0,63.28,0,63.28,100,63.96
9.4,24.9,0.00,0.00,0,63.28,0,63.28,0,63.28,100,63.96
8.8,25.6,0.00,0.00,0,63.28,0,63.28,0,63.28,100,63.96
9.1,26.1,0.00,0.00,0,63.28,0,63.28,0,63.28,100,63.96
8.5,26.8,0.00,0.00,0,63.28,0,63.28,0,63.28,100,63.96
10.4,27.3,0.00,0.00,0,63.28,0,63.28,0,63.28,100,63.96
14.6,27.8,0.00,0.00,23,63.28,69,63.28,92,63.28,100,63.96
9.4,27.7,0.00,0.00,100,63.28,100,63.28,100,63.28,100,63.96
9.2,27.7,0.00,0.00,100,63.28,100,63.28,100,63.28,100,63.96
11.9,27.7,0.00,0.00,100,63.28,100,63.28,100,63.28,100,63.96
9.6,27.7,0.00,0.00,100,63.28,100,63.28,100,63.28,100,63.96
12.5,27.7,0.00,0.00,100,63.28,100,63.28,100,63.28,100,63.96
10.8,27.7,0.00,0.00,100,63.28,100,63.28,100,63.28,100,63.96
8.8,27.7,0.00,0.00,100,63.28,100,63.28,100,63.28,100,63.96
14.6,27.7,0.00,0.00,100,63.28,100,63.28,100,63.28,100,63.96
8.7,27.7,0.00,0.00,100,63.28,100,63.28,100,63.28,100,63.96
9.0,27.7,0.00,0.00,100,63.28,100,63.28,100,63.28,100,63.96
11.7,27.7,0.00,0.00,100,63.28,100,63.28,100,63.28,100,63.96
10.4,27.7,0.00,0.00,100,63.28,100,63.28,100,63.28,100,63.96
10.5,27.7,0.00,0.00,100,63.28,100,63.28,100,63.28,100,63.96
9.7,27.7,0.00,0.00,100,63.28,100,63.28,100,63.28,100,63.96
16.1,27.7,0.00,0.00,100,63.28,100,63.28,100,63.28,100,63.96
10.6,27.7,0.00,0.00,100,63.28,100,63.28,100,63.28,100,63.96
10.0,27.7,0.00,0.00,100,63.28,100,63.28,100,63.28,100,63.96
8.5,27.7,0.00,0.00,100,63.28,100,63.28,100,63.28,100,63.96
9.8,27.7,0.00,0.00,100,63.28,100,63.28,100,63.28,100,63.96
10.6,27.7,0.00,0.00,100,63.28,100,63.28,100,63.28,100,63.96
13.6,27.7,0.00,0.00,100,63.28,100,63.28,100,63.28,100,63.96
11.1,27.7,0.00,0.00,100,63.28,100,63.28,100,63.28,100,63.96
8.7,27.7,0.00,0.00,100,63.28,100,63.28,100,63.28,100,63.96
9.6,27.7,0.00,0.00,100,63.28,100,63.28,100,63.28,100,63.96
9.2,27.7,0.00,0.00,100,63.28,100,63.28,100,63.28,100,63.96
9.7,27.7,0.00,0.00,100,63.28,100,63.28,100,63.28,100,63.96
11.1,27.7,0.00,0.00,100,63.28,100,63.28,100,63.28,100,63.96
13.4,27.7,0.00,0.00,100,63.28,100,63.28,100,63.28,100,63.96
13.6,27.7,0.00,0.00,100,63.28,100,63.28,100,63.28,75,64.03
9.8,26.1,0.00,0.00,100,63.28,100,63.28,100,63.28,0,64.03
8.5,26.4,0.00,0.00,100,63.28,100,63.28,100,63.28,0,64.03
8.8,26.6,0.00,0.00,100,63.28,100,63.28,100,63.28,0,64.03
8.5,26.8,0.00,0.00,100,63.28,100,63.28,100,63.28,0,64.03
51.5,27.0,0.00,0.00,100,63.28,100,63.28,100,63.28,0,64.03
8.3,27.2,0.00,0.00,100,63.28,100,63.28,100,63.28,0,64.03
8.7,27.5,0.00,0.00,97,63.28,100,63.28,100,63.28,0,64.03
9.1,27.6,0.00,0.00,100,63.28,100,63.28,100,63.28,0,64.03
10.8,27.8,0.00,0.00,100,63.28,100,63.28,100,63.28,100,64.03
12.5,27.8,0.00,0.00,100,63.28,100,63.28,100,63.28,100,64.03
10.6,27.8,0.00,0.00,100,63.28,100,63.28,100,63.28,100,64.03
10.6,27.8,0.00,0.00,100,63.28,100,63.28,100,63.28,100,64.03
9.4,27.8,0.00,0.00,100,63.28,100,63.28,100,63.28,100,64.03
8.7,27.8,0.00,0.00,100,63.28,100,63.28,100,63.28,100,64.03
9.1,27.8,0.00,0.00,100,63.28,100,63.28,100,63.28,100,64.03
10.6,27.8,0.00,0.00,100,63.28,100,63.28,100,63.28,100,64.03
8.5,27.8,0.00,0.00,100,63.28,100,63.28,100,63.28,100,64.03
12.6,27.8,0.00,0.00,100,63.28,100,63.28,100,63.28,100,64.03
8.7,27.8,0.00,0.00,100,63.28,100,63.28,100,63.28,100,64.03
11.2,27.8,0.00,0.00,100,63.28,100,63.28,100,63.28,100,64.03
8.4,27.8,0.00,0.00,100,63.28,100,63.28,100,63.28,100,64.03
12.3,27.8,0.00,0.00,100,63.28,100,63.28,100,63.28,100,64.03
8.8,27.8,0.00,0.00,100,63.28,100,63.28,100,63.28,100,64.03
10.6,27.8,0.00,0.00,100,63.28,100,63.28,100,63.28,100,64.03
8.3,27.8,0.00,0.00,100,63.28,100,63.28,100,63.28,100,64.03
10.2,27.8,0.00,0.00,100,63.28,100,63.28,100,63.28,100,64.03
8.7,27.8,0.00,0.00,100,63.28,100,63.28,100,63.28,100,64.03
9.6,27.8,0.00,0.00,100,63.28,100,63.28,100,63.28,100,64.03
8.5,27.8,0.00,0.00,100,63.28,100,63.28,100,63.28,100,64.03
10.2,27.8,0.00,0.00,100,63.28,100,63.28,100,63.28,100,64.03
9.7,27.8,0.00,0.00,100,63.28,100,63.28,100,63.28,100,64.03
10.3,27.8,0.00,0.00,100,63.28,100,63.28,100,63.28,100,64.03
8.9,27.8,0.00,0.00,100,63.28,100,63.28,100,63.28,100,64.03
30.1,27.8,0.00,0.00,100,63.28,80,63.28,0,63.28,100,64.03
8.8,23.4,0.00,0.00,0,63.28,0,63.28,0,63.28,100,64.03
15.2,23.9,0.00,0.00,0,63.28,0,63.28,0,63.28,100,64.03
9.0,24.6,0.00,0.00,0,63.28,0,63.28,0,63.28,100,64.03
8.7,25.0,0.00,0.00,0,63.28,0,63.28,0,63.28,97,64.03
8.7,25.8,0.00,0.00,0,63.28,0,63.28,0,63.28,100,64.03
12.5,26.3,0.00,0.00,0,63.28,0,63.28,0,63.28,100,64.03
10.2,27.1,0.00,0.00,0,63.28,0,63.28,0,63.28,100,64.03
9.8,27.6,0.00,0.00,0,63.28,30,63.28,6,63.28,100,64.03
8.7,27.8,0.00,0.00,79,63.28,100,63.28,100,63.28,100,64.03
14.4,27.8,0.00,0.00,100,63.28,100,63.28,100,63.28,100,64.03
10.1,27.8,0.00,0.00,100,63.28,100,63.28,100,63.28,100,64.03
9.0,27.8,0.00,0.00,100,63.28,100,63.28,100,63.28,100,64.03
12.7,27.8,0.00,0.00,100,63.28,100,63.28,100,63.28,100,64.03
10.6,27.8,0.00,0.00,100,63.28,100,63.28,100,63.28,100,64.03
8.7,27.8,0.00,0.00,100,63.28,100,63.28,100,63.28,100,64.03
10.5,27.8,0.00,0.00,100,63.28,100,63.28,100,63.28,100,64.03
13.7,27.8,0.00,0.00,100,63.28,100,63.28,100,63.28,100,64.03
8.9,27.8,0.00,0.00,100,63.28,100,63.28,100,63.28,100,64.03
10.4,27.8,0.00,0.00,100,63.28,100,63.28,100,63.28,100,64.03
14.7,27.8,0.00,0.00,100,63.28,100,63.28,100,63.28,100,64.03
14.6,27.8,0.00,0.00,100,63.28,100,63.28,100,63.28,100,64.03
15.1,27.8,0.00,0.00,100,63.28,100,63.28,100,63.28,100,64.03
10.0,27.8,0.00,0.00,100,63.28,100,63.28,100,63.28,100,64.03
11.9,27.8,0.00,0.00,100,63.28,100,63.28,100,63.28,100,64.03
14.3,27.8,0.00,0.00,100,63.28,100,63.28,100,63.28,100,64.03
11.3,27.8,0.00,0.00,100,63.28,100,63.28,100,63.28,100,64.03
10.1,27.8,0.00,0.00,100,63.28,100,63.28,100,63.28,100,64.03
8.7,27.8,0.00,0.00,100,63.28,100,63.28,100,63.28,100,64.03
9.0,27.8,0.00,0.00,100,63.28,100,63.28,100,63.28,100,64.03
10.6,27.8,0.00,0.00,100,63.28,100,63.28,100,63.28,100,64.03
8.5,27.8,0.00,0.00,100,63.28,100,63.28,100,63.28,100,64.03
9.0,27.8,0.00,0.00,100,63.28,100,63.28,100,63.28,100,64.03
11.9,27.8,0.00,0.00,100,63.28,100,63.28,100,63.28,100,64.03
12.2,27.8,0.00,0.00,100,63.28,100,63.28,100,63.28,100,64.03
12.8,27.8,0.00,0.00,100,63.28,100,63.28,100,63.28,100,64.03
15.9,27.8,0.00,0.00,100,63.28,100,63.28,100,63.28,100,64.03
14.2,27.8,0.00,0.00,100,63.28,100,63.28,100,63.28,100,64.03
11.9,27.8,0.00,0.00,100,63.28,100,63.28,100,63.28,100,64.03
10.4,27.8,0.00,0.00,100,63.28,100,63.28,100,63.28,100,64.03
11.5,27.8,0.00,0.00,100,63.28,100,63.28,100,63.28,100,64.03
8.9,27.8,0.00,0.00,100,63.28,100,63.28,100,63.28,100,64.03
8.6,27.8,0.00,0.00,100,63.28,100,63.28,100,63.28,100,64.03
10.3,27.8,0.00,0.00,100,63.28,100,63.28,100,63.28,100,64.03
8.4,27.8,0.00,0.00,100,63.28,100,63.28,100,63.28,100,64.03
9.3,27.8,0.00,0.00,100,63.28,100,63.28,100,63.28,100,64.03
9.8,27.8,0.00,0.00,100,63.28,100,63.28,100,63.28,100,64.03
14.4,27.8,0.00,0.00,100,63.28,100,63.28,100,63.28,100,64.03
12.9,27.8,0.00,0.00,100,63.28,100,63.28,100,63.28,100,64.03
9.1,27.8,0.00,0.00,100,63.28,100,63.28,100,63.28,100,64.03
11.0,27.8,0.00,0.00,100,63.28,100,63.28,100,63.28,100,64.03
9.6,27.8,0.00,0.00,100,63.28,100,63.28,100,63.28,100,64.03
13.7,27.8,0.00,0.00,100,63.28,100,63.28,100,63.28,100,64.03
11.7,27.8,0.00,0.00,100,63.28,100,63.28,100,63.28,100,64.03
10.6,27.8,0.00,0.00,100,63.28,100,63.28,100,63.28,100,64.03
9.3,27.8,0.00,0.00,100,63.28,100,63.28,100,63.28,100,64.03
8.8,27.8,0.00,0.00,100,63.28,100,63.28,100,63.28,100,64.03
10.5,27.8,0.00,0.00,100,63.28,100,63.28,100,63.28,100,64.03
9.8,27.8,0.00,0.00,100,63.28,100,63.28,100,63.28,100,64.03
8.5,27.8,0.00,0.00,100,63.28,100,63.28,100,63.28,100,64.03
10.0,27.8,0.00,0.00,100,63.28,100,63.28,100,63.28,100,64.03
8.7,27.8,0.00,0.00,100,63.28,100,63.28,100,63.28,100,64.03
9.4,27.8,0.00,0.00,100,63.28,100,63.28,100,63.28,100,64.03
10.9,27.8,0.00,0.00,100,63.28,100,63.28,100,63.28,100,64.03
9.1,27.8,0.00,0.00,100,63.28,100,63.28,100,63.28,100,64.03
8.6,27.8,0.00,0.00,100,63.28,100,63.28,100,63.28,100,64.03
8.5,27.8,0.00,0.00,100,63.28,100,63.28,100,63.28,100,64.03
8.9,27.8,0.00,0.00,100,63.28,100,63.28,100,63.28,100,64.03
10.8,27.8,0.00,0.00,100,63.28,100,63.28,100,63.28,100,64.03
9.8,27.8,0.00,0.00,100,63.28,100,63.28,100,63.28,100,64.03
8.8,27.8,0.00,0.00,100,63.28,100,63.28,100,63.28,100,64.03
8.8,27.8,0.00,0.00,100,63.28,100,63.28,100,63.28,100,64.03
11.0,27.8,0.00,0.00,100,63.28,100,63.28,100,63.28,100,64.03
24.5,24.6,0.00,0.00,56,63.28,0,63.28,0,63.28,100,64.03
9.8,23.5,0.00,0.00,0,63.28,0,63.28,0,63.28,100,64.03
8.7,23.9,0.00,0.00,0,63.28,0,63.28,0,63.28,100,64.03
9.1,24.7,0.00,0.00,0,63.28,0,63.28,0,63.28,100,64.03
9.8,25.1,0.00,0.00,0,63.28,0,63.28,0,63.28,100,64.03
8.7,25.9,0.00,0.00,0,63.28,0,63.28,0,63.28,100,64.03
10.0,26.3,0.00,0.00,0,63.28,0,63.28,0,63.28,99,64.03
8.3,27.1,0.00,0.00,0,63.28,0,63.28,0,63.28,100,64.03
13.6,27.6,0.00,0.00,0,63.28,0,63.28,0,63.28,100,64.03
10.4,27.8,0.00,0.00,100,63.28,100,63.28,100,63.28,100,64.03
14.8,27.8,0.00,0.00,100,63.28,100,63.28,100,63.28,100,64.03
8.7,27.8,0.00,0.00,100,63.28,100,63.28,100,63.28,100,64.03
9.4,27.8,0.00,0.00,100,63.28,100,63.28,100,63.28,100,64.03
14.2,27.8,0.00,0.00,100,63.28,100,63.28,100,63.28,100,64.03
10.0,27.8,0.00,0.00,100,63.28,100,63.28,100,63.28,100,64.03
11.0,27.8,0.00,0.00,100,63.28,100,63.28,100,63.28,100,64.03
12.9,27.8,0.00,0.00,100,63.28,100,63.28,100,63.28,100,64.03
11.9,27.8,0.00,0.00,100,63.28,100,63.28,100,63.28,100,64.03
9.4,27.8,0.00,0.00,100,63.28,100,63.28,100,63.28,100,64.03
9.1,27.8,0.00,0.00,100,63.28,100,63.28,100,63.28,100,64.03
8.4,27.8,0.00,0.00,100,63.28,100,63.28,100,63.28,100,64.03
9.1,27.8,0.00,0.00,100,63.28,100,63.28,100,63.28,100,64.03
11.8,27.8,0.00,0.00,100,63.28,100,63.28,100,63.28,100,64.03
13.4,27.8,0.00,0.00,100,63.28,100,63.28,100,63.28,100,64.03
13.6,27.8,0.00,0.00,100,63.28,100,63.28,100,63.28,100,64.03
10.8,27.8,0.00,0.00,100,63.28,100,63.28,100,63.28,100,64.03
9.4,27.8,0.00,0.00,100,63.28,100,63.28,100,63.28,100,64.03
9.6,27.8,0.00,0.00,100,63.28,100,63.28,100,63.28,100,64.03
10.4,27.8,0.00,0.00,100,63.28,100,63.28,100,63.28,100,64.03
10.2,27.8,0.00,0.00,100,63.28,100,63.28,100,63.28,100,64.03
10.2,27.8,0.00,0.00,100,63.28,100,63.28,100,63.28,100,64.03
11.4,27.8,0.00,0.00,100,63.28,100,63.28,100,63.28,100,64.03
13.2,27.8,0.00,0.00,100,63.28,100,63.28,100,63.28,100,64.03
12.5,27.8,0.00,0.00,100,63.28,100,63.28,100,63.28,100,64.03
12.3,27.8,0.00,0.00,100,63.28,100,63.28,100,63.28,100,64.03
10.0,27.8,0.00,0.00,100,63.28,100,63.28,100,63.28,100,64.03
8.7,27.8,0.00,0.00,100,63.28,100,63.28,100,63.28,100,64.03
8.9,27.8,0.00,0.00,100,63.28,100,63.28,100,63.28,100,64.03
9.1,27.8,0.00,0.00,100,63.28,100,63.28,100,63.28,100,64.03
8.4,27.8,0.00,0.00,100,63.28,100,63.28,100,63.28,100,64.03
9.2,27.8,0.00,0.00,100,63.28,100,63.28,100,63.28,100,64.03
10.0,27.8,0.00,0.00,100,63.28,100,63.28,100,63.28,100,64.03
10.6,27.8,0.00,0.00,100,63.28,100,63.28,100,63.28,100,64.03
11.6,27.8,0.00,0.00,100,63.28,100,63.28,100,63.28,100,64.03
11.7,27.8,0.00,0.00,100,63.28,100,63.28,100,63.28,100,64.03
12.0,27.8,0.00,0.00,100,63.28,100,63.28,100,63.28,100,64.03
14.2,27.8,0.00,0.00,100,63.28,100,63.28,100,63.28,100,64.03
13.4,27.8,0.00,0.00,100,63.28,100,63.28,100,63.28,100,64.03
14.3,27.8,0.00,0.00,100,63.28,100,63.28,100,63.28,100,64.03
14.1,27.8,0.00,0.00,100,63.28,100,63.28,100,63.28,100,64.03
13.7,27.8,0.00,0.00,100,63.28,100,63.28,100,63.28,100,64.03
15.1,27.8,0.00,0.00,100,63.28,100,63.28,100,63.28,100,64.03
8.8,27.8,0.00,0.00,100,63.28,100,63.28,100,63.28,100,64.03
9.0,27.8,0.00,0.00,100,63.28,100,63.28,100,63.28,100,64.03
10.4,27.8,0.00,0.00,100,63.28,100,63.28,100,63.28,100,64.03
10.4,27.8,0.00,0.00,100,63.28,100,63.28,100,63.28,100,64.03
10.6,27.8,0.00,0.00,100,63.28,100,63.28,100,63.28,100,64.03
10.0,27.8,0.00,0.00,100,63.28,100,63.28,100,63.28,100,64.03
10.0,27.8,0.00,0.00,100,63.28,100,63.28,100,63.28,100,64.03
8.6,27.8,0.00,0.00,100,63.28,100,63.28,100,63.28,100,64.03
8.7,27.8,0.00,0.00,100,63.28,100,63.28,100,63.28,100,64.03
9.2,27.8,0.00,0.00,100,63.28,100,63.28,100,63.28,100,64.03
8.9,27.8,0.00,0.00,100,63.28,100,63.28,100,63.28,100,64.03
9.3,27.8,0.00,0.00,100,63.28,100,63.28,100,63.28,100,64.03
8.9,27.8,0.00,0.00,100,63.28,100,63.28,100,63.28,100,64.03
8.4,27.8,0.00,0.00,100,63.28,100,63.28,100,63.28,100,64.03
9.1,27.8,0.00,0.00,100,63.28,100,63.28,100,63.28,100,64.03
8.5,27.8,0.00,0.00,100,63.28,100,63.28,100,63.28,100,64.03
10.4,27.8,0.00,0.00,100,63.28,100,63.28,100,63.28,100,64.03
14.4,27.8,0.00,0.00,100,63.28,100,63.28,100,63.28,100,64.03
15.2,27.8,0.00,0.00,100,63.28,100,63.28,100,63.28,100,64.03
11.9,27.8,0.00,0.00,100,63.28,100,63.28,100,63.28,100,64.03
10.6,27.8,0.00,0.00,100,63.28,100,63.28,100,63.28,100,64.03
10.5,22.8,0.00,0.00,79,63.23,49,2.67,0,2.67,100,64.03
2.3,13.0,0.00,0.00,11,2.67,11,2.67,0,2.67,100,64.03
2.1,13.0,0.00,0.00,0,2.67,0,2.67,0,2.67,100,64.03
2.3,13.0,0.00,0.00,0,2.67,0,2.67,0,2.67,100,64.03
2.3,13.0,0.00,0.00,0,2.67,0,2.67,0,2.67,100,64.03
2.3,13.0,0.00,0.00,0,2.67,0,2.67,0,2.67,100,64.03
4.2,13.3,0.00,0.00,0,2.67,0,2.67,0,2.67,100,64.03
8.5,13.5,0.00,0.00,0,2.67,0,2.67,0,2.67,100,64.03
10.8,14.2,0.00,0.00,0,2.67,0,2.67,0,2.67,100,64.03
2.3,14.5,0.00,0.00,0,2.67,0,2.67,0,2.85,100,64.03
8.5,17.0,0.00,0.00,0,7.29,4,9.39,5,10.1,100,64.03
8.7,20.1,0.00,0.00,4,11.35,4,11.35,1,11.35,100,64.03
8.7,20.8,0.00,0.00,0,11.35,0,11.35,0,11.35,100,64.03
24.3,21.5,0.00,0.00,0,11.35,0,11.35,0,11.35,100,64.03
39.5,22.1,0.00,0.00,0,11.35,0,11.35,0,11.35,100,64.03
66.7,21.1,0.00,0.00,0,11.35,0,11.35,0,11.35,11,2.67
8.4,18.2,0.00,0.00,0,11.35,0,11.35,0,11.35,0,2.67
39.6,18.9,0.00,0.00,0,11.35,0,11.35,0,11.35,0,2.67
29.7,19.4,0.00,0.00,0,11.35,0,11.35,5,11.37,0,2.67
7.7,21.5,0.00,0.00,2,15.99,25,15.99,37,15.99,0,2.67
10.0,22.3,0.00,0.00,66,15.99,92,15.99,90,15.99,0,2.67
10.4,22.3,0.00,0.00,89,15.99,93,15.99,89,15.99,0,2.67
10.2,22.3,0.00,0.00,91,15.99,93,15.99,90,15.99,0,2.67
9.6,22.3,0.00,0.00,84,15.99,94,15.99,93,15.99,0,2.67
9.6,22.3,0.00,0.00,84,15.99,93,15.99,91,15.99,0,2.67
10.0,22.3,0.00,0.00,90,15.99,93,15.99,93,15.99,0,2.67
10.0,22.3,0.00,0.00,81,15.99,92,15.99,87,15.99,0,2.67
9.8,22.2,0.00,0.00,86,15.99,91,15.99,90,15.99,0,2.67
9.6,22.2,0.00,0.00,89,15.99,93,15.99,90,15.99,0,2.67
10.0,22.2,0.00,0.00,85,15.99,92,15.99,91,15.99,0,2.67
9.6,22.2,0.00,0.00,89,15.99,91,15.99,92,15.99,0,2.67
11.6,22.2,0.00,0.00,91,15.99,94,15.99,93,15.99,0,2.67
10.0,22.2,0.00,0.00,90,15.99,90,15.99,93,15.99,0,2.67
10.0,22.2,0.00,0.00,91,15.99,88,15.99,94,15.99,0,2.67
9.4,22.2,0.00,0.00,90,15.99,91,15.99,94,15.99,0,2.67
11.6,22.2,0.00,0.00,87,15.99,90,15.99,91,15.99,0,2.67
10.0,22.2,0.00,0.00,82,15.99,92,15.99,91,15.99,0,2.67
9.6,22.2,0.00,0.00,82,15.99,92,15.99,92,15.99,0,2.67
9.4,22.2,0.00,0.00,84,15.99,93,15.99,94,15.99,0,2.67
10.0,22.2,0.00,0.00,89,15.99,94,15.99,93,15.99,0,2.67
12.1,22.2,0.00,0.00,89,15.99,94,15.99,93,15.99,0,2.67
9.6,22.2,0.00,0.00,90,15.99,94,15.99,89,15.99,0,2.67
10.0,22.2,0.00,0.00,91,15.99,93,15.99,93,15.99,0,2.67
10.2,22.2,0.00,0.00,90,15.99,94,15.99,93,15.99,0,2.67
9.8,22.2,0.00,0.00,90,15.99,95,15.99,91,15.99,0,2.67
10.2,22.2,0.00,0.00,90,15.99,95,15.99,90,15.99,0,2.67
9.4,22.2,0.00,0.00,90,15.99,95,15.99,88,15.99,0,2.67
10.2,22.2,0.00,0.00,90,15.99,94,15.99,93,15.99,0,2.67
9.6,22.2,0.00,0.00,91,15.99,95,15.99,92,15.99,0,2.67
9.6,22.2,0.00,0.00,91,15.99,95,15.99,93,15.99,0,2.67
26.2,22.2,0.00,0.00,90,15.99,85,15.99,0,15.99,0,2.67
6.7,18.2,0.00,0.00,0,15.99,0,15.99,0,15.99,0,2.67
6.7,18.6,0.00,0.00,0,15.99,0,15.99,0,15.99,0,2.67
6.7,19.4,0.00,0.00,0,15.99,0,15.99,0,15.99,0,2.67
6.9,19.9,0.00,0.00,0,15.99,0,15.99,0,15.99,0,2.67
6.3,20.7,0.00,0.00,0,15.99,0,15.99,0,15.99,0,2.67
6.5,21.1,0.00,0.00,0,15.99,0,15.99,0,15.99,0,2.67
6.5,21.9,0.00,0.00,0,15.99,0,15.99,0,15.99,0,2.67
7.5,22.4,0.00,0.00,0,16.01,0,16.01,38,16.01,0,2.67
10.0,22.4,0.00,0.00,90,16.01,90,16.01,92,16.01,0,2.67
10.4,22.4,0.00,0.00,82,16.01,94,16.01,92,16.01,0,2.67
10.3,22.4,0.00,0.00,84,16.01,94,16.01,93,16.01,0,2.67
9.6,22.4,0.00,0.00,85,16.01,94,16.01,94,16.01,0,2.67
10.0,22.4,0.00,0.00,88,16.01,93,16.01,93,16.01,0,2.67
10.0,22.4,0.00,0.00,88,16.01,94,16.01,91,16.01,0,2.67
10.4,22.4,0.00,0.00,90,16.01,94,16.01,91,16.01,0,2.67
10.2,22.3,0.00,0.00,90,16.01,95,16.01,90,16.01,0,2.67
10.0,22.3,0.00,0.00,88,16.01,94,16.01,89,16.01,0,2.67
10.4,22.3,0.00,0.00,91,16.01,94,16.01,87,16.01,0,2.67
9.6,22.3,0.00,0.00,89,16.01,95,16.01,87,16.01,0,2.67
9.8,22.4,0.00,0.00,91,16.01,95,16.01,93,16.01,0,2.67
12.3,22.3,0.00,0.00,89,16.01,95,16.01,89,16.01,0,2.67
10.0,22.3,0.00,0.00,90,16.01,95,16.01,92,16.01,0,2.67
9.4,22.3,0.00,0.00,81,16.01,95,16.01,94,16.01,0,2.67
11.1,22.3,0.00,0.00,83,16.01,95,16.01,93,16.01,0,2.67
12.3,22.3,0.00,0.00,90,16.01,95,16.01,88,16.01,0,2.67
10.0,22.3,0.00,0.00,91,16.01,95,16.01,94,16.01,0,2.67
10.2,22.3,0.00,0.00,90,16.01,95,16.01,92,16.01,0,2.67
13.6,22.4,0.00,0.00,91,16.01,92,16.01,93,16.01,0,2.67
13.2,22.4,0.00,0.00,77,16.01,93,16.01,91,16.01,0,2.67
13.6,22.4,0.00,0.00,87,16.01,92,16.01,90,16.01,0,2.67
11.7,22.3,0.00,0.00,87,16.01,92,16.01,90,16.01,0,2.67
9.6,22.3,0.00,0.00,89,16.01,93,16.01,91,16.01,0,2.67
9.8,22.3,0.00,0.00,91,16.01,93,16.01,94,16.01,0,2.67
9.8,22.3,0.00,0.00,91,16.01,93,16.01,95,16.01,0,2.67
9.8,22.3,0.00,0.00,91,16.01,93,16.01,94,16.01,0,2.67
9.6,22.3,0.00,0.00,88,16.01,96,16.01,93,16.01,0,2.67
9.8,22.3,0.00,0.00,88,16.01,95,16.01,94,16.01,0,2.67
10.2,22.3,0.00,0.00,91,16.01,95,16.01,93,16.01,0,2.67
25.4,22.3,0.00,0.00,51,16.01,13,16.01,4,16.01,0,2.67
6.3,18.2,0.00,0.00,0,16.01,0,16.01,0,16.01,0,2.67
14.5,18.6,0.00,0.00,0,16.01,0,16.01,0,16.01,0,2.67
8.2,19.4,0.00,0.00,0,16.01,0,16.01,0,16.01,0,2.67
6.7,19.8,0.00,0.00,0,16.01,0,16.01,0,16.01,0,2.67
6.4,20.6,0.00,0.00,0,16.01,0,16.01,0,16.01,0,2.67
6.4,21.0,0.00,0.00,0,16.01,0,16.01,0,16.01,0,2.67
6.4,21.8,0.00,0.00,0,16.01,0,16.01,0,16.01,0,2.67
22.0,22.4,0.00,0.00,0,16.01,0,16.01,20,16.01,0,2.67
10.2,22.4,0.00,0.00,90,16.01,94,16.01,90,16.01,0,2.67
9.6,22.4,0.00,0.00,86,16.01,95,16.01,90,16.01,0,2.67
10.2,22.4,0.00,0.00,90,16.01,94,16.01,93,16.01,0,2.67
10.2,22.4,0.00,0.00,88,16.01,94,16.01,91,16.01,0,2.67
10.8,22.4,0.00,0.00,90,16.01,95,16.01,93,16.01,0,2.67
10.0,22.3,0.00,0.00,80,16.01,94,16.01,94,16.01,0,2.67
10.0,22.3,0.00,0.00,89,16.01,94,16.01,94,16.01,0,2.67
10.4,22.3,0.00,0.00,89,16.01,92,16.01,89,16.01,0,2.67
9.8,22.3,0.00,0.00,90,16.01,93,16.01,91,16.01,0,2.67
10.2,22.3,0.00,0.00,89,16.01,95,16.01,89,16.01,0,2.67
9.8,22.3,0.00,0.00,91,16.01,94,16.01,90,16.01,0,2.67
10.8,22.3,0.00,0.00,90,16.01,95,16.01,89,16.01,0,2.67
10.0,22.3,0.00,0.00,92,16.01,94,16.01,90,16.01,0,2.67
10.0,22.3,0.00,0.00,91,16.01,94,16.01,90,16.01,0,2.67
9.5,22.3,0.00,0.00,91,16.01,85,16.01,82,16.01,0,2.67
11.0,22.3,0.00,0.00,90,16.01,95,16.01,93,16.01,0,2.67
9.8,22.3,0.00,0.00,89,16.01,93,16.01,93,16.01,0,2.67
10.0,22.3,0.00,0.00,84,16.01,92,16.01,91,16.01,0,2.67
10.2,22.3,0.00,0.00,87,16.01,92,16.01,93,16.01,0,2.67
9.8,22.3,0.00,0.00,87,16.01,87,16.01,88,16.01,0,2.67
10.2,22.3,0.00,0.00,88,16.01,92,16.01,90,16.01,0,2.67
9.6,22.3,0.00,0.00,88,16.01,91,16.01,92,16.01,0,2.67
9.4,22.3,0.00,0.00,88,16.01,91,16.01,91,16.01,0,2.67
9.8,22.3,0.00,0.00,88,16.01,94,16.01,92,16.01,0,2.67
9.8,22.3,0.00,0.00,88,16.01,95,16.01,89,16.01,0,2.67
12.1,22.3,0.00,0.00,89,16.01,95,16.01,94,16.01,0,2.67
10.4,22.3,0.00,0.00,89,16.01,96,16.01,93,16.01,0,2.67
9.4,22.3,0.00,0.00,87,16.01,96,16.01,92,16.01,0,2.67
9.6,22.3,0.00,0.00,90,16.01,92,16.01,94,16.01,0,2.67
10.2,22.3,0.00,0.00,87,16.01,96,16.01,93,16.01,0,2.67
25.2,22.3,0.00,0.00,56,16.01,22,16.01,3,15.96,0,2.67
2.3,8.3,0.00,0.00,0,2.67,2,2.67,0,2.67,0,2.67
0.0,7.9,0.00,0.00,0,2.67,0,2.67,0,2.67,0,2.67
0.2,7.9,0.00,0.00,0,2.67,0,2.67,0,2.67,0,2.67
0.2,7.9,0.00,0.00,0,2.67,0,2.67,0,2.67,0,2.67
3.7,8.1,0.00,0.00,0,2.67,0,2.67,0,2.67,0,2.67
2.3,8.2,0.00,0.00,0,2.67,0,2.67,0,2.67,0,2.67
7.7,9.0,0.00,0.00,0,2.67,0,2.67,0,2.67,0,2.67
4.8,9.4,0.00,0.00,0,2.67,0,2.74,0,5.17,0,2.67
6.5,12.6,0.00,0.00,3,9.32,4,9.76,4,9.81,0,2.67
47.6,15.3,0.00,0.00,0,9.81,0,9.81,0,9.81,0,2.67
40.0,15.8,0.00,0.00,0,9.81,0,9.81,0,9.81,0,2.67
86.3,16.5,0.00,0.00,0,9.81,0,9.81,0,9.81,0,2.67
6.1,17.0,0.00,0.00,0,9.81,0,9.81,0,9.81,0,2.67
76.0,17.8,0.00,0.00,0,9.81,0,9.81,0,9.81,0,2.67
38.9,18.3,0.00,0.00,0,9.81,0,9.81,0,9.81,0,2.67
6.7,19.0,0.00,0.00,0,9.81,0,9.81,0,9.81,0,2.67
6.0,19.5,0.00,0.00,0,10.57,0,9.81,0,11.08,0,2.67
6.5,22.6,0.00,0.00,26,23.19,16,23.19,26,23.19,0,2.67
9.2,22.6,0.00,0.00,85,23.19,71,23.19,84,23.19,0,2.67
12.5,22.6,0.00,0.00,83,23.19,74,23.19,78,23.19,0,2.67
11.1,22.6,0.00,0.00,85,23.19,72,23.19,83,23.19,0,2.67
9.6,22.6,0.00,0.00,77,23.19,76,23.19,59,23.19,0,2.67
12.1,22.6,0.00,0.00,84,23.19,80,23.19,71,23.19,0,2.67
9.4,22.6,0.00,0.00,83,23.19,78,23.19,78,23.19,0,2.67
9.8,22.6,0.00,0.00,90,23.19,84,23.19,58,23.19,0,2.67
12.6,22.6,0.00,0.00,91,23.19,83,23.19,81,23.19,0,2.67
10.6,22.6,0.00,0.00,91,23.19,64,23.19,85,23.19,0,2.67
11.4,22.6,0.00,0.00,87,23.19,73,23.19,87,23.19,0,2.67
11.5,22.6,0.00,0.00,86,23.19,74,23.19,87,23.19,0,2.67
8.3,22.6,0.00,0.00,87,23.19,57,23.19,88,23.19,0,2.67
10.0,22.6,0.00,0.00,92,23.19,60,23.19,88,23.19,0,2.67
10.2,22.6,0.00,0.00,90,23.19,62,23.19,71,23.19,0,2.67
9.4,22.6,0.00,0.00,92,23.19,63,23.19,64,23.19,0,2.67
9.0,22.6,0.00,0.00,88,23.19,80,23.19,62,23.19,0,2.67
10.4,22.6,0.00,0.00,89,23.19,85,23.19,60,23.19,0,2.67
12.6,22.6,0.00,0.00,89,23.19,84,23.19,81,23.19,0,2.67
10.0,22.6,0.00,0.00,77,23.19,77,23.19,86,23.19,0,2.67
8.2,22.6,0.00,0.00,86,23.19,74,23.19,83,23.19,0,2.67
9.8,22.6,0.00,0.00,90,23.19,79,23.19,81,23.19,0,2.67
12.3,22.6,0.00,0.00,89,23.19,81,23.19,70,23.19,0,2.67
11.9,22.6,0.00,0.00,90,23.19,76,23.19,77,23.19,0,2.67
9.4,22.5,0.00,0.00,85,23.19,82,23.19,71,23.19,0,2.67
9.6,22.5,0.00,0.00,82,23.19,75,23.19,80,23.19,0,2.67
10.4,22.5,0.00,0.00,84,23.19,81,23.19,78,23.19,0,2.67
6.7,22.5,0.00,0.00,89,23.29,78,23.29,72,23.29,0,2.67
6.9,17.9,0.00,0.00,40,23.29,0,23.29,0,23.29,0,2.67
77.8,18.5,0.00,0.00,0,23.29,0,23.29,0,23.29,0,2.67
85.8,19.2,0.00,0.00,0,23.29,0,23.29,0,23.29,0,2.67
27.7,19.7,0.00,0.00,0,23.29,0,23.29,0,23.29,0,2.67
18.3,20.5,0.00,0.00,0,23.29,0,23.29,0,23.29,0,2.67
6.4,21.0,0.00,0.00,0,23.29,0,23.29,0,23.29,0,2.67
6.8,21.8,0.00,0.00,0,23.29,0,23.29,0,23.29,0,2.67
9.0,22.2,0.00,0.00,0,23.29,0,23.29,0,23.29,0,2.67
14.6,22.7,0.00,0.00,42,23.29,22,23.29,73,23.29,0,2.67
14.0,22.7,0.00,0.00,82,23.29,67,23.29,76,23.29,0,2.67
13.3,22.7,0.00,0.00,84,23.29,60,23.29,79,23.29,0,2.67
13.2,22.7,0.00,0.00,75,23.29,72,23.29,83,23.29,0,2.67
9.0,22.7,0.00,0.00,82,23.29,77,23.29,86,23.29,0,2.67
11.4,22.7,0.00,0.00,79,23.29,77,23.29,86,23.29,0,2.67
9.2,22.7,0.00,0.00,82,23.29,78,23.29,83,23.29,0,2.67
8.7,22.7,0.00,0.00,84,23.29,60,23.29,84,23.29,0,2.67
9.0,22.7,0.00,0.00,89,23.29,65,23.29,83,23.29,0,2.67
9.8,22.7,0.00,0.00,87,23.29,73,23.29,79,23.29,0,2.67
9.8,22.7,0.00,0.00,88,23.29,75,23.29,70,23.29,0,2.67
10.6,22.6,0.00,0.00,87,23.29,71,23.29,83,23.29,0,2.67
12.7,22.7,0.00,0.00,91,23.29,77,23.29,88,23.29,0,2.67
8.1,22.7,0.00,0.00,90,23.29,70,23.29,90,23.29,0,2.67
10.6,22.6,0.00,0.00,88,23.29,69,23.29,88,23.29,0,2.67
10.6,22.6,0.00,0.00,91,23.29,60,23.29,63,23.29,0,2.67
12.3,22.6,0.00,0.00,91,23.29,78,23.29,74,23.29,0,2.67
8.5,22.6,0.00,0.00,82,23.29,74,23.29,74,23.29,0,2.67
8.5,22.6,0.00,0.00,84,23.29,84,23.29,68,23.29,0,2.67
12.3,22.7,0.00,0.00,88,23.29,84,23.29,74,23.29,0,2.67
12.6,22.6,0.00,0.00,87,23.29,75,23.29,85,23.29,0,2.67
9.0,22.6,0.00,0.00,78,23.29,77,23.29,86,23.29,0,2.67
9.2,22.6,0.00,0.00,83,23.29,79,23.29,88,23.29,0,2.67
12.7,22.6,0.00,0.00,90,23.29,62,23.29,88,23.29,0,2.67
9.1,22.6,0.00,0.00,86,23.29,60,23.29,88,23.29,0,2.67
9.5,22.6,0.00,0.00,88,23.29,61,23.29,89,23.29,0,2.67
10.8,22.6,0.00,0.00,81,23.29,79,23.29,81,23.29,0,2.67
6.3,22.6,0.00,0.00,83,23.29,85,23.29,55,23.29,0,2.67
97.3,17.9,0.00,0.00,22,23.29,0,23.29,0,23.29,0,2.67
96.7,18.5,0.00,0.00,0,23.29,0,23.29,0,23.29,0,2.67
46.9,19.2,0.00,0.00,0,23.29,0,23.29,0,23.29,0,2.67
5.4,19.7,0.00,0.00,0,23.29,0,23.29,0,23.29,0,2.67
6.5,20.5,0.00,0.00,0,23.29,0,23.29,0,23.29,0,2.67
6.3,21.0,0.00,0.00,0,23.29,0,23.29,0,23.29,0,2.67
8.7,21.8,0.00,0.00,0,23.29,0,23.29,0,23.29,0,2.67
6.4,22.3,0.00,0.00,0,23.29,0,23.29,0,23.29,0,2.67
9.8,22.7,0.00,0.00,93,23.29,80,23.29,77,23.29,0,2.67
11.7,22.7,0.00,0.00,86,23.29,75,23.29,84,23.29,0,2.67
12.4,22.7,0.00,0.00,80,23.29,82,23.29,74,23.29,0,2.67
10.0,22.7,0.00,0.00,85,23.29,82,23.29,77,23.29,0,2.67
11.2,22.7,0.00,0.00,85,23.29,76,23.29,82,23.29,0,2.67
11.6,22.7,0.00,0.00,84,23.29,76,23.29,78,23.29,0,2.67
10.3,22.7,0.00,0.00,87,23.29,78,23.29,82,23.29,0,2.67
12.4,22.7,0.00,0.00,84,23.29,78,23.29,66,23.29,0,2.67
11.7,22.6,0.00,0.00,84,23.29,77,23.29,80,23.29,0,2.67
12.2,22.6,0.00,0.00,85,23.29,79,23.29,78,23.29,0,2.67
9.4,22.6,0.00,0.00,83,23.29,80,23.29,82,23.29,0,2.67
12.0,22.6,0.00,0.00,78,23.29,77,23.29,78,23.29,0,2.67
12.5,22.6,0.00,0.00,82,23.29,74,23.29,82,23.29,0,2.67
8.6,22.6,0.00,0.00,86,23.29,81,23.29,79,23.29,0,2.67
8.4,22.6,0.00,0.00,80,23.29,78,23.29,70,23.29,0,2.67
9.8,22.6,0.00,0.00,79,23.29,75,23.29,83,23.29,0,2.67
11.3,22.6,0.00,0.00,84,23.29,82,23.29,79,23.29,0,2.67
11.3,22.7,0.00,0.00,83,23.29,78,23.29,84,23.29,0,2.67
9.6,22.7,0.00,0.00,77,23.29,82,23.29,82,23.29,0,2.67
11.9,22.6,0.00,0.00,87,23.29,79,23.29,69,23.29,0,2.67
11.7,22.6,0.00,0.00,83,23.29,76,23.29,86,23.29,0,2.67
11.7,22.7,0.00,0.00,81,23.29,76,23.29,77,23.29,0,2.67
9.1,22.7,0.00,0.00,89,23.29,69,23.29,87,23.29,0,2.67
7.9,22.6,0.00,0.00,88,23.29,67,23.29,88,23.29,0,2.67
10.4,22.6,0.00,0.00,83,23.29,69,23.29,87,23.29,0,2.67
6.5,22.6,0.00,0.00,86,23.29,83,23.29,49,23.29,0,2.67
71.0,18.0,0.00,0.00,16,23.29,0,23.29,0,23.29,0,2.67
6.2,18.6,0.00,0.00,0,23.29,0,23.29,0,23.29,0,2.67
6.8,19.3,0.00,0.00,0,23.29,0,23.29,0,23.29,0,2.67
7.9,19.8,0.00,0.00,0,23.29,0,23.29,0,23.29,0,2.67
6.3,20.6,0.00,0.00,0,23.29,0,23.29,0,23.29,0,2.67
6.5,21.1,0.00,0.00,0,23.29,0,23.29,0,23.29,0,2.67
6.5,21.9,0.00,0.00,0,23.29,0,23.29,0,23.29,0,2.67
6.2,22.3,0.00,0.00,0,23.29,0,23.29,38,23.29,0,2.67
8.5,22.7,0.00,0.00,91,23.29,84,23.29,68,23.29,0,2.67
11.2,22.7,0.00,0.00,91,23.29,85,23.29,66,23.29,0,2.67
10.8,22.7,0.00,0.00,83,23.29,82,23.29,76,23.29,0,2.67
8.9,22.7,0.00,0.00,83,23.29,83,23.29,81,23.29,0,2.67
11.5,22.7,0.00,0.00,73,23.29,84,23.29,80,23.29,0,2.67
9.4,22.7,0.00,0.00,80,23.29,74,23.29,81,23.29,0,2.67
11.6,22.7,0.00,0.00,91,23.29,87,23.29,69,23.29,0,2.67
9.1,22.7,0.00,0.00,89,23.29,85,23.29,65,23.29,0,2.67
8.8,22.7,0.00,0.00,90,23.29,78,23.29,69,23.29,0,2.67
10.8,22.7,0.00,0.00,87,23.29,78,23.29,68,23.29,0,2.67
10.5,22.7,0.00,0.00,91,23.29,81,23.29,73,23.29,0,2.67
7.3,22.7,0.00,0.00,79,23.29,75,23.29,68,23.29,0,2.67
11.3,22.7,0.00,0.00,89,23.29,79,23.29,76,23.29,0,2.67
11.2,22.7,0.00,0.00,85,23.29,72,23.29,81,23.29,0,2.67
10.6,22.7,0.00,0.00,81,23.29,75,23.29,82,23.29,0,2.67
7.9,22.7,0.00,0.00,86,23.29,74,23.29,84,23.29,0,2.67
12.2,22.7,0.00,0.00,85,23.29,75,23.29,65,23.29,0,2.67
10.4,22.7,0.00,0.00,83,23.29,79,23.29,78,23.29,0,2.67
9.6,22.7,0.00,0.00,83,23.29,80,23.29,81,23.29,0,2.67
9.4,22.7,0.00,0.00,81,23.29,79,23.29,84,23.29,0,2.67
10.0,22.7,0.00,0.00,80,23.29,79,23.29,85,23.29,0,2.67
11.9,22.7,0.00,0.00,85,23.29,77,23.29,85,23.29,0,2.67
12.1,22.7,0.00,0.00,84,23.29,76,23.29,78,23.29,0,2.67
11.5,22.7,0.00,0.00,87,23.29,73,23.29,83,23.29,0,2.67
11.5,22.7,0.00,0.00,79,23.29,80,23.29,65,23.29,0,2.67
6.9,22.6,0.00,0.00,86,23.29,85,23.29,82,23.29,0,2.67
6.5,17.7,0.00,0.00,21,23.29,36,23.29,0,23.29,0,2.67
7.2,18.4,0.00,0.00,0,23.29,0,23.29,0,23.29,0,2.67
6.3,19.0,0.00,0.00,0,23.29,0,23.29,0,23.29,0,2.67
93.9,19.7,0.00,0.00,0,23.29,0,23.29,0,23.29,0,2.67
6.7,20.3,0.00,0.00,0,23.29,0,23.29,0,23.29,0,2.67
6.2,20.9,0.00,0.00,0,23.29,0,23.29,0,23.29,0,2.67
7.6,21.6,0.00,0.00,0,23.29,0,23.29,0,23.29,0,2.67
61.6,22.1,0.00,0.00,0,23.29,0,23.29,0,23.29,0,2.67
21.0,22.6,0.00,0.00,0,23.29,0,23.29,58,23.29,0,2.67
15.0,22.7,0.00,0.00,90,23.29,71,23.29,77,23.29,0,2.67
8.3,22.7,0.00,0.00,86,23.29,82,23.29,62,23.29,0,2.67
11.7,22.7,0.00,0.00,81,23.29,76,23.29,79,23.29,0,2.67
10.4,22.7,0.00,0.00,85,23.29,60,23.29,88,23.29,0,2.67
10.0,22.7,0.00,0.00,92,23.29,57,23.29,89,23.29,0,2.67
10.2,22.7,0.00,0.00,90,23.29,74,23.29,85,23.29,0,2.67
12.1,22.7,0.00,0.00,82,23.29,79,23.29,78,23.29,0,2.67
8.5,22.6,0.00,0.00,89,23.29,62,23.29,73,23.29,0,2.67
11.7,22.7,0.00,0.00,88,23.29,82,23.29,80,23.29,0,2.67
10.7,22.6,0.00,0.00,82,23.29,74,23.29,81,23.29,0,2.67
8.1,22.7,0.00,0.00,82,23.29,84,23.29,67,23.29,0,2.67
11.9,22.7,0.00,0.00,87,23.29,84,23.29,60,23.29,0,2.67
12.1,22.6,0.00,0.00,87,23.29,79,23.29,83,23.29,0,2.67
11.9,22.7,0.00,0.00,74,23.29,71,23.29,80,23.29,0,2.67
12.5,22.7,0.00,0.00,83,23.29,79,23.29,85,23.29,0,2.67
10.7,22.7,0.00,0.00,69,23.29,74,23.29,86,23.29,0,2.67
11.2,22.7,0.00,0.00,82,23.29,77,23.29,86,23.29,0,2.67
9.7,22.7,0.00,0.00,88,23.29,63,23.29,86,23.29,0,2.67
10.4,22.7,0.00,0.00,87,23.29,59,23.29,89,23.29,0,2.67
10.9,22.6,0.00,0.00,90,23.29,57,23.29,90,23.29,0,2.67
10.9,22.7,0.00,0.00,88,23.29,62,23.29,88,23.29,0,2.67
9.0,22.6,0.00,0.00,91,23.29,57,23.29,76,23.29,0,2.67
8.2,22.7,0.00,0.00,89,23.29,61,23.29,83,23.29,0,2.67
11.4,22.7,0.00,0.00,89,23.29,61,23.29,88,23.29,0,2.67
11.3,22.6,0.00,0.00,89,23.29,58,23.29,89,23.29,0,2.67
8.5,22.6,0.00,0.00,89,23.29,72,23.29,83,23.29,0,2.67
7.7,22.6,0.00,0.00,80,23.29,76,23.29,65,23.29,0,2.67
10.6,22.6,0.00,0.00,89,23.29,80,23.29,83,23.29,0,2.67
25.4,22.6,0.00,0.00,87,23.29,56,23.29,0,2.67,0,2.67
2.5,8.2,0.00,0.00,0,2.67,3,2.67,0,2.67,0,2.67
0.2,7.9,0.00,0.00,0,2.67,0,2.67,0,2.67,0,2.67
0.2,7.9,0.00,0.00,0,2.67,0,2.67,0,2.67,0,2.67
0.4,7.9,0.00,0.00,0,2.67,0,2.67,0,2.67,0,2.67
1.5,7.9,0.00,0.00,0,2.67,0,2.67,0,2.67,0,2.67
6.6,8.2,0.00,0.00,0,2.67,0,2.67,0,2.67,0,2.67
99.8,8.8,0.00,0.00,0,2.67,0,2.67,0,2.67,0,2.67
100.0,9.6,0.00,0.00,0,2.67,0,2.67,0,2.67,0,2.67
78.5,10.5,0.00,0.00,0,2.67,0,2.67,0,2.67,0,2.79
4.6,11.4,0.00,0.00,0,2.67,0,2.79,0,5.37,6,18.66
11.2,17.5,0.00,0.00,1,8.32,6,8.93,3,9.81,1,21.64
10.0,20.7,0.00,0.00,3,9.81,0,9.81,1,9.81,0,21.64
38.6,21.5,0.00,0.00,0,9.81,0,9.81,0,9.81,0,21.64
9.6,22.7,0.00,0.00,0,9.81,0,9.81,0,9.81,0,21.64
83.5,23.6,0.00,0.00,0,9.81,0,9.81,0,9.81,0,21.64
83.6,24.7,0.00,0.00,0,9.81,0,9.81,0,9.81,0,21.64
56.8,25.6,0.00,0.00,0,9.81,0,9.81,0,9.81,0,21.64
10.2,26.7,0.00,0.00,0,9.81,0,9.81,0,9.81,0,21.64
41.1,27.6,0.00,0.00,0,9.81,0,9.81,0,9.81,36,28.69
20.3,30.0,0.00,0.00,0,11.59,48,22.53,28,23.19,89,42.41
14.4,32.7,0.00,0.00,14,23.19,82,23.21,77,23.21,100,43.2
12.3,32.7,0.00,0.00,72,23.19,75,23.21,83,23.21,100,43.2
13.8,32.7,0.00,0.00,70,23.19,75,23.21,78,23.21,100,43.2
16.4,32.7,0.00,0.00,67,23.19,78,23.21,78,23.21,100,43.2
14.2,32.7,0.00,0.00,60,23.19,85,23.21,86,23.21,100,43.2
13.5,32.7,0.00,0.00,57,23.19,90,23.21,92,23.21,100,43.2
14.0,32.7,0.00,0.00,56,23.19,84,23.21,89,23.21,100,43.2
14.8,32.7,0.00,0.00,67,23.19,66,23.21,90,23.21,100,43.2
15.6,32.7,0.00,0.00,75,23.19,74,23.21,83,23.21,100,43.2
14.8,32.7,0.00,0.00,70,23.19,80,23.21,82,23.21,100,43.2
14.6,32.7,0.00,0.00,69,23.19,80,23.21,80,23.21,100,43.2
13.0,32.7,0.00,0.00,64,23.19,86,23.21,83,23.21,100,43.2
14.3,32.7,0.00,0.00,67,23.19,80,23.21,82,23.21,100,43.2
12.8,32.7,0.00,0.00,64,23.19,80,23.21,80,23.21,100,43.2
16.8,32.7,0.00,0.00,68,23.19,77,23.21,83,23.21,100,43.2
13.6,32.7,0.00,0.00,71,23.19,77,23.21,82,23.21,100,43.2
14.2,32.7,0.00,0.00,74,23.19,72,23.21,84,23.21,100,43.2
15.8,32.7,0.00,0.00,70,23.19,68,23.21,85,23.21,100,43.2
15.9,32.7,0.00,0.00,67,23.19,75,23.21,86,23.21,100,43.2
14.6,32.7,0.00,0.00,70,23.19,83,23.21,84,23.21,100,43.2
15.2,32.7,0.00,0.00,71,23.19,76,23.21,87,23.21,100,43.2
16.7,32.7,0.00,0.00,69,23.19,80,23.21,88,23.21,100,43.2
15.5,32.7,0.00,0.00,69,23.19,81,23.21,85,23.21,100,43.2
16.7,32.7,0.00,0.00,68,23.19,81,23.21,85,23.21,100,43.2
13.0,32.7,0.00,0.00,68,23.19,88,23.21,92,23.21,100,43.2
13.1,32.7,0.00,0.00,64,23.19,80,23.21,80,23.21,100,43.2
13.2,32.7,0.00,0.00,71,23.19,78,23.21,81,23.21,100,43.2
11.3,32.7,0.00,0.00,73,23.29,81,23.29,41,23.29,100,43.2
42.3,28.2,0.00,0.00,9,23.29,0,23.29,0,23.29,100,43.2
10.0,28.7,0.00,0.00,0,23.29,0,23.29,0,23.29,100,43.2
81.5,29.4,0.00,0.00,0,23.29,0,23.29,0,23.29,100,43.2
11.2,29.9,0.00,0.00,0,23.29,0,23.29,0,23.29,100,43.2
12.1,30.7,0.00,0.00,0,23.29,0,23.29,0,23.29,99,43.2
11.9,31.1,0.00,0.00,0,23.29,0,23.29,0,23.29,100,43.2
12.1,31.9,0.00,0.00,0,23.29,0,23.29,0,23.29,100,43.2
11.1,32.4,0.00,0.00,0,23.29,0,23.29,25,23.29,100,43.2
15.3,32.8,0.00,0.00,22,23.29,82,23.29,87,23.29,100,43.2
16.4,32.8,0.00,0.00,68,23.29,80,23.29,80,23.29,100,43.2
17.3,32.8,0.00,0.00,70,23.29,77,23.29,86,23.29,100,43.2
13.8,32.8,0.00,0.00,66,23.29,72,23.29,85,23.29,100,43.2
13.1,32.8,0.00,0.00,70,23.29,75,23.29,84,23.29,100,43.2
12.7,32.8,0.00,0.00,52,23.29,84,23.29,88,23.29,100,43.2
15.9,32.8,0.00,0.00,63,23.29,77,23.29,78,23.29,100,43.2
12.3,32.8,0.00,0.00,70,23.29,79,23.29,79,23.29,100,43.2
16.0,32.8,0.00,0.00,56,23.29,84,23.29,87,23.29,100,43.2
16.2,32.8,0.00,0.00,59,23.29,71,23.29,81,23.29,100,43.2
11.9,32.8,0.00,0.00,71,23.29,83,23.29,89,23.29,100,43.2
12.9,32.8,0.00,0.00,56,23.29,86,23.29,90,23.29,100,43.2
14.9,32.8,0.00,0.00,65,23.29,78,23.29,88,23.29,100,43.2
16.3,32.8,0.00,0.00,79,23.29,69,23.29,82,23.29,100,43.2
15.7,32.8,0.00,0.00,63,23.29,76,23.29,86,23.29,100,43.2
19.6,32.8,0.00,0.00,57,23.29,81,23.29,83,23.29,100,43.2
19.3,32.8,0.00,0.00,61,23.29,78,23.29,79,23.29,100,43.2
19.6,32.9,0.00,0.00,66,23.29,68,23.29,66,23.29,100,43.2
19.2,32.8,0.00,0.00,69,23.29,67,23.29,71,23.29,100,43.2
18.3,32.8,0.00,0.00,69,23.29,70,23.29,78,23.29,100,43.2
15.0,32.8,0.00,0.00,75,23.29,71,23.29,92,23.29,100,43.2
14.4,32.8,0.00,0.00,51,23.29,89,23.29,92,23.29,100,43.2
17.3,32.8,0.00,0.00,53,23.29,80,23.29,82,23.29,100,43.2
16.6,32.8,0.00,0.00,70,23.29,77,23.29,83,23.29,100,43.2
14.4,32.8,0.00,0.00,55,23.29,84,23.29,85,23.29,100,43.2
12.9,32.8,0.00,0.00,62,23.29,82,23.29,89,23.29,100,43.2
14.2,32.8,0.00,0.00,56,23.29,83,23.29,85,23.29,100,43.2
12.7,32.8,0.00,0.00,58,23.29,85,23.29,87,23.29,100,43.2
12.1,32.8,0.00,0.00,56,23.29,85,23.29,89,23.29,100,43.2
31.7,32.8,0.00,0.00,54,23.29,63,23.29,10,23.29,94,43.2
11.0,28.4,0.00,0.00,0,23.29,0,23.29,0,23.29,100,43.2
12.1,28.8,0.00,0.00,0,23.29,0,23.29,0,23.29,100,43.2
10.8,29.6,0.00,0.00,0,23.29,0,23.29,0,23.29,100,43.2
12.5,30.0,0.00,0.00,0,23.29,0,23.29,0,23.29,97,43.2
12.5,30.9,0.00,0.00,0,23.29,0,23.29,0,23.29,100,43.2
10.7,31.4,0.00,0.00,0,23.29,0,23.29,0,23.29,100,43.2
11.5,32.1,0.00,0.00,0,23.29,0,23.29,0,23.29,100,43.2
26.8,32.6,0.00,0.00,0,23.29,0,23.29,79,23.29,100,43.2
12.7,32.8,0.00,0.00,49,23.29,78,23.29,81,23.29,100,43.2
12.9,32.8,0.00,0.00,71,23.29,79,23.29,61,23.29,100,43.2
15.0,32.8,0.00,0.00,75,23.29,69,23.29,82,23.29,100,43.2
13.8,32.8,0.00,0.00,70,23.29,78,23.29,78,23.29,100,43.2
17.0,32.8,0.00,0.00,64,23.29,85,23.29,86,23.29,100,43.2
17.1,32.8,0.00,0.00,72,23.29,79,23.29,82,23.29,100,43.2
15.0,32.8,0.00,0.00,72,23.29,85,23.29,92,23.29,100,43.2
17.7,32.8,0.00,0.00,55,23.29,74,23.29,79,23.29,100,43.2
16.1,32.8,0.00,0.00,74,23.29,74,23.29,86,23.29,100,43.2
15.7,32.8,0.00,0.00,72,23.29,78,23.29,85,23.29,100,43.2
17.3,32.8,0.00,0.00,71,23.29,79,23.29,75,23.29,100,43.2
17.5,32.8,0.00,0.00,73,23.29,79,23.29,81,23.29,100,43.2
13.2,32.8,0.00,0.00,69,23.29,74,23.29,82,23.29,100,43.2
14.8,32.8,0.00,0.00,77,23.29,79,23.29,82,23.29,100,43.2
14.9,32.8,0.00,0.00,65,23.29,82,23.29,74,23.29,100,43.2
13.6,32.8,0.00,0.00,71,23.29,73,23.29,82,23.29,100,43.2
16.9,32.8,0.00,0.00,62,23.29,82,23.29,74,23.29,100,43.2
15.2,32.8,0.00,0.00,71,23.29,77,23.29,80,23.29,100,43.2
15.7,32.8,0.00,0.00,75,23.29,77,23.29,75,23.29,100,43.2
13.2,32.8,0.00,0.00,77,23.29,79,23.29,78,23.29,100,43.2
17.5,32.8,0.00,0.00,76,23.29,75,23.29,78,23.29,100,43.2
13.8,32.8,0.00,0.00,64,23.29,81,23.29,77,23.29,100,43.2
16.9,32.8,0.00,0.00,72,23.29,80,23.29,85,23.29,100,43.2
14.6,32.8,0.00,0.00,57,23.29,85,23.29,88,23.29,100,43.2
15.3,32.8,0.00,0.00,65,23.29,80,23.29,72,23.29,100,43.2
17.7,32.8,0.00,0.00,69,23.29,81,23.29,80,23.29,100,43.2
12.6,32.8,0.00,0.00,65,23.29,87,23.29,87,23.29,100,43.2
49.7,28.1,0.00,0.00,0,23.29,0,23.29,0,23.29,94,43.2
36.1,28.6,0.00,0.00,0,23.29,0,23.29,0,23.29,100,43.2
87.2,29.3,0.00,0.00,0,23.29,0,23.29,0,23.29,100,43.2
80.4,29.8,0.00,0.00,0,23.29,0,23.29,0,23.29,100,43.2
97.5,30.6,0.00,0.00,0,23.29,0,23.29,0,23.29,97,43.2
22.2,31.1,0.00,0.00,0,23.29,0,23.29,0,23.29,98,43.2
99.6,31.8,0.00,0.00,0,23.29,0,23.29,0,23.29,100,43.2
26.9,32.3,0.00,0.00,0,23.29,0,23.29,0,23.29,100,43.2
13.6,32.8,0.00,0.00,10,23.29,79,23.29,81,23.29,100,43.2
15.5,32.8,0.00,0.00,73,23.29,76,23.29,82,23.29,100,43.2
14.4,32.8,0.00,0.00,72,23.29,75,23.29,78,23.29,100,43.2
14.8,32.8,0.00,0.00,64,23.29,77,23.29,82,23.29,100,43.2
13.5,32.8,0.00,0.00,70,23.29,68,23.29,87,23.29,100,43.2
14.2,32.8,0.00,0.00,73,23.29,80,23.29,82,23.29,100,43.2
14.8,32.8,0.00,0.00,70,23.29,76,23.29,83,23.29,100,43.2
16.0,32.8,0.00,0.00,73,23.29,72,23.29,86,23.29,100,43.2
15.3,32.8,0.00,0.00,76,23.29,75,23.29,71,23.29,100,43.2
15.3,32.8,0.00,0.00,71,23.29,72,23.29,75,23.29,100,43.2
16.4,32.8,0.00,0.00,73,23.29,74,23.29,85,23.29,100,43.2
18.1,32.8,0.00,0.00,76,23.29,70,23.29,82,23.29,100,43.2
13.7,32.8,0.00,0.00,79,23.29,73,23.29,85,23.29,100,43.2
13.2,32.8,0.00,0.00,72,23.29,77,23.29,91,23.29,100,43.2
15.0,32.8,0.00,0.00,65,23.29,81,23.29,83,23.29,100,43.2
15.6,32.8,0.00,0.00,64,23.29,82,23.29,83,23.29,100,43.2
15.0,32.8,0.00,0.00,70,23.29,81,23.29,83,23.29,100,43.2
15.3,32.8,0.00,0.00,68,23.29,81,23.29,87,23.29,100,43.2
15.0,32.8,0.00,0.00,61,23.29,80,23.29,84,23.29,100,43.2
12.9,32.8,0.00,0.00,61,23.29,84,23.29,86,23.29,100,43.2
14.4,32.8,0.00,0.00,64,23.29,76,23.29,88,23.29,100,43.2
12.3,32.8,0.00,0.00,58,23.29,88,23.29,88,23.29,100,43.2
16.4,32.8,0.00,0.00,65,23.29,88,23.29,85,23.29,100,43.2
16.3,32.8,0.00,0.00,64,23.29,87,23.29,88,23.29,100,43.2
15.5,32.8,0.00,0.00,64,23.29,84,23.29,86,23.29,100,43.2
15.5,32.8,0.00,0.00,62,23.29,86,23.29,89,23.29,100,43.2
17.6,32.8,0.00,0.00,55,23.29,88,23.29,90,23.29,100,43.2
12.4,32.8,0.00,0.00,54,23.29,89,23.29,88,23.29,100,43.2
30.6,32.8,0.00,0.00,56,23.29,0,23.29,0,23.29,94,43.2
13.2,28.4,0.00,0.00,0,23.29,0,23.29,0,23.29,100,43.2
18.3,28.8,0.00,0.00,0,23.29,0,23.29,0,23.29,100,43.2
10.6,29.6,0.00,0.00,0,23.29,0,23.29,0,23.29,100,43.2
11.7,30.1,0.00,0.00,0,23.29,0,23.29,0,23.29,96,43.2
12.1,30.9,0.00,0.00,0,23.29,0,23.29,0,23.29,100,43.2
15.8,31.4,0.00,0.00,0,23.29,0,23.29,0,23.29,98,43.2
11.7,32.1,0.00,0.00,0,23.29,0,23.29,0,23.29,100,43.2
12.5,32.6,0.00,0.00,0,23.29,0,23.29,69,23.29,100,43.2
15.9,32.8,0.00,0.00,68,23.29,75,23.29,79,23.29,100,43.2
17.8,32.8,0.00,0.00,74,23.29,76,23.29,83,23.29,100,43.2
16.3,32.8,0.00,0.00,72,23.29,73,23.29,85,23.29,100,43.2
14.1,32.8,0.00,0.00,65,23.29,78,23.29,89,23.29,100,43.2
12.6,32.8,0.00,0.00,69,23.29,79,23.29,85,23.29,100,43.2
13.1,32.8,0.00,0.00,55,23.29,85,23.29,90,23.29,100,43.2
13.8,32.8,0.00,0.00,58,23.29,81,23.29,88,23.29,100,43.2
18.2,32.8,0.00,0.00,62,23.29,84,23.29,85,23.29,100,43.2
18.5,32.8,0.00,0.00,62,23.29,83,23.29,75,23.29,100,43.2
21.6,32.8,0.00,0.00,66,23.29,67,23.29,74,23.29,100,43.2
19.5,32.8,0.00,0.00,72,23.29,67,23.29,74,23.29,100,43.2
12.1,32.8,0.00,0.00,59,23.29,77,23.29,84,23.29,100,43.2
16.7,32.8,0.00,0.00,65,23.29,79,23.29,80,23.29,85,43.22
12.9,31.4,0.00,0.00,70,23.29,76,23.29,77,23.29,92,43.22
12.1,31.5,0.00,0.00,71,23.29,82,23.29,75,23.29,92,43.22
18.5,31.8,0.00,0.00,73,23.29,73,23.29,72,23.29,88,43.22
14.5,31.9,0.00,0.00,75,23.29,78,23.29,78,23.29,93,43.22
23.1,32.1,0.00,0.00,56,23.29,85,23.29,91,23.29,80,43.22
77.8,32.3,0.00,0.00,56,23.29,85,23.29,86,23.29,84,43.22
13.8,32.5,0.00,0.00,61,23.29,82,23.29,85,23.29,93,43.22
16.4,32.7,0.00,0.00,69,23.29,80,23.29,83,23.29,94,43.22
14.1,32.8,0.00,0.00,59,23.29,87,23.29,91,23.29,100,43.22
17.4,32.8,0.00,0.00,57,23.29,84,23.29,85,23.29,100,43.22
17.2,32.8,0.00,0.00,64,23.29,82,23.29,88,23.29,100,43.22
14.8,32.8,0.00,0.00,64,23.29,82,23.29,83,23.29,100,43.22
14.2,32.8,0.00,0.00,70,23.29,82,23.29,83,23.29,100,43.22
17.8,32.8,0.00,0.00,69,23.29,71,23.29,87,23.29,100,43.22
10.9,32.8,0.00,0.00,70,23.29,78,23.29,84,23.29,100,43.22
11.3,27.8,0.00,0.00,11,23.29,0,23.29,0,23.29,96,43.22
10.6,28.5,0.00,0.00,0,23.29,0,23.29,0,23.29,96,43.22
13.1,29.1,0.00,0.00,0,23.29,0,23.29,0,23.29,97,43.22
11.4,29.7,0.00,0.00,0,23.29,0,23.29,0,23.29,99,43.22
12.1,30.2,0.00,0.00,0,23.29,0,23.29,0,23.29,98,43.22
12.2,31.0,0.00,0.00,0,23.29,0,23.29,0,23.29,100,43.22
12.8,31.4,0.00,0.00,0,23.29,0,23.29,0,23.29,95,43.22
11.1,32.2,0.00,0.00,0,23.29,0,23.29,0,23.29,99,43.22
16.3,32.7,0.00,0.00,0,23.29,0,23.29,89,23.29,100,43.22
12.6,32.8,0.00,0.00,83,23.29,67,23.29,83,23.29,100,43.22
13.1,32.9,0.00,0.00,70,23.29,78,23.29,77,23.29,100,43.22
16.1,32.8,0.00,0.00,73,23.29,76,23.29,75,23.29,100,43.22
14.4,32.8,0.00,0.00,70,23.29,77,23.29,79,23.29,100,43.22
16.2,32.8,0.00,0.00,65,23.29,81,23.29,81,23.29,100,43.22
13.4,32.8,0.00,0.00,69,23.29,73,23.29,80,23.29,100,43.22
14.9,32.8,0.00,0.00,68,23.29,79,23.29,84,23.29,100,43.22
14.0,32.8,0.00,0.00,66,23.29,84,23.29,90,23.29,100,43.22
13.6,32.8,0.00,0.00,58,23.29,86,23.29,90,23.29,100,43.22
14.4,32.8,0.00,0.00,54,23.29,78,23.29,84,23.29,100,43.22
16.3,32.8,0.00,0.00,70,23.29,73,23.29,80,23.29,100,43.22
17.1,32.8,0.00,0.00,72,23.29,81,23.29,87,23.29,100,43.22
16.4,32.8,0.00,0.00,67,23.29,75,23.29,86,23.29,100,43.22
12.3,32.8,0.00,0.00,70,23.29,78,23.29,88,23.29,100,43.22
15.9,32.8,0.00,0.00,55,23.29,88,23.29,91,23.29,100,43.22
14.9,32.8,0.00,0.00,53,23.29,83,23.29,83,23.29,100,43.22
14.4,32.8,0.00,0.00,62,23.29,81,23.29,87,23.29,100,43.22
17.0,32.8,0.00,0.00,65,23.29,78,23.29,83,23.29,100,43.22
16.1,32.8,0.00,0.00,77,23.29,76,23.29,84,23.29,100,43.22
12.5,32.8,0.00,0.00,75,23.29,77,23.29,79,23.29,100,43.22
16.6,32.8,0.00,0.00,73,23.29,79,23.29,84,23.29,100,43.22
15.0,32.8,0.00,0.00,69,23.29,78,23.29,83,23.29,100,43.22
13.5,32.8,0.00,0.00,67,23.29,85,23.29,87,23.29,100,43.22
15.6,32.8,0.00,0.00,64,23.29,88,23.29,89,23.29,100,43.22
16.8,32.8,0.00,0.00,73,23.29,76,23.29,83,23.29,100,43.22
19.9,32.8,0.00,0.00,70,23.29,73,23.29,85,23.29,100,43.22
10.6,32.8,0.00,0.00,75,23.29,77,23.29,86,23.29,100,43.22
12.7,27.7,0.00,0.00,51,2.67,18,2.67,4,2.67,100,43.22
7.1,18.1,0.00,0.00,3,2.67,4,2.67,0,2.67,100,43.22
5.8,18.1,0.00,0.00,0,2.67,0,2.67,0,2.67,100,43.22
5.4,18.1,0.00,0.00,0,2.67,0,2.67,0,2.67,100,43.22
4.8,18.0,0.00,0.00,0,2.67,0,2.67,0,2.67,100,43.22
100.0,18.4,0.00,0.00,0,2.67,0,2.67,0,2.67,100,43.22
78.9,18.9,0.00,0.00,0,2.67,0,2.67,0,2.67,99,43.22
90.0,19.6,0.00,0.00,0,2.67,0,2.67,0,2.67,100,43.22
82.3,20.1,0.00,0.00,0,2.67,0,2.67,0,4.32,100,43.22
12.1,21.8,0.00,0.00,1,6.1,3,7.9,4,11.54,100,43.22
10.6,25.8,0.00,0.00,4,12.76,4,10.54,0,11.54,98,43.22
11.0,26.4,0.00,0.00,0,12.76,0,10.54,0,11.54,99,43.22
11.1,27.0,0.00,0.00,0,12.76,0,10.54,0,11.54,96,43.22
11.5,27.6,0.00,0.00,0,12.76,0,10.54,0,11.54,99,43.22
21.7,28.2,0.00,0.00,0,12.76,0,10.54,0,11.54,100,43.22
11.9,28.8,0.00,0.00,0,12.76,0,10.54,0,11.54,99,43.22
12.0,29.4,0.00,0.00,0,12.76,0,10.54,0,11.54,100,43.22
12.5,30.1,0.00,0.00,0,12.76,0,10.54,0,11.54,99,43.22
30.0,31.5,0.00,0.00,0,26.53,0,18.43,2,17.01,100,43.22
12.9,33.1,0.00,0.00,80,28.85,58,18.82,87,17.01,100,43.22
16.8,33.1,0.00,0.00,81,28.85,42,18.82,84,17.01,100,43.22
14.0,33.1,0.00,0.00,85,28.85,46,18.82,89,17.01,100,43.22
14.6,33.1,0.00,0.00,80,28.85,46,18.82,88,17.01,100,43.22
13.1,33.1,0.00,0.00,81,28.85,50,18.82,87,17.01,100,43.22
14.9,33.1,0.00,0.00,80,28.85,60,18.82,86,17.01,100,43.22
14.0,33.1,0.00,0.00,80,28.85,56,18.82,85,17.01,100,43.22
13.8,33.1,0.00,0.00,82,28.85,61,18.82,89,17.01,100,43.22
16.1,33.1,0.00,0.00,83,28.85,62,18.82,87,17.01,100,43.22
16.1,33.1,0.00,0.00,81,28.85,60,18.82,89,17.01,100,43.22
13.6,33.1,0.00,0.00,80,28.85,59,18.82,90,17.01,100,43.22
15.1,33.1,0.00,0.00,80,28.85,64,18.82,89,17.01,100,43.22
14.9,33.1,0.00,0.00,79,28.85,63,18.82,91,17.01,100,43.22
13.3,33.1,0.00,0.00,83,28.85,60,18.82,88,17.01,100,43.22
14.2,33.1,0.00,0.00,80,28.85,53,18.82,88,17.01,100,43.22
14.8,33.1,0.00,0.00,80,28.85,63,18.82,91,17.01,100,43.22
15.2,33.1,0.00,0.00,81,28.85,62,18.82,86,17.01,100,43.22
12.9,33.1,0.00,0.00,81,28.85,60,18.82,88,17.01,100,43.22
15.2,33.1,0.00,0.00,83,28.85,57,18.82,86,17.01,100,43.22
14.1,33.1,0.00,0.00,80,28.85,64,18.82,88,17.01,100,43.22
13.5,33.1,0.00,0.00,79,28.85,61,18.82,87,17.01,100,43.22
15.0,33.1,0.00,0.00,81,28.85,65,18.82,89,17.01,100,43.22
15.1,33.1,0.00,0.00,79,28.85,65,18.82,87,17.01,100,43.22
15.1,33.1,0.00,0.00,84,28.85,62,18.82,88,17.01,100,43.22
13.2,33.1,0.00,0.00,84,28.85,64,18.82,90,17.01,100,43.22
15.6,33.1,0.00,0.00,79,28.85,61,18.82,86,17.01,100,43.22
13.4,33.1,0.00,0.00,82,28.85,60,18.82,88,17.01,100,43.22
18.6,33.2,0.00,0.00,84,28.85,56,18.82,91,17.01,100,43.22
18.8,33.2,0.00,0.00,82,28.85,58,18.82,90,17.01,100,43.22
18.4,33.1,0.00,0.00,80,28.85,56,18.82,89,17.01,100,43.22
19.5,33.1,0.00,0.00,81,28.85,56,18.82,89,17.01,100,43.22
13.4,33.1,0.00,0.00,85,28.85,61,18.82,88,17.01,100,43.22
15.0,33.1,0.00,0.00,84,28.85,60,18.82,88,17.01,100,43.22
13.2,33.1,0.00,0.00,84,28.85,54,18.82,90,17.01,100,43.22
15.6,33.1,0.00,0.00,82,28.85,58,18.82,89,17.01,100,43.22
16.9,33.1,0.00,0.00,82,28.85,64,18.82,88,17.01,100,43.22
12.7,33.1,0.00,0.00,83,28.85,64,18.82,91,17.01,100,43.22
14.3,33.1,0.00,0.00,84,28.85,50,18.82,90,17.01,100,43.22
14.6,33.1,0.00,0.00,84,28.85,65,18.82,92,17.01,100,43.22
13.7,33.1,0.00,0.00,85,28.85,61,18.82,92,17.01,100,43.22
13.1,33.1,0.00,0.00,82,28.85,65,18.82,92,17.01,100,43.22
15.0,33.1,0.00,0.00,81,28.85,56,18.82,90,17.01,100,43.22
15.4,33.1,0.00,0.00,83,28.85,62,18.82,90,17.01,100,43.22
15.0,33.1,0.00,0.00,85,28.85,54,18.82,92,17.01,100,43.22
12.9,33.1,0.00,0.00,85,28.85,65,18.82,91,17.01,100,43.22
16.0,33.1,0.00,0.00,85,28.85,57,18.82,91,17.01,100,43.22
15.7,33.1,0.00,0.00,82,28.85,64,18.82,91,17.01,100,43.22
14.2,33.1,0.00,0.00,79,28.85,66,18.82,90,17.01,100,43.22
13.3,33.1,0.00,0.00,85,28.85,64,18.82,90,17.01,100,43.22
16.7,33.1,0.00,0.00,84,28.85,62,18.82,89,17.01,100,43.22
13.7,33.1,0.00,0.00,83,28.85,64,18.82,89,17.01,100,43.22
13.4,33.1,0.00,0.00,83,28.85,61,18.82,88,17.01,100,43.22
16.0,33.1,0.00,0.00,80,28.85,62,18.82,89,17.01,100,43.22
13.5,33.1,0.00,0.00,82,28.85,67,18.82,89,17.01,100,43.22
14.8,33.1,0.00,0.00,83,28.85,52,18.82,89,17.01,100,43.22
13.2,33.1,0.00,0.00,80,28.85,65,18.82,89,17.01,100,43.22
15.7,33.1,0.00,0.00,80,28.85,50,18.82,89,17.01,100,43.22
13.7,33.1,0.00,0.00,80,28.85,62,18.82,88,17.01,100,43.22
14.8,33.1,0.00,0.00,82,28.85,63,18.82,90,17.01,100,43.22
15.7,33.1,0.00,0.00,82,28.85,61,18.82,90,17.01,100,43.22
14.0,33.1,0.00,0.00,82,28.85,71,18.82,90,17.01,100,43.22
13.6,33.1,0.00,0.00,80,28.85,71,18.82,88,17.01,100,43.22
14.4,33.1,0.00,0.00,81,28.85,71,18.82,90,17.01,100,43.22
14.0,33.1,0.00,0.00,82,28.85,71,18.82,93,17.01,100,43.22
13.1,33.1,0.00,0.00,82,28.85,71,18.82,90,17.01,100,43.22
13.6,33.1,0.00,0.00,83,28.85,71,18.82,94,17.01,100,43.22
15.7,33.1,0.00,0.00,83,28.85,54,18.82,90,17.01,100,43.22
13.1,33.1,0.00,0.00,83,28.85,51,18.82,93,17.01,100,43.22
14.4,33.1,0.00,0.00,83,28.85,51,18.82,92,17.01,100,43.22
15.7,33.1,0.00,0.00,80,28.85,62,18.82,90,17.01,100,43.22
14.7,33.1,0.00,0.00,86,28.85,59,18.82,92,17.01,100,43.22
12.9,33.1,0.00,0.00,86,28.85,63,18.82,86,17.01,100,43.22
14.3,33.1,0.00,0.00,71,28.85,66,18.82,91,17.01,100,43.22
14.6,33.1,0.00,0.00,82,28.85,64,18.82,92,17.01,100,43.22
13.7,33.1,0.00,0.00,84,28.85,69,18.82,91,17.01,100,43.22
12.8,33.1,0.00,0.00,85,28.85,65,18.82,91,17.01,100,43.22
16.9,33.1,0.00,0.00,77,28.85,66,18.82,90,17.01,100,43.22
14.0,33.1,0.00,0.00,82,28.85,69,18.82,84,17.01,100,43.22
14.0,33.1,0.00,0.00,74,28.85,67,18.82,85,17.01,100,43.22
13.8,33.0,0.00,0.00,82,28.85,68,18.82,81,17.01,100,43.22
15.9,33.0,0.00,0.00,82,28.85,61,18.82,87,17.01,100,43.22
13.8,33.0,0.00,0.00,84,28.85,63,18.82,87,17.01,100,43.22
18.0,33.0,0.00,0.00,81,28.85,64,18.82,90,17.04,100,43.22
19.8,33.0,0.00,0.00,83,28.85,69,18.82,0,17.04,100,43.22
12.9,31.7,0.00,0.00,77,28.85,58,18.82,0,17.04,100,43.22
14.8,31.8,0.00,0.00,76,28.85,66,18.82,0,17.04,99,43.22
12.9,32.1,0.00,0.00,82,28.85,57,18.82,0,17.04,100,43.22
13.1,32.2,0.00,0.00,80,28.85,62,18.82,0,17.04,100,43.22
13.4,32.5,0.00,0.00,78,28.85,54,18.82,0,17.04,100,43.22
13.4,32.7,0.00,0.00,77,28.85,50,18.82,0,17.04,100,43.22
12.5,32.9,0.00,0.00,78,28.85,60,18.82,0,17.04,100,43.22
18.8,33.1,0.00,0.00,85,28.85,42,18.89,88,17.04,100,43.22
14.2,31.7,0.00,0.00,79,28.85,0,18.89,86,17.04,100,43.22
13.8,31.8,0.00,0.00,84,28.85,0,18.89,88,17.04,100,43.22
13.9,32.1,0.00,0.00,86,28.85,0,18.89,87,17.04,100,43.22
12.5,32.2,0.00,0.00,81,28.85,0,18.89,88,17.04,100,43.49
19.4,32.5,0.00,0.00,79,28.85,0,18.89,90,17.04,93,43.49
15.6,31.2,0.00,0.00,78,28.85,0,18.89,87,17.04,84,43.49
13.1,31.6,0.00,0.00,84,28.85,0,18.89,84,17.04,83,43.49
13.2,32.0,0.00,0.00,82,28.85,0,18.89,90,17.04,92,43.49
15.0,32.3,0.00,0.00,79,28.85,47,18.89,87,17.04,92,43.49
12.6,32.5,0.00,0.00,83,28.85,59,18.89,92,17.04,59,43.49
14.8,31.1,0.00,0.00,81,28.85,59,18.89,85,17.04,0,43.49
14.6,31.5,0.00,0.00,76,28.85,47,18.89,87,17.04,0,43.49
13.1,31.9,0.00,0.00,81,28.85,55,18.89,81,17.04,74,43.49
14.5,32.2,0.00,0.00,76,28.85,67,18.89,89,17.04,85,43.49
14.9,32.5,0.00,0.00,86,28.85,66,18.89,82,17.04,84,43.49
15.7,32.6,0.00,0.00,77,28.85,49,18.89,88,17.04,93,43.49
13.5,32.9,0.00,0.00,84,28.85,60,18.89,84,17.04,92,43.49
25.8,33.1,0.00,0.00,80,28.85,57,18.89,83,17.04,94,43.49
15.7,33.2,0.00,0.00,76,28.85,51,18.89,92,17.04,100,43.49
14.2,33.2,0.00,0.00,77,28.85,61,18.89,92,17.04,100,43.49
14.6,33.2,0.00,0.00,85,28.85,60,18.89,91,17.04,100,43.49
14.3,33.2,0.00,0.00,86,28.85,67,18.89,90,17.04,100,43.49
13.8,33.2,0.00,0.00,83,28.85,65,18.89,90,17.04,100,43.49
16.3,33.2,0.00,0.00,82,28.85,53,18.89,90,17.04,100,43.49
13.1,33.2,0.00,0.00,84,28.85,60,18.89,89,17.04,100,43.49
14.8,33.2,0.00,0.00,84,28.85,59,18.89,87,17.04,100,43.49
15.0,33.2,0.00,0.00,86,28.85,64,18.89,79,17.04,100,43.49
12.7,33.2,0.00,0.00,79,28.85,62,18.89,92,17.04,100,43.49
14.1,33.2,0.00,0.00,86,28.85,64,18.89,90,17.04,100,43.49
17.3,33.2,0.00,0.00,86,28.85,65,18.89,91,17.04,100,43.49
14.0,33.2,0.00,0.00,82,28.85,55,18.89,91,17.04,100,43.49
14.6,33.2,0.00,0.00,81,28.85,64,18.89,92,17.04,100,43.49
13.7,33.2,0.00,0.00,83,28.85,62,18.89,92,17.04,100,43.49
14.9,33.2,0.00,0.00,85,28.85,53,18.89,92,17.04,100,43.49
14.2,33.2,0.00,0.00,86,28.85,54,18.89,93,17.04,100,43.49
12.9,33.2,0.00,0.00,84,28.85,53,18.89,91,17.04,100,43.49
14.8,33.2,0.00,0.00,83,28.85,70,18.89,92,17.04,100,43.49
19.5,33.2,0.00,0.00,83,28.85,66,18.89,90,17.04,100,43.49
18.2,33.2,0.00,0.00,82,28.85,59,18.89,89,17.04,100,43.49
18.7,33.2,0.00,0.00,75,28.85,55,18.89,90,17.04,100,43.49
17.6,33.2,0.00,0.00,85,28.85,61,18.89,90,17.04,100,43.49
15.9,33.2,0.00,0.00,86,28.85,66,18.89,90,17.04,100,43.49
14.4,33.2,0.00,0.00,87,28.85,68,18.89,91,17.04,100,43.49
14.8,33.2,0.00,0.00,86,28.85,70,18.89,93,17.04,100,43.49
15.6,33.2,0.00,0.00,84,28.85,70,18.89,94,17.04,100,43.49
15.9,33.2,0.00,0.00,84,28.85,66,18.89,91,17.04,100,43.49
14.2,33.2,0.00,0.00,85,28.85,66,18.89,89,17.04,100,43.49
14.6,33.2,0.00,0.00,85,28.85,67,18.89,90,17.04,100,43.49
13.7,33.2,0.00,0.00,82,28.85,68,18.89,89,17.04,100,43.49
15.6,33.2,0.00,0.00,85,28.85,69,18.89,91,17.04,100,43.49
16.2,33.2,0.00,0.00,83,28.85,68,18.89,92,17.04,100,43.49
14.7,33.2,0.00,0.00,80,28.85,70,18.89,87,17.04,100,43.49
14.4,33.2,0.00,0.00,89,28.85,70,18.89,89,17.04,100,43.49
14.2,33.2,0.00,0.00,87,28.85,68,18.89,92,17.04,100,43.49
14.4,33.2,0.00,0.00,84,28.85,68,18.89,92,17.04,100,43.49
16.6,33.2,0.00,0.00,82,28.85,65,18.89,92,17.04,100,43.49
13.4,33.2,0.00,0.00,86,28.85,67,18.89,92,17.04,100,43.49
13.1,33.2,0.00,0.00,83,28.85,61,18.89,91,17.04,100,43.49
15.2,33.2,0.00,0.00,82,28.85,67,18.89,90,17.04,100,43.49
15.8,33.2,0.00,0.00,84,28.85,65,18.89,90,17.04,100,43.49
15.7,33.2,0.00,0.00,85,28.85,62,18.89,91,17.04,100,43.49
15.7,33.2,0.00,0.00,87,28.85,58,18.89,91,17.04,100,43.49
15.4,33.2,0.00,0.00,84,28.85,63,18.89,88,17.04,100,43.49
14.2,33.2,0.00,0.00,82,28.85,61,18.89,92,17.04,100,43.49
14.8,33.2,0.00,0.00,84,28.85,62,18.89,91,17.04,100,43.49
13.9,33.2,0.00,0.00,83,28.85,59,18.89,90,17.04,100,43.49
14.2,33.2,0.00,0.00,83,28.85,62,18.89,88,17.04,100,43.49
13.5,33.2,0.00,0.00,86,28.85,63,18.89,93,17.04,100,43.49
14.6,33.2,0.00,0.00,81,28.85,67,18.89,94,17.04,100,43.49
16.2,33.2,0.00,0.00,82,28.85,70,18.89,93,17.04,100,43.49
15.5,33.2,0.00,0.00,83,28.85,66,18.89,92,17.04,100,43.49
15.8,33.2,0.00,0.00,86,28.85,66,18.89,92,17.04,100,43.49
12.9,33.2,0.00,0.00,83,28.85,71,18.89,91,17.04,100,43.49
15.0,33.2,0.00,0.00,84,28.85,68,18.89,94,17.04,100,43.49
15.9,33.2,0.00,0.00,85,28.85,62,18.89,94,17.04,100,43.49
13.6,33.2,0.00,0.00,84,28.85,69,18.89,93,17.04,100,43.49
15.2,33.2,0.00,0.00,86,28.85,67,18.89,89,17.04,100,43.49
13.5,33.2,0.00,0.00,86,28.85,66,18.89,90,17.04,100,43.49
13.4,33.2,0.00,0.00,85,28.85,70,18.89,91,17.04,100,43.49
14.6,33.2,0.00,0.00,86,28.85,59,18.89,93,17.04,100,43.49
14.4,33.2,0.00,0.00,87,28.85,59,18.89,92,17.04,100,43.49
16.6,33.2,0.00,0.00,87,28.85,58,18.89,93,17.04,100,43.49
12.7,33.2,0.00,0.00,87,28.85,58,18.89,92,17.04,100,43.49
13.1,33.2,0.00,0.00,83,28.85,63,18.89,94,17.04,100,43.49
13.5,33.2,0.00,0.00,85,29.12,63,18.89,91,17.04,100,43.49
92.9,31.7,0.00,0.00,2,29.12,59,18.89,14,17.04,100,43.49
45.9,30.4,0.00,0.00,0,29.12,61,18.89,0,17.04,100,43.49
42.6,30.8,0.00,0.00,0,29.12,64,18.89,0,17.04,100,43.49
89.3,31.2,0.00,0.00,0,29.12,57,18.89,0,17.04,100,43.49
28.2,31.6,0.00,0.00,0,29.12,63,18.89,0,17.04,100,43.49
38.2,32.0,0.00,0.00,0,29.12,58,18.89,0,17.04,100,43.49
55.1,32.4,0.00,0.00,0,29.12,64,18.89,0,17.04,100,43.49
57.1,32.8,0.00,0.00,0,29.12,65,18.89,0,17.04,100,43.49
14.3,33.2,0.00,0.00,37,29.12,49,18.89,0,17.04,100,43.49
13.2,33.3,0.00,0.00,84,29.12,57,18.89,82,17.04,100,43.49
14.0,33.3,0.00,0.00,77,29.12,59,18.89,93,17.04,100,43.49
15.0,33.3,0.00,0.00,81,29.12,49,18.89,91,17.04,100,43.49
15.2,33.3,0.00,0.00,83,29.12,62,18.89,90,17.04,100,43.49
15.0,33.3,0.00,0.00,82,29.12,67,18.89,87,17.04,100,43.49
13.5,33.3,0.00,0.00,85,29.12,69,18.89,90,17.04,100,43.49
14.2,31.6,0.00,0.00,81,29.12,0,18.89,83,17.04,100,43.49
12.1,31.9,0.00,0.00,81,29.12,0,18.89,84,17.04,100,43.49
12.9,32.1,0.00,0.00,81,29.12,0,18.89,87,17.04,100,43.49
14.8,32.3,0.00,0.00,83,29.12,0,18.89,90,17.04,99,43.49
13.3,32.5,0.00,0.00,79,29.12,0,18.89,84,17.04,100,43.49
12.1,32.7,0.00,0.00,81,29.12,0,18.89,86,17.04,100,43.49
12.3,32.9,0.00,0.00,83,29.12,0,18.89,86,17.04,100,43.49
12.9,33.1,0.00,0.00,75,29.12,0,18.89,89,17.04,100,43.49
16.7,33.3,0.00,0.00,86,29.12,11,18.89,92,17.04,100,43.49
16.4,33.3,0.00,0.00,79,29.12,64,18.89,90,17.04,100,43.49
13.2,33.3,0.00,0.00,86,29.12,63,18.89,89,17.04,100,43.49
15.1,33.3,0.00,0.00,83,29.12,62,18.89,93,17.04,100,43.49
14.7,33.2,0.00,0.00,85,29.12,69,18.89,91,17.04,100,43.49
16.5,33.2,0.00,0.00,87,29.12,64,18.89,93,17.04,100,43.49
14.2,33.2,0.00,0.00,86,29.12,65,18.89,92,17.04,100,43.49
15.8,33.2,0.00,0.00,85,29.12,69,18.89,93,17.04,100,43.49
13.5,33.2,0.00,0.00,80,29.12,65,18.89,90,17.04,100,43.49
13.3,33.2,0.00,0.00,84,29.12,62,18.89,92,17.04,100,43.49
14.8,33.2,0.00,0.00,84,29.12,62,18.89,93,17.04,100,43.49
15.1,33.2,0.00,0.00,86,29.12,65,18.89,93,17.04,100,43.49
15.6,33.2,0.00,0.00,87,29.12,60,18.89,92,17.04,100,43.49
13.2,33.2,0.00,0.00,86,29.12,62,18.89,91,17.04,100,43.49
14.3,33.2,0.00,0.00,82,29.12,60,18.89,92,17.04,100,43.49
15.0,33.2,0.00,0.00,85,29.12,63,18.89,91,17.04,100,43.49
15.0,33.2,0.00,0.00,84,29.12,63,18.89,91,17.04,100,43.49
14.6,33.2,0.00,0.00,86,29.12,67,18.89,92,17.04,100,43.49
15.8,33.2,0.00,0.00,86,29.12,68,18.89,92,17.04,100,43.49
14.6,33.2,0.00,0.00,87,29.12,69,18.89,94,17.04,100,43.49
13.8,33.2,0.00,0.00,83,29.12,64,18.89,94,17.04,100,43.49
13.3,33.2,0.00,0.00,84,29.12,63,18.89,93,17.04,100,43.49
14.4,33.2,0.00,0.00,86,29.12,62,18.89,89,17.04,100,43.49
15.9,33.2,0.00,0.00,85,29.12,61,18.89,91,17.04,100,43.49
16.8,33.2,0.00,0.00,85,29.12,67,18.89,90,17.04,100,43.49
15.7,33.2,0.00,0.00,85,29.12,67,18.89,85,17.04,100,43.49
16.8,33.2,0.00,0.00,78,29.12,66,18.89,92,17.04,100,43.49
13.3,33.2,0.00,0.00,85,29.12,66,18.89,93,17.04,100,43.49
14.7,33.2,0.00,0.00,84,29.12,61,18.89,94,17.04,100,43.49
12.7,33.2,0.00,0.00,81,29.12,56,18.89,91,17.04,100,43.49
16.2,33.2,0.00,0.00,84,29.12,54,18.89,94,17.04,100,43.49
18.2,33.3,0.00,0.00,85,29.12,61,18.89,88,17.04,100,43.49
17.7,33.3,0.00,0.00,83,29.12,61,18.89,89,17.04,100,43.49
18.4,33.3,0.00,0.00,80,29.12,66,18.89,90,17.04,100,43.49
18.3,33.3,0.00,0.00,84,29.12,60,18.89,90,17.04,100,43.49
14.4,33.2,0.00,0.00,86,29.12,53,18.89,86,17.04,100,43.49
17.7,33.2,0.00,0.00,84,29.12,62,18.89,93,17.04,100,43.49
14.6,33.2,0.00,0.00,85,29.12,68,18.89,88,17.04,100,43.49
14.2,33.2,0.00,0.00,86,29.12,69,18.89,91,17.04,100,43.49
12.9,33.2,0.00,0.00,85,29.12,63,18.89,90,17.04,100,43.49
14.7,33.2,0.00,0.00,83,29.12,67,18.89,92,17.04,100,43.49
16.2,33.2,0.00,0.00,79,29.12,71,18.89,92,17.04,100,43.49
14.2,33.2,0.00,0.00,84,29.12,66,18.89,93,17.04,100,43.49
14.3,33.2,0.00,0.00,86,29.12,62,18.89,90,17.04,100,43.49
15.0,33.2,0.00,0.00,78,29.12,61,18.89,89,17.04,100,43.49
14.6,33.2,0.00,0.00,85,29.12,68,18.89,89,17.04,100,43.49
14.6,33.2,0.00,0.00,87,29.12,69,18.89,90,17.04,100,43.49
13.4,33.2,0.00,0.00,87,29.12,53,18.89,84,17.04,100,43.49
16.5,33.2,0.00,0.00,74,29.12,60,18.89,89,17.04,100,43.49
16.8,33.2,0.00,0.00,85,29.12,62,18.89,93,17.04,100,43.49
13.8,33.2,0.00,0.00,88,29.12,62,18.89,92,17.04,100,43.49
12.5,33.2,0.00,0.00,87,29.12,63,18.89,91,17.04,100,43.49
14.4,33.2,0.00,0.00,85,29.12,72,18.89,86,17.04,100,43.49
15.1,33.3,0.00,0.00,87,29.12,69,18.89,88,17.04,100,43.49
15.3,33.3,0.00,0.00,88,29.12,67,18.89,91,17.04,100,43.49
14.2,33.2,0.00,0.00,84,29.12,70,18.89,94,17.04,100,43.49
15.9,33.2,0.00,0.00,84,29.12,64,18.89,91,17.04,100,43.49
13.0,33.3,0.00,0.00,82,29.12,64,18.89,89,17.04,100,43.49
14.5,33.2,0.00,0.00,86,29.12,70,18.89,92,17.04,100,43.49
14.6,33.3,0.00,0.00,80,29.12,69,18.89,89,17.04,100,43.49
17.6,33.3,0.00,0.00,83,29.12,71,18.89,90,17.04,100,43.49
13.6,33.3,0.00,0.00,84,29.12,64,18.89,90,17.04,100,43.49
14.9,33.3,0.00,0.00,84,29.12,62,18.89,90,17.04,100,43.49
13.3,33.3,0.00,0.00,81,29.12,71,18.89,90,17.04,100,43.49
15.0,33.3,0.00,0.00,84,29.12,69,18.89,91,17.04,100,43.49
15.8,33.3,0.00,0.00,86,29.12,74,18.89,93,17.04,100,43.49
14.2,33.3,0.00,0.00,88,29.12,68,18.89,92,17.04,100,43.49
15.7,33.3,0.00,0.00,85,29.12,71,18.89,91,17.04,100,43.49
14.4,33.3,0.00,0.00,78,29.12,72,18.89,92,17.04,100,43.49
13.4,33.3,0.00,0.00,84,29.12,72,18.89,91,17.04,100,43.49
15.4,33.3,0.00,0.00,85,29.12,61,18.89,90,17.04,100,43.49
15.2,33.3,0.00,0.00,83,29.12,67,18.89,0,17.04,100,43.49
13.7,31.8,0.00,0.00,82,29.12,58,18.89,0,17.04,100,43.49
12.6,32.0,0.00,0.00,86,29.12,56,18.89,0,17.04,100,43.49
13.5,32.2,0.00,0.00,73,29.12,65,18.89,0,17.04,100,43.49
14.2,32.4,0.00,0.00,88,29.12,63,18.89,0,17.04,100,43.49
13.1,32.6,0.00,0.00,84,29.12,62,18.89,0,17.04,100,43.49
12.7,32.8,0.00,0.00,81,29.12,63,18.89,0,17.04,100,43.49
11.5,33.1,0.00,0.00,86,29.12,51,18.89,0,17.04,100,43.49
15.4,33.2,0.00,0.00,81,29.12,55,18.89,0,17.04,100,43.49
19.5,33.3,0.00,0.00,85,29.12,62,18.89,87,17.04,81,43.49
13.6,31.9,0.00,0.00,83,29.12,61,18.89,87,17.04,83,43.49
14.4,32.0,0.00,0.00,82,29.12,63,18.89,87,17.04,83,43.49
14.0,32.3,0.00,0.00,81,29.12,58,18.89,87,17.04,89,43.49
14.6,32.4,0.00,0.00,73,29.12,64,18.89,82,17.04,80,43.49
13.3,32.7,0.00,0.00,80,29.12,67,18.89,93,17.04,83,43.49
13.2,32.8,0.00,0.00,81,29.12,62,18.89,79,17.04,89,43.49
13.1,33.1,0.00,0.00,68,29.12,52,18.89,82,17.04,94,43.49
13.7,33.2,0.00,0.00,78,29.12,50,18.89,89,17.04,97,43.49
15.1,33.3,0.00,0.00,87,29.12,64,18.89,91,17.04,100,43.49
19.4,33.3,0.00,0.00,87,29.12,39,18.89,93,17.04,100,43.49
13.8,31.8,0.00,0.00,81,29.12,0,18.89,87,17.04,100,43.49
12.3,32.0,0.00,0.00,86,29.12,0,18.89,91,17.04,100,43.49
13.7,32.2,0.00,0.00,86,29.12,0,18.89,93,17.04,100,43.49
11.7,32.4,0.00,0.00,85,29.12,0,18.89,85,17.04,97,43.49
12.9,32.7,0.00,0.00,80,29.12,0,18.89,89,17.04,100,43.49
24.0,32.8,0.00,0.00,79,29.12,0,18.89,91,17.04,100,43.49
13.5,33.1,0.00,0.00,79,29.12,0,18.89,91,17.04,100,43.49
20.2,33.3,0.00,0.00,80,29.12,0,18.89,91,17.04,100,43.49
14.4,33.3,0.00,0.00,87,29.12,58,18.89,92,17.04,100,43.49
13.8,33.3,0.00,0.00,87,29.12,68,18.89,92,17.04,100,43.49
13.9,33.3,0.00,0.00,87,29.12,62,18.89,91,17.04,100,43.49
13.5,33.3,0.00,0.00,89,29.12,50,18.89,93,17.04,100,43.49
13.6,33.3,0.00,0.00,85,29.12,51,18.89,93,17.04,100,43.49
13.6,33.3,0.00,0.00,85,29.12,66,18.89,91,17.04,100,43.49
15.8,33.3,0.00,0.00,83,29.12,65,18.89,92,17.04,100,43.49
14.9,33.3,0.00,0.00,84,29.12,66,18.89,91,17.04,100,43.49
15.0,33.3,0.00,0.00,86,29.12,65,18.89,90,17.04,100,43.49
14.6,33.3,0.00,0.00,84,29.12,52,18.89,92,17.04,100,43.49
13.6,33.3,0.00,0.00,83,29.12,69,18.89,91,17.04,100,43.49
15.4,33.2,0.00,0.00,84,29.12,65,18.89,91,17.04,100,43.49
14.4,33.3,0.00,0.00,84,29.12,66,18.89,91,17.04,100,43.49
14.6,33.3,0.00,0.00,85,29.12,64,18.89,94,17.04,100,43.49
13.8,33.3,0.00,0.00,87,29.12,65,18.89,92,17.04,100,43.49
15.8,33.2,0.00,0.00,85,29.12,61,18.89,94,17.04,100,43.49
13.7,33.3,0.00,0.00,82,29.12,57,18.89,94,17.04,100,43.49
14.2,33.3,0.00,0.00,79,29.12,65,18.89,92,17.04,100,43.49
13.7,33.3,0.00,0.00,87,29.12,65,18.89,91,17.04,100,43.49
14.0,33.3,0.00,0.00,87,29.12,65,18.89,92,17.04,100,43.49
14.6,33.3,0.00,0.00,82,29.12,66,18.89,94,17.04,100,43.49
16.7,33.3,0.00,0.00,84,29.12,65,18.89,94,17.04,100,43.49
16.4,33.3,0.00,0.00,83,29.12,58,18.89,94,17.04,100,43.49
13.8,33.3,0.00,0.00,87,29.12,60,18.89,91,17.04,100,43.49
14.4,33.3,0.00,0.00,87,29.12,60,18.89,91,17.04,100,43.49
12.7,33.3,0.00,0.00,88,29.12,54,18.89,94,17.04,100,43.49
16.1,33.3,0.00,0.00,85,29.12,64,18.89,92,17.04,100,43.49
13.4,33.3,0.00,0.00,85,29.12,65,18.89,88,17.04,100,43.49
16.2,33.3,0.00,0.00,86,29.12,68,18.89,90,17.04,100,43.49
14.6,33.3,0.00,0.00,86,29.12,67,18.89,93,17.04,100,43.49
16.3,33.3,0.00,0.00,88,29.12,68,18.89,91,17.04,100,43.49
14.4,33.3,0.00,0.00,85,29.12,70,18.89,92,17.04,100,43.49
14.0,33.2,0.00,0.00,84,29.12,65,18.89,93,17.04,100,43.49
14.2,33.3,0.00,0.00,84,29.12,65,18.89,93,17.04,100,43.49
17.1,33.3,0.00,0.00,85,29.12,66,18.89,93,17.04,100,43.49
18.2,33.3,0.00,0.00,84,29.12,57,18.89,90,17.04,100,43.49
18.0,33.3,0.00,0.00,84,29.12,57,18.89,88,17.04,100,43.49
17.6,33.3,0.00,0.00,81,29.12,55,18.89,90,17.04,100,43.49
14.0,33.3,0.00,0.00,83,29.12,59,18.89,89,17.04,100,43.49
13.5,33.3,0.00,0.00,88,29.12,63,18.89,93,17.04,100,43.49
14.0,33.3,0.00,0.00,87,29.12,58,18.89,93,17.04,100,43.49
15.3,33.3,0.00,0.00,86,29.12,60,18.89,91,17.04,100,43.49
15.4,33.3,0.00,0.00,83,29.12,61,18.89,89,17.04,100,43.49
14.1,33.3,0.00,0.00,86,29.12,53,18.89,93,17.04,100,43.49
14.6,33.3,0.00,0.00,87,29.12,53,18.89,94,17.04,100,43.49
17.2,33.3,0.00,0.00,87,29.12,63,18.89,93,17.04,100,43.49
14.2,33.3,0.00,0.00,85,29.12,65,18.89,94,17.04,100,43.49
13.6,33.3,0.00,0.00,85,29.12,69,18.89,93,17.04,100,43.49
13.2,33.3,0.00,0.00,87,29.12,64,18.89,92,17.04,100,43.49
16.4,33.3,0.00,0.00,84,29.12,67,18.89,92,17.04,100,43.49
13.7,33.3,0.00,0.00,86,29.12,59,18.89,91,17.04,100,43.49
14.8,33.3,0.00,0.00,81,29.12,69,18.89,91,17.04,100,43.49
17.9,33.3,0.00,0.00,85,29.12,66,18.89,92,17.04,100,43.49
14.4,33.3,0.00,0.00,88,29.12,66,18.89,91,17.04,100,43.49
13.8,33.3,0.00,0.00,88,29.12,59,18.89,94,17.04,100,43.49
13.3,33.2,0.00,0.00,87,29.12,67,18.89,93,17.04,100,43.49
15.9,33.3,0.00,0.00,86,29.12,66,18.89,92,17.04,100,43.49
13.9,33.3,0.00,0.00,85,29.12,64,18.89,92,17.04,100,43.49
15.0,33.3,0.00,0.00,85,29.12,75,18.89,93,17.04,100,43.49
13.7,33.3,0.00,0.00,88,29.12,60,18.89,93,17.04,100,43.49
17.3,33.3,0.00,0.00,88,29.12,65,18.89,90,17.04,100,43.49
14.2,33.3,0.00,0.00,88,29.12,68,18.89,90,17.04,100,43.49
14.0,33.3,0.00,0.00,84,29.12,74,18.89,89,17.04,100,43.49
13.8,33.3,0.00,0.00,85,29.12,75,18.89,90,17.04,100,43.49
85.9,31.7,0.00,0.00,32,29.12,66,18.89,89,17.04,100,43.49
30.1,31.9,0.00,0.00,0,29.12,48,18.89,93,17.04,100,43.49
72.1,32.1,0.00,0.00,0,29.12,68,18.89,47,17.04,100,43.49
12.1,30.9,0.00,0.00,0,29.12,69,18.89,0,17.04,100,43.49
12.7,31.3,0.00,0.00,0,29.12,55,18.89,0,17.04,100,43.49
12.1,31.7,0.00,0.00,0,29.12,60,18.89,0,17.04,100,43.49
13.0,32.1,0.00,0.00,0,29.12,60,18.89,0,17.04,100,43.49
14.2,32.5,0.00,0.00,0,29.12,46,18.89,0,17.04,100,43.49
14.8,32.8,0.00,0.00,39,29.12,60,18.89,0,17.04,100,43.49
13.3,33.1,0.00,0.00,79,29.12,51,18.89,0,17.04,100,43.49
13.9,33.2,0.00,0.00,78,29.12,67,18.89,26,17.04,100,43.49
16.3,33.3,0.00,0.00,80,29.12,65,18.89,90,17.04,100,43.49
13.3,33.3,0.00,0.00,84,29.12,67,18.89,91,17.04,100,43.49
14.8,33.3,0.00,0.00,85,29.12,58,18.89,93,17.04,100,43.49
13.7,33.3,0.00,0.00,85,29.12,58,18.89,89,17.04,100,43.49
17.2,33.3,0.00,0.00,86,29.12,66,18.89,88,17.04,100,43.49
15.4,33.3,0.00,0.00,85,29.12,54,18.89,92,17.04,100,43.49
16.1,33.3,0.00,0.00,82,29.12,66,18.89,91,17.04,100,43.49
13.2,33.3,0.00,0.00,83,29.12,67,18.89,90,17.04,100,43.49
14.4,33.3,0.00,0.00,83,29.12,64,18.89,91,17.04,100,43.49
13.2,33.3,0.00,0.00,82,29.12,66,18.89,90,17.04,100,43.49
16.0,33.3,0.00,0.00,86,29.12,64,18.89,91,17.04,100,43.49
15.4,33.3,0.00,0.00,85,29.12,61,18.89,90,17.04,100,43.49
15.8,33.3,0.00,0.00,83,29.12,69,18.89,90,17.04,100,43.49
13.6,33.3,0.00,0.00,82,29.12,72,18.89,91,17.04,100,43.49
14.2,33.3,0.00,0.00,84,29.12,69,18.89,91,17.04,100,43.49
15.9,33.3,0.00,0.00,86,29.12,61,18.89,89,17.04,100,43.49
20.3,33.3,0.00,0.00,85,29.12,44,18.11,90,17.04,100,43.49
11.7,28.3,0.00,0.00,81,29.12,3,2.67,90,17.04,100,43.49
10.8,28.3,0.00,0.00,83,29.12,0,2.67,90,17.04,100,43.49
12.5,28.3,0.00,0.00,82,29.12,0,2.67,92,17.04,100,43.49
10.6,28.2,0.00,0.00,85,29.12,0,2.67,91,17.04,100,43.49
12.5,28.2,0.00,0.00,86,29.12,0,2.67,90,17.04,100,43.49
10.6,28.2,0.00,0.00,85,29.12,0,2.67,91,17.04,100,43.49
11.7,28.2,0.00,0.00,82,29.12,0,2.67,91,17.04,100,43.49
10.6,28.2,0.00,0.00,81,29.12,0,2.67,91,17.04,100,43.49
9.6,28.2,0.00,0.00,83,29.12,0,2.67,89,17.04,100,43.49
10.4,28.2,0.00,0.00,86,29.12,0,2.67,91,17.04,100,43.49
11.4,28.2,0.00,0.00,84,29.12,0,2.67,91,17.04,100,43.49
11.1,28.2,0.00,0.00,84,29.12,0,2.67,91,17.04,100,43.49
12.1,28.2,0.00,0.00,86,29.12,0,2.67,90,17.04,100,43.49
10.8,28.2,0.00,0.00,86,29.12,0,2.67,90,17.04,100,43.49
13.1,28.2,0.00,0.00,84,29.12,0,2.67,90,17.04,100,43.49
10.9,28.2,0.00,0.00,84,29.12,0,2.67,92,17.04,100,43.49
11.1,28.2,0.00,0.00,86,29.12,0,2.67,94,17.04,100,43.49
11.5,28.2,0.00,0.00,85,29.12,0,2.67,92,17.04,100,43.49
10.6,28.2,0.00,0.00,83,29.12,0,2.67,90,17.04,100,43.49
11.0,28.2,0.00,0.00,83,29.12,0,2.67,93,17.04,100,43.49
10.6,28.2,0.00,0.00,84,29.12,0,2.67,93,17.04,100,43.49
9.8,28.2,0.00,0.00,85,29.12,0,2.67,91,17.04,100,43.49
12.6,28.2,0.00,0.00,88,29.12,0,2.67,94,17.04,100,43.49
10.8,28.2,0.00,0.00,84,29.12,0,2.67,89,17.04,100,43.49
10.7,28.2,0.00,0.00,86,29.12,0,2.67,94,17.04,100,43.49
11.9,28.2,0.00,0.00,84,29.12,0,2.67,91,17.04,100,43.49
11.3,28.2,0.00,0.00,87,29.12,0,2.67,91,17.04,100,43.49
13.2,28.2,0.00,0.00,88,29.12,0,2.67,94,17.04,100,43.49
11.0,28.2,0.00,0.00,86,29.12,0,2.67,90,17.04,100,43.49
10.9,28.2,0.00,0.00,84,29.12,0,2.67,93,17.04,100,43.49
11.6,28.2,0.00,0.00,85,29.12,0,2.67,93,17.04,100,43.49
12.2,28.2,0.00,0.00,88,29.12,0,2.67,91,17.04,100,43.49
12.1,28.2,0.00,0.00,88,29.12,0,2.67,92,17.04,100,43.49
11.8,28.2,0.00,0.00,88,29.12,0,2.67,94,17.04,100,43.49
12.5,28.2,0.00,0.00,87,29.12,0,2.67,95,17.04,100,43.49
11.7,28.2,0.00,0.00,87,29.12,0,2.67,94,17.04,100,43.49
10.0,28.2,0.00,0.00,86,29.12,0,2.67,95,17.04,100,43.49
10.6,28.2,0.00,0.00,86,29.12,0,2.67,92,17.04,100,43.49
10.0,28.2,0.00,0.00,88,29.12,0,2.67,90,17.04,100,43.49
13.7,28.2,0.00,0.00,89,29.12,0,2.67,94,17.04,100,43.49
11.1,28.2,0.00,0.00,87,29.12,0,2.67,93,17.04,100,43.49
12.4,28.2,0.00,0.00,86,29.12,0,2.67,94,17.04,100,43.49
10.9,28.2,0.00,0.00,86,29.12,0,2.67,95,17.04,100,43.49
14.8,28.2,0.00,0.00,87,29.12,0,2.67,93,17.04,100,43.49
13.3,28.2,0.00,0.00,81,29.12,0,2.67,89,17.04,100,43.49
14.6,28.3,0.00,0.00,86,29.12,0,2.67,88,17.04,100,43.49
15.8,28.3,0.00,0.00,81,29.12,0,2.67,89,17.04,100,43.49
14.8,28.3,0.00,0.00,84,29.12,0,2.67,91,17.04,92,43.49
17.2,26.7,0.00,0.00,78,29.12,0,2.67,87,17.04,88,43.49
9.8,26.8,0.00,0.00,84,29.12,0,2.67,92,17.04,94,43.49
10.9,27.1,0.00,0.00,81,29.12,0,2.67,91,17.04,87,43.49
12.8,27.3,0.00,0.00,85,29.12,0,2.67,91,17.04,95,43.49
10.9,27.5,0.00,0.00,86,29.12,0,2.67,93,17.04,95,43.49
12.9,27.7,0.00,0.00,85,29.12,0,2.67,92,17.04,93,43.49
11.7,28.0,0.00,0.00,82,29.12,0,2.67,91,17.04,91,43.49
11.3,28.1,0.00,0.00,86,29.12,0,2.67,92,17.04,100,43.49
12.4,28.2,0.00,0.00,77,29.12,0,2.67,93,17.04,100,43.49
12.9,28.2,0.00,0.00,81,29.12,0,2.67,90,17.04,100,43.49
10.6,28.2,0.00,0.00,84,29.12,0,2.67,94,17.04,100,43.49
10.6,28.2,0.00,0.00,82,29.12,0,2.67,92,17.04,100,43.49
10.0,28.2,0.00,0.00,85,29.12,0,2.67,93,17.04,100,43.49
11.0,28.2,0.00,0.00,86,29.12,0,2.67,93,17.04,95,43.49
80.2,26.7,0.00,0.00,83,29.12,0,2.67,91,17.04,89,43.49
11.3,26.9,0.00,0.00,84,29.12,0,2.67,90,17.04,96,43.49
9.6,27.1,0.00,0.00,88,29.12,0,2.67,89,17.04,96,43.49
12.1,27.3,0.00,0.00,83,29.12,0,2.67,92,17.04,95,43.49
11.0,27.5,0.00,0.00,78,29.12,0,2.67,92,17.04,89,43.49
11.7,27.7,0.00,0.00,85,29.12,0,2.67,94,17.04,97,43.49
10.4,26.3,0.00,0.00,79,29.12,0,2.67,9,17.04,87,43.49
10.8,26.7,0.00,0.00,86,29.12,0,2.67,0,17.04,92,43.49
11.7,27.0,0.00,0.00,81,29.12,0,2.67,0,17.04,100,43.49
8.7,27.3,0.00,0.00,81,29.12,0,2.67,0,17.04,100,43.49
9.4,27.4,0.00,0.00,82,29.12,0,2.67,0,17.04,100,43.49
10.8,27.7,0.00,0.00,80,29.12,0,2.67,0,17.04,100,43.49
11.3,27.9,0.00,0.00,80,29.12,0,2.67,0,17.04,100,43.49
9.4,28.1,0.00,0.00,80,29.12,0,2.67,0,17.04,100,43.49
11.5,28.2,0.00,0.00,86,29.12,0,2.67,84,17.04,100,43.49
10.2,28.2,0.00,0.00,85,29.12,0,2.67,91,17.04,100,43.49
12.7,28.2,0.00,0.00,84,29.12,0,2.67,84,17.04,100,43.49
14.2,28.2,0.00,0.00,81,29.12,0,2.67,91,17.04,100,43.49
10.9,28.2,0.00,0.00,86,29.12,0,2.67,90,17.04,100,43.49
11.6,28.2,0.00,0.00,84,29.12,0,2.67,89,17.04,100,43.49
10.9,28.2,0.00,0.00,81,29.12,0,2.67,89,17.04,100,43.49
11.4,28.2,0.00,0.00,86,29.12,0,2.67,82,17.04,100,43.49
12.5,28.2,0.00,0.00,84,29.12,0,2.67,89,17.04,100,43.49
13.0,28.2,0.00,0.00,86,29.12,0,2.67,89,17.04,100,43.49
10.2,28.2,0.00,0.00,85,29.12,0,2.67,89,17.04,100,43.49
10.4,28.2,0.00,0.00,85,29.12,0,2.67,89,17.04,100,43.49
10.3,28.2,0.00,0.00,89,29.12,0,2.67,90,17.04,100,43.49
15.0,28.2,0.00,0.00,89,29.12,0,2.67,90,17.04,100,43.49
10.6,28.2,0.00,0.00,87,29.12,0,2.67,90,17.04,100,43.49
12.1,28.2,0.00,0.00,87,29.12,0,2.67,90,17.04,100,43.49
10.0,28.2,0.00,0.00,86,29.12,0,2.67,89,17.04,100,43.49
12.5,28.2,0.00,0.00,86,29.12,0,2.67,91,17.04,100,43.49
11.7,28.2,0.00,0.00,84,29.12,0,2.67,92,17.04,100,43.49
10.6,28.2,0.00,0.00,87,29.12,0,2.67,92,17.04,100,43.49
13.3,28.2,0.00,0.00,81,29.12,0,2.67,87,17.04,100,43.49
10.7,28.2,0.00,0.00,77,29.12,0,2.67,94,17.04,100,43.49
10.4,28.2,0.00,0.00,88,29.12,0,2.67,94,17.04,100,43.49
11.2,28.2,0.00,0.00,87,29.12,0,2.67,94,17.04,100,43.49
12.9,28.2,0.00,0.00,87,29.12,0,2.67,94,17.04,100,43.49
12.3,28.2,0.00,0.00,85,29.12,0,2.67,94,17.04,100,43.49
10.6,28.2,0.00,0.00,86,29.12,0,2.67,94,17.04,100,43.49
12.5,28.2,0.00,0.00,87,29.12,0,2.67,90,17.04,100,43.49
11.1,28.2,0.00,0.00,86,29.12,0,2.67,94,17.04,100,43.49
13.1,28.2,0.00,0.00,87,29.12,0,2.67,93,17.04,100,43.49
11.0,28.2,0.00,0.00,87,29.12,0,2.67,92,17.04,100,43.49
13.5,28.2,0.00,0.00,88,29.12,0,2.67,92,17.04,100,43.49
10.0,28.2,0.00,0.00,84,29.12,0,2.67,91,17.04,100,43.49
10.6,28.2,0.00,0.00,83,29.12,0,2.67,90,17.04,100,43.49
11.4,28.2,0.00,0.00,85,29.12,0,2.67,90,17.04,100,43.49
11.2,28.2,0.00,0.00,86,29.12,0,2.67,90,17.04,100,43.49
12.8,28.2,0.00,0.00,85,29.12,0,2.67,90,17.04,100,43.49
10.8,28.2,0.00,0.00,85,29.12,0,2.67,90,17.04,100,43.49
14.2,28.2,0.00,0.00,85,29.12,0,2.67,90,17.04,100,43.49
10.6,28.2,0.00,0.00,85,29.12,0,2.67,86,17.04,100,43.49
11.7,28.2,0.00,0.00,85,29.12,0,2.67,90,17.04,100,43.49
10.8,28.2,0.00,0.00,84,29.12,0,2.67,87,17.04,100,43.49
11.7,28.2,0.00,0.00,84,29.12,0,2.67,93,17.04,100,43.49
9.8,28.2,0.00,0.00,86,29.12,0,2.67,92,17.04,100,43.49
10.2,28.2,0.00,0.00,81,29.12,0,2.67,91,17.04,100,43.49
14.2,28.2,0.00,0.00,83,29.12,0,2.67,91,17.04,100,43.49
11.9,28.2,0.00,0.00,85,29.12,0,2.67,89,17.04,100,43.49
11.2,28.2,0.00,0.00,86,29.12,0,2.67,89,17.04,100,43.49
11.2,28.2,0.00,0.00,88,29.12,0,2.67,91,17.04,100,43.49
11.1,28.2,0.00,0.00,88,29.12,0,2.67,82,17.04,100,43.49
10.2,28.2,0.00,0.00,83,29.12,0,2.67,92,17.04,100,43.49
10.0,28.2,0.00,0.00,84,29.12,0,2.67,91,17.04,100,43.49
13.4,28.2,0.00,0.00,84,29.12,0,2.67,91,17.04,100,43.49
10.2,28.2,0.00,0.00,89,29.12,0,2.67,94,17.04,100,43.49
11.0,28.2,0.00,0.00,88,29.12,0,2.67,93,17.04,100,43.49
10.8,28.2,0.00,0.00,88,29.12,0,2.67,92,17.04,100,43.49
12.1,28.2,0.00,0.00,87,29.12,0,2.67,86,17.04,100,43.49
11.3,28.2,0.00,0.00,84,29.12,0,2.67,93,17.04,100,43.49
9.8,28.2,0.00,0.00,88,29.12,0,2.67,93,17.04,100,43.49
11.9,28.2,0.00,0.00,87,29.12,0,2.67,94,17.04,100,43.49
10.9,28.2,0.00,0.00,88,29.12,0,2.67,94,17.04,100,43.49
11.1,28.2,0.00,0.00,87,29.12,0,2.67,93,17.04,100,43.49
9.8,28.2,0.00,0.00,87,29.12,0,2.67,90,17.04,100,43.49
14.0,28.2,0.00,0.00,86,29.12,0,2.67,90,17.04,100,43.49
10.4,28.2,0.00,0.00,86,29.12,0,2.67,92,17.04,100,43.49
11.3,28.2,0.00,0.00,85,29.12,0,2.67,94,17.04,100,43.49
11.9,28.2,0.00,0.00,86,29.12,0,2.67,92,17.04,100,43.49
13.1,28.2,0.00,0.00,86,29.12,0,2.67,89,17.04,100,43.49
11.1,28.2,0.00,0.00,84,29.12,0,2.67,90,17.04,100,43.49
11.1,28.2,0.00,0.00,81,29.12,0,2.67,90,17.04,100,43.49
11.3,28.2,0.00,0.00,83,29.12,0,2.67,89,17.04,100,43.49
16.5,28.2,0.00,0.00,82,29.12,0,2.67,90,17.04,100,43.49
15.1,28.2,0.00,0.00,81,29.12,0,2.67,90,17.04,100,43.49
14.5,28.3,0.00,0.00,77,29.12,0,2.67,91,17.04,100,43.49
12.3,28.2,0.00,0.00,80,29.12,0,2.67,92,17.04,100,43.49
10.2,28.2,0.00,0.00,83,29.12,0,2.67,94,17.04,100,43.49
12.5,28.2,0.00,0.00,83,29.12,0,2.67,93,17.04,100,43.49
10.8,28.2,0.00,0.00,82,29.12,0,2.67,92,17.04,100,43.49
9.4,28.2,0.00,0.00,83,29.12,0,2.67,90,17.04,100,43.49
13.1,28.2,0.00,0.00,80,29.12,0,2.67,91,17.04,100,43.49
12.7,28.2,0.00,0.00,83,29.12,0,2.67,91,17.04,100,43.49
10.0,28.2,0.00,0.00,84,29.12,0,2.67,90,17.04,100,43.49
10.4,26.7,0.00,0.00,0,29.12,0,2.67,89,17.04,100,43.49
10.4,26.9,0.00,0.00,0,29.12,0,2.67,94,17.04,100,43.49
11.1,27.1,0.00,0.00,0,29.12,0,2.67,90,17.04,100,43.49
8.5,27.3,0.00,0.00,0,29.12,0,2.67,89,17.04,100,43.49
9.6,22.9,0.00,0.00,0,29.12,0,2.67,2,2.67,100,43.49
9.4,22.7,0.00,0.00,0,29.12,0,2.67,0,2.67,100,43.49
7.7,22.9,0.00,0.00,0,29.12,0,2.67,0,2.67,100,43.49
6.7,23.1,0.00,0.00,0,29.12,0,2.67,0,2.67,100,43.49
9.0,23.2,0.00,0.00,62,29.12,0,2.67,0,2.67,100,43.49
9.1,23.2,0.00,0.00,87,29.12,0,2.67,0,2.67,100,43.49
6.7,23.2,0.00,0.00,87,29.12,0,2.67,0,2.67,100,43.49
7.3,23.2,0.00,0.00,87,29.12,0,2.67,0,2.67,100,43.49
7.7,23.2,0.00,0.00,85,29.12,0,2.67,0,2.67,100,43.49
9.2,23.2,0.00,0.00,85,29.12,0,2.67,0,2.67,100,43.49
7.7,23.2,0.00,0.00,86,29.12,0,2.67,0,2.67,100,43.49
8.1,23.2,0.00,0.00,86,29.12,0,2.67,0,2.67,100,43.49
9.4,23.2,0.00,0.00,86,29.12,0,2.67,0,2.67,100,43.49
9.8,23.2,0.00,0.00,84,29.12,0,2.67,0,2.67,100,43.49
6.5,23.2,0.00,0.00,84,29.12,0,2.67,0,2.67,100,43.49
9.0,23.2,0.00,0.00,84,29.12,0,2.67,0,2.67,100,43.49
7.3,23.2,0.00,0.00,84,29.12,0,2.67,0,2.67,100,43.49
9.0,23.2,0.00,0.00,83,29.12,0,2.67,0,2.67,100,43.49
6.5,23.2,0.00,0.00,87,29.12,0,2.67,0,2.67,100,43.49
11.7,23.2,0.00,0.00,88,29.12,0,2.67,0,2.67,100,43.49
7.3,23.2,0.00,0.00,87,29.12,0,2.67,0,2.67,100,43.49
8.5,23.2,0.00,0.00,87,29.12,0,2.67,0,2.67,100,43.49
12.8,23.3,0.00,0.00,87,29.12,0,2.67,0,2.67,100,43.49
11.3,23.3,0.00,0.00,84,29.12,0,2.67,0,2.67,100,43.49
8.6,23.3,0.00,0.00,85,29.12,0,2.67,0,2.67,100,43.49
10.6,23.3,0.00,0.00,84,29.12,0,2.67,0,2.67,100,43.49
11.1,23.4,0.00,0.00,83,29.12,0,2.67,0,2.67,100,43.49
9.6,23.3,0.00,0.00,87,29.12,0,2.67,0,2.67,100,43.49
8.7,23.3,0.00,0.00,86,29.12,0,2.67,0,2.67,100,43.49
11.2,23.3,0.00,0.00,87,29.12,0,2.67,0,2.67,100,43.49
9.8,23.3,0.00,0.00,88,29.12,0,2.67,0,2.67,100,43.49
8.8,23.3,0.00,0.00,89,29.12,0,2.67,0,2.67,100,43.49
8.8,23.3,0.00,0.00,86,29.12,0,2.67,0,2.67,100,43.49
11.2,23.3,0.00,0.00,84,29.12,0,2.67,0,2.67,100,43.49
10.4,23.3,0.00,0.00,84,29.12,0,2.67,0,2.67,100,43.49
9.8,23.3,0.00,0.00,84,29.12,0,2.67,0,2.67,100,43.49
10.8,23.3,0.00,0.00,87,29.12,0,2.67,0,2.67,100,43.49
10.0,23.4,0.00,0.00,87,29.12,0,2.67,0,2.67,100,43.49
12.8,23.4,0.00,0.00,88,29.12,0,2.67,0,2.67,100,43.49
9.2,23.4,0.00,0.00,88,29.12,0,2.67,0,2.67,100,43.49
11.3,23.5,0.00,0.00,88,29.12,0,2.67,0,2.67,100,43.49
13.1,23.5,0.00,0.00,87,29.12,0,2.67,0,2.67,100,43.49
11.0,23.5,0.00,0.00,84,29.12,0,2.67,0,2.67,100,43.49
11.1,23.5,0.00,0.00,83,29.12,0,2.67,0,2.67,100,43.49
10.5,23.6,0.00,0.00,84,29.12,0,2.67,0,2.67,100,43.49
10.6,23.6,0.00,0.00,85,29.12,0,2.67,0,2.67,100,43.49
10.9,23.5,0.00,0.00,89,29.12,0,2.67,0,2.67,100,43.49
9.0,23.6,0.00,0.00,89,29.12,0,2.67,0,2.67,100,43.49
9.4,23.6,0.00,0.00,88,29.12,0,2.67,0,2.67,100,43.49
9.2,23.6,0.00,0.00,87,29.12,0,2.67,0,2.67,100,43.49
10.0,23.6,0.00,0.00,89,29.12,0,2.67,0,2.67,100,43.49
6.7,23.6,0.00,0.00,85,29.12,0,2.67,0,2.67,100,43.49
9.3,23.6,0.00,0.00,86,29.12,0,2.67,0,2.67,100,43.49
9.8,23.6,0.00,0.00,86,29.12,0,2.67,0,2.67,100,43.49
7.5,23.6,0.00,0.00,86,29.12,0,2.67,0,2.67,100,43.49
9.4,23.6,0.00,0.00,82,29.12,0,2.67,0,2.67,100,43.49
7.9,23.6,0.00,0.00,87,29.12,0,2.67,0,2.67,100,43.49
8.1,23.6,0.00,0.00,88,29.12,0,2.67,0,2.67,100,43.49
11.1,23.6,0.00,0.00,89,29.12,0,2.67,0,2.67,100,43.49
9.6,23.6,0.00,0.00,87,29.12,0,2.67,0,2.67,100,43.49
9.4,23.7,0.00,0.00,88,29.12,0,2.67,0,2.67,100,43.49
8.3,23.7,0.00,0.00,85,29.12,0,2.67,0,2.67,100,43.49
7.9,23.7,0.00,0.00,84,29.12,0,2.67,0,2.67,100,43.49
10.6,23.7,0.00,0.00,86,29.12,0,2.67,0,2.67,100,43.49
14.1,23.9,0.00,0.00,84,29.12,0,2.67,0,2.67,100,43.49
12.0,23.9,0.00,0.00,82,29.12,0,2.67,0,2.67,100,43.49
16.7,23.9,0.00,0.00,81,29.12,0,2.67,0,2.67,100,43.49
10.4,23.9,0.00,0.00,81,29.12,0,2.67,0,2.67,100,43.49
7.9,23.8,0.00,0.00,83,29.12,0,2.67,0,2.67,100,43.49
8.1,23.8,0.00,0.00,87,29.12,0,2.67,0,2.67,100,43.49
6.9,23.8,0.00,0.00,85,29.12,0,2.67,0,2.67,100,43.49
14.2,23.9,0.00,0.00,85,29.12,0,2.67,0,2.67,100,43.49
10.7,23.8,0.00,0.00,83,29.12,0,2.67,0,2.67,100,43.49
12.6,23.8,0.00,0.00,81,29.12,0,2.67,0,2.67,100,43.49
8.4,23.8,0.00,0.00,85,29.12,0,2.67,0,2.67,100,43.49
7.1,23.8,0.00,0.00,86,29.12,0,2.67,0,2.67,100,43.49
19.1,22.4,0.00,0.00,85,29.12,0,2.67,0,2.67,73,29.12
12.8,19.1,0.00,0.00,83,29.12,0,2.67,0,2.67,91,29.12
9.8,19.1,0.00,0.00,80,29.12,0,2.67,0,2.67,84,29.12
9.4,19.1,0.00,0.00,84,29.12,0,2.67,0,2.67,89,29.12
10.7,19.1,0.00,0.00,83,29.12,0,2.67,0,2.67,87,29.12
7.1,19.3,0.00,0.00,83,29.12,0,2.67,0,2.67,84,29.12
13.5,19.6,0.00,0.00,80,29.12,0,2.67,0,2.67,90,29.12
10.6,19.8,0.00,0.00,84,29.12,0,2.67,0,2.67,88,29.12
18.0,19.9,0.00,0.00,86,29.12,0,2.67,0,2.67,88,29.12
9.7,20.0,0.00,0.00,82,29.12,0,2.67,0,2.67,91,29.12
19.5,20.2,0.00,0.00,82,29.12,0,2.67,0,2.67,91,29.12
4.6,20.2,0.00,0.00,86,29.12,0,2.67,0,2.67,91,29.12
17.3,20.4,0.00,0.00,87,29.12,0,2.67,0,2.67,89,29.12
9.5,20.9,0.00,0.00,78,29.12,0,2.67,0,2.67,83,29.12
9.2,20.9,0.00,0.00,84,29.12,0,2.67,0,2.67,87,29.12
10.4,20.9,0.00,0.00,84,29.12,0,2.67,0,2.67,88,29.12
11.1,20.9,0.00,0.00,79,29.12,0,2.67,0,2.67,82,29.12
5.4,20.8,0.00,0.00,83,29.12,0,2.67,0,2.67,93,29.12
6.1,20.8,0.00,0.00,85,29.12,0,2.67,0,2.67,94,29.12
4.6,20.8,0.00,0.00,86,29.12,0,2.67,0,2.67,92,29.12
10.7,20.9,0.00,0.00,80,29.12,0,2.67,0,2.67,92,29.12
14.3,20.8,0.00,0.00,81,29.12,0,2.67,0,2.67,87,29.12
9.3,20.8,0.00,0.00,81,29.12,0,2.67,0,2.67,93,29.12
7.3,20.8,0.00,0.00,83,29.12,0,2.67,0,2.67,94,29.12
7.3,20.2,0.00,0.00,83,29.12,0,2.67,0,2.67,92,29.12
7.2,20.1,0.00,0.00,85,29.12,0,2.67,0,2.67,88,29.12
8.2,20.1,0.00,0.00,81,29.12,0,2.67,0,2.67,89,29.12
8.6,20.1,0.00,0.00,81,29.12,0,2.67,0,2.67,87,29.12
6.1,20.1,0.00,0.00,81,29.12,0,2.67,0,2.67,92,29.12
5.6,20.1,0.00,0.00,87,29.12,0,2.67,0,2.67,93,29.12
4.4,20.1,0.00,0.00,85,29.12,0,2.67,0,2.67,92,29.12
9.3,20.1,0.00,0.00,83,29.12,0,2.67,0,2.67,89,29.12
8.6,20.1,0.00,0.00,85,29.12,0,2.67,0,2.67,90,29.12
9.0,20.1,0.00,0.00,82,29.12,0,2.67,0,2.67,90,29.12
6.0,20.0,0.00,0.00,82,29.12,0,2.67,0,2.67,90,29.12
5.0,20.0,0.00,0.00,84,29.12,0,2.67,0,2.67,94,29.12
5.4,20.0,0.00,0.00,88,29.12,0,2.67,0,2.67,92,29.12
8.8,20.1,0.00,0.00,88,29.12,0,2.67,0,2.67,89,29.12
9.4,20.1,0.00,0.00,82,29.12,0,2.67,0,2.67,86,29.12
9.6,20.1,0.00,0.00,81,29.12,0,2.67,0,2.67,89,29.12
6.9,20.1,0.00,0.00,81,29.12,0,2.67,0,2.67,93,29.12
7.3,20.1,0.00,0.00,88,29.12,0,2.67,0,2.67,94,29.12
6.5,20.0,0.00,0.00,88,29.12,0,2.67,0,2.67,92,29.12
9.4,20.1,0.00,0.00,83,29.12,0,2.67,0,2.67,91,29.12
9.0,20.1,0.00,0.00,84,29.12,0,2.67,0,2.67,81,29.12
10.0,20.1,0.00,0.00,85,29.12,0,2.67,0,2.67,81,29.12
5.8,20.0,0.00,0.00,88,29.12,0,2.67,0,2.67,86,29.12
7.1,20.0,0.00,0.00,89,29.12,0,2.67,0,2.67,82,29.12
7.6,20.1,0.00,0.00,88,29.12,0,2.67,0,2.67,78,29.12
10.8,20.1,0.00,0.00,84,29.12,0,2.67,0,2.67,77,29.12
10.8,20.1,0.00,0.00,83,29.12,0,2.67,0,2.67,82,29.12
6.4,20.0,0.00,0.00,81,29.12,0,2.67,0,2.67,92,29.12
7.1,20.0,0.00,0.00,84,29.12,0,2.67,0,2.67,93,29.12
5.8,20.0,0.00,0.00,85,29.12,0,2.67,0,2.67,94,29.12
8.2,20.1,0.00,0.00,85,29.12,0,2.67,0,2.67,90,29.12
8.6,20.1,0.00,0.00,88,29.12,0,2.67,0,2.67,92,29.12
8.8,20.1,0.00,0.00,86,29.12,0,2.67,0,2.67,89,29.12
5.6,20.0,0.00,0.00,84,29.12,0,2.67,0,2.67,94,29.12
6.5,20.0,0.00,0.00,87,29.12,0,2.67,0,2.67,94,29.12
7.1,20.0,0.00,0.00,87,29.12,0,2.67,0,2.67,91,29.12
9.2,20.1,0.00,0.00,87,29.12,0,2.67,0,2.67,87,29.12
9.6,20.1,0.00,0.00,83,29.12,0,2.67,0,2.67,88,29.12
8.0,20.1,0.00,0.00,85,29.12,0,2.67,0,2.67,71,29.12
4.6,20.0,0.00,0.00,88,29.12,0,2.67,0,2.67,76,29.12
8.8,20.1,0.00,0.00,85,29.12,0,2.67,0,2.67,75,29.12
4.4,20.1,0.00,0.00,85,29.12,0,2.67,0,2.67,74,29.12
9.6,20.1,0.00,0.00,87,29.12,0,2.67,0,2.67,72,29.12
8.0,20.1,0.00,0.00,84,29.12,0,2.67,0,2.67,75,29.12
8.4,20.1,0.00,0.00,87,29.12,0,2.67,0,2.67,85,29.12
6.9,20.0,0.00,0.00,87,29.12,0,2.67,0,2.67,92,29.12
5.0,20.0,0.00,0.00,89,29.12,0,2.67,0,2.67,94,29.12
6.4,20.0,0.00,0.00,88,29.12,0,2.67,0,2.67,91,29.12
8.2,20.1,0.00,0.00,86,29.12,0,2.67,0,2.67,80,29.12
8.6,20.1,0.00,0.00,81,29.12,0,2.67,0,2.67,89,29.12
8.4,20.1,0.00,0.00,80,29.12,0,2.67,0,2.67,83,29.12
4.0,20.0,0.00,0.00,85,29.12,0,2.67,0,2.67,82,29.12
6.2,20.0,0.00,0.00,87,29.12,0,2.67,0,2.67,78,29.12
7.2,20.0,0.00,0.00,87,29.12,0,2.67,0,2.67,82,29.12
8.0,20.1,0.00,0.00,81,29.12,0,2.67,0,2.67,78,29.12
8.8,20.1,0.00,0.00,83,29.12,0,2.67,0,2.67,83,29.12
5.6,20.0,0.00,0.00,79,29.12,0,2.67,0,2.67,84,29.12
5.6,20.0,0.00,0.00,85,29.12,0,2.67,0,2.67,88,29.12
11.2,20.0,0.00,0.00,88,29.12,0,2.67,0,2.67,0,2.67
2.7,14.9,0.00,0.00,88,29.12,0,2.67,0,2.67,0,2.67
5.7,15.0,0.00,0.00,88,29.12,0,2.67,0,2.67,0,2.67
5.7,15.0,0.00,0.00,80,29.12,0,2.67,0,2.67,0,2.67
6.5,15.0,0.00,0.00,82,29.12,0,2.67,0,2.67,0,2.67
2.5,14.9,0.00,0.00,87,29.12,0,2.67,0,2.67,0,2.67
4.6,14.9,0.00,0.00,86,29.12,0,2.67,0,2.67,0,2.67
6.0,15.0,0.00,0.00,73,29.12,0,2.67,0,2.67,0,2.67
5.5,15.0,0.00,0.00,81,29.12,0,2.67,0,2.67,0,2.67
6.5,14.9,0.00,0.00,85,29.12,0,2.67,0,2.67,0,2.67
5.9,14.9,0.00,0.00,80,29.12,0,2.67,0,2.67,0,2.67
5.9,14.9,0.00,0.00,82,29.12,0,2.67,0,2.67,0,2.67
5.9,14.9,0.00,0.00,84,29.12,0,2.67,0,2.67,0,2.67
3.5,14.9,0.00,0.00,87,29.12,0,2.67,0,2.67,0,2.67
2.9,14.9,0.00,0.00,85,29.12,0,2.67,0,2.67,0,2.67
3.3,14.9,0.00,0.00,87,29.12,0,2.67,0,2.67,0,2.67
7.1,14.9,0.00,0.00,87,29.12,0,2.67,0,2.67,0,2.67
5.7,14.9,0.00,0.00,81,29.12,0,2.67,0,2.67,0,2.67
6.3,14.9,0.00,0.00,85,29.12,0,2.67,0,2.67,0,2.67
2.9,14.9,0.00,0.00,87,29.12,0,2.67,0,2.67,0,2.67
3.8,14.9,0.00,0.00,88,29.12,0,2.67,0,2.67,0,2.67
5.0,14.9,0.00,0.00,88,29.12,0,2.67,0,2.67,0,2.67
5.1,14.9,0.00,0.00,87,29.12,0,2.67,0,2.67,0,2.67
5.0,13.3,0.00,0.00,75,28.34,0,2.67,0,2.67,0,2.67
3036.1