1.5,7.2,0.00,0.00,0,2.67,0,2.67,0,2.67,0,2.67
3.4,7.2,0.00,0.00,0,2.67,0,2.67,0,2.67,0,2.67
2.9,7.2,0.00,0.00,0,2.67,0,2.67,0,2.67,0,2.67
3.3,7.2,0.00,0.00,0,2.67,0,2.67,0,2.67,0,2.67
0.2,7.2,0.00,0.00,0,2.67,0,2.67,0,2.67,0,2.67
1.7,7.2,0.00,0.00,0,2.67,0,2.67,0,2.67,0,2.67
17.8,7.4,0.00,0.00,0,2.67,0,2.67,0,2.67,0,2.67
86.4,7.5,0.00,0.00,0,2.67,0,2.67,0,2.67,0,2.67
85.2,8.0,0.00,0.00,0,2.67,0,2.67,0,2.67,0,2.67
58.0,8.5,0.00,0.00,0,2.67,0,2.67,0,2.67,0,2.67
0.4,8.7,0.00,0.00,0,2.67,0,2.67,0,2.67,0,2.67
6.7,11.3,0.00,0.00,0,2.67,0,2.67,0,2.79,0,2.67
14.1,13.7,0.00,0.00,3,7.76,4,14.13,4,15.79,0,2.67
12.6,15.0,0.00,0.00,8,28.66,9,28.66,6,28.66,0,2.67
13.3,16.1,0.00,0.00,0,28.66,0,28.66,0,28.66,0,2.67
15.9,16.7,0.00,0.00,0,28.66,0,28.66,0,28.66,3,8.55
11.5,19.3,0.00,0.00,0,28.66,0,28.66,0,28.66,11,19.42
89.3,21.8,0.00,0.00,0,28.66,0,28.66,0,28.66,0,19.42
9.9,22.7,0.00,0.00,0,28.66,0,28.66,0,28.66,0,19.42
13.0,23.2,0.00,0.00,0,28.66,0,28.66,0,28.66,0,19.42
8.6,24.1,0.00,0.00,0,28.66,0,28.66,0,28.66,0,19.42
9.0,24.7,0.00,0.00,0,28.66,0,29.85,0,30.46,0,19.42
9.1,27.8,0.00,0.00,25,57.37,69,57.37,63,57.37,0,19.42
15.8,28.0,0.00,0.00,100,57.37,100,57.37,100,57.37,0,19.42
13.9,28.2,0.00,0.00,100,57.37,100,57.37,100,57.37,0,19.42
12.9,28.3,0.00,0.00,100,57.37,100,57.37,100,57.37,3,25.18
92.2,29.4,0.00,0.00,100,57.37,100,57.37,100,57.37,83,27.08
17.0,29.6,0.00,0.00,100,57.37,100,57.37,100,57.37,82,27.08
17.1,29.8,0.00,0.00,100,57.37,100,57.37,100,57.37,81,27.08
17.6,30.0,0.00,0.00,100,57.37,99,57.37,100,57.37,84,27.08
21.2,30.1,0.00,0.00,100,57.37,100,57.37,100,57.37,83,27.08
17.4,30.4,0.00,0.00,100,57.37,100,57.37,100,57.37,82,27.08
17.5,30.5,0.00,0.00,99,57.37,100,57.37,100,57.37,79,27.08
60.0,30.7,0.00,0.00,99,57.37,100,57.37,100,57.37,80,27.08
17.7,30.9,0.00,0.00,100,57.37,100,57.37,100,57.37,79,27.08
14.0,31.1,0.00,0.00,100,57.37,100,57.37,100,57.37,86,27.08
13.3,31.0,0.00,0.00,100,57.37,100,57.37,100,57.37,86,27.08
10.6,31.0,0.00,0.00,100,57.37,100,57.37,100,57.37,87,27.08
15.6,31.1,0.00,0.00,100,57.37,100,57.37,100,57.37,85,27.08
16.4,31.1,0.00,0.00,100,57.37,100,57.37,100,57.37,88,27.08
14.3,31.1,0.00,0.00,100,57.37,100,57.37,100,57.37,85,27.08
12.1,31.0,0.00,0.00,100,57.37,100,57.37,100,57.37,90,27.08
12.3,31.0,0.00,0.00,100,57.37,100,57.37,100,57.37,88,27.08
9.4,31.0,0.00,0.00,100,57.37,100,57.37,100,57.37,86,27.08
16.5,31.1,0.00,0.00,100,57.37,100,57.37,100,57.37,82,27.08
15.1,31.1,0.00,0.00,100,57.37,100,57.37,100,57.37,82,27.08
14.3,31.1,0.00,0.00,100,57.37,100,57.37,100,57.37,86,27.08
13.9,31.0,0.00,0.00,100,57.37,100,57.37,100,57.37,86,27.08
11.7,31.0,0.00,0.00,100,57.37,100,57.37,100,57.37,88,27.08
9.4,31.0,0.00,0.00,100,57.37,100,57.37,100,57.37,88,27.08
15.7,31.1,0.00,0.00,100,57.37,100,57.37,100,57.37,86,27.08
15.0,31.1,0.00,0.00,100,57.37,100,57.37,100,57.37,83,27.08
15.8,31.1,0.00,0.00,100,57.37,100,57.37,100,57.37,84,27.08
13.4,31.1,0.00,0.00,100,57.37,100,57.37,100,57.37,86,27.08
10.0,31.0,0.00,0.00,100,57.37,100,57.37,100,57.37,87,27.08
11.5,31.0,0.00,0.00,100,57.37,100,57.37,100,57.37,86,27.08
15.8,31.1,0.00,0.00,100,57.37,100,57.37,100,57.37,83,27.08
14.0,31.1,0.00,0.00,100,57.37,100,57.37,100,57.37,82,27.08
15.2,31.1,0.00,0.00,100,57.37,100,57.37,100,57.37,83,27.08
17.3,31.1,0.00,0.00,100,57.37,100,57.37,100,57.37,86,27.08
11.0,31.0,0.00,0.00,100,57.37,100,57.37,100,57.37,89,27.08
13.6,31.0,0.00,0.00,100,57.37,100,57.37,100,57.37,87,27.08
14.3,31.1,0.00,0.00,100,57.37,100,57.37,100,57.37,83,27.08
14.7,31.1,0.00,0.00,100,57.37,100,57.37,100,57.37,82,27.08
14.7,31.1,0.00,0.00,100,57.37,100,57.37,100,57.37,82,27.08
14.5,31.1,0.00,0.00,100,57.37,100,57.37,100,57.37,87,27.08
13.2,31.0,0.00,0.00,100,57.37,100,57.37,100,57.37,85,27.08
11.3,31.0,0.00,0.00,100,57.37,100,57.37,100,57.37,87,27.08
11.5,31.1,0.00,0.00,100,57.37,100,57.37,100,57.37,82,27.08
17.3,31.1,0.00,0.00,100,57.37,100,57.37,100,57.37,85,27.08
14.3,31.1,0.00,0.00,100,57.37,100,57.37,100,57.37,85,27.08
14.6,31.1,0.00,0.00,100,57.37,100,57.37,100,57.37,83,27.08
13.1,31.0,0.00,0.00,100,57.37,100,57.37,100,57.37,86,27.08
10.2,31.0,0.00,0.00,100,57.37,100,57.37,100,57.37,84,27.08
12.3,31.0,0.00,0.00,100,57.37,100,57.37,100,57.37,87,27.08
14.3,31.1,0.00,0.00,100,57.37,100,57.37,100,57.37,83,27.08
13.8,31.1,0.00,0.00,100,57.37,100,57.37,100,57.37,85,27.08
15.7,31.1,0.00,0.00,100,57.37,100,57.37,100,57.37,84,27.08
10.4,31.0,0.00,0.00,100,57.37,100,57.37,100,57.37,89,27.08
12.3,31.0,0.00,0.00,100,57.37,100,57.37,100,57.37,87,27.08
10.6,31.0,0.00,0.00,100,57.37,100,57.37,100,57.37,89,27.08
15.7,31.1,0.00,0.00,100,57.37,100,57.37,100,57.37,87,27.08
15.0,31.1,0.00,0.00,100,57.37,100,57.37,100,57.37,84,27.08
16.2,31.1,0.00,0.00,100,57.37,100,57.37,100,57.37,86,27.08
12.6,31.0,0.00,0.00,100,57.37,100,57.37,100,57.37,87,27.08
11.3,31.0,0.00,0.00,100,57.37,100,57.37,100,57.37,88,27.08
12.1,31.0,0.00,0.00,100,57.37,100,57.37,100,57.37,90,27.08
13.7,31.1,0.00,0.00,100,57.37,100,57.37,100,57.37,84,27.08
15.2,31.1,0.00,0.00,100,57.37,100,57.37,100,57.37,87,27.08
15.3,31.1,0.00,0.00,100,57.37,100,57.37,100,57.37,87,27.08
14.3,31.1,0.00,0.00,100,57.37,100,57.37,69,57.37,89,27.08
9.8,26.5,0.00,0.00,41,57.37,0,57.37,0,57.37,89,27.08
10.6,27.1,0.00,0.00,0,57.37,0,57.37,0,57.37,90,27.08
69.0,27.8,0.00,0.00,0,57.37,0,57.37,0,57.37,92,27.08
11.1,28.3,0.00,0.00,0,57.37,0,57.37,0,57.37,74,27.08
20.9,28.7,0.00,0.00,0,57.37,0,57.37,0,57.37,78,27.08
12.9,29.4,0.00,0.00,0,57.37,0,57.37,0,57.37,84,27.08
14.6,29.8,0.00,0.00,0,57.37,0,57.37,0,57.37,78,27.08
9.0,30.6,0.00,0.00,0,57.37,0,57.37,0,57.37,86,27.08
11.1,31.1,0.00,0.00,0,57.37,0,57.37,12,57.37,92,27.08
15.0,31.2,0.00,0.00,100,57.37,100,57.37,100,57.37,89,27.08
16.3,31.2,0.00,0.00,100,57.37,100,57.37,100,57.37,86,27.08
14.9,31.2,0.00,0.00,100,57.37,100,57.37,100,57.37,91,27.08
10.9,31.1,0.00,0.00,100,57.37,100,57.37,100,57.37,91,27.08
12.8,31.1,0.00,0.00,100,57.37,100,57.37,100,57.37,83,27.08
9.6,31.1,0.00,0.00,100,57.37,100,57.37,100,57.37,84,27.08
15.3,31.1,0.00,0.00,100,57.37,100,57.37,100,57.37,93,27.08
16.7,31.1,0.00,0.00,100,57.37,100,57.37,100,57.37,88,27.08
15.2,31.1,0.00,0.00,100,57.37,100,57.37,100,57.37,92,27.11
15.0,31.1,0.00,0.00,100,57.37,100,57.37,100,57.37,17,35.38
15.4,30.4,0.00,0.00,100,57.37,100,57.37,100,57.37,62,35.38
12.3,30.5,0.00,0.00,100,57.37,100,57.37,100,57.37,58,35.38
16.8,30.8,0.00,0.00,100,57.37,100,57.37,100,57.37,54,35.38
16.1,30.9,0.00,0.00,100,57.37,100,57.37,100,57.37,59,35.38
16.8,31.2,0.00,0.00,100,57.37,100,57.37,98,57.37,53,35.38
14.6,31.3,0.00,0.00,100,57.37,100,57.37,100,57.37,60,35.38
14.2,31.5,0.00,0.00,100,57.37,100,57.37,100,57.37,56,35.38
12.1,31.7,0.00,0.00,100,57.37,100,57.37,100,57.37,45,35.38
17.1,31.9,0.00,0.00,100,57.37,100,57.37,100,57.37,47,35.38
14.1,31.9,0.00,0.00,100,57.37,100,57.37,100,57.37,47,35.38
15.1,31.9,0.00,0.00,100,57.37,100,57.37,100,57.37,47,35.38
17.6,32.0,0.00,0.00,100,57.37,100,57.37,100,57.37,52,35.38
10.7,31.9,0.00,0.00,100,57.37,100,57.37,100,57.37,54,35.38
10.6,31.9,0.00,0.00,100,57.37,100,57.37,99,57.37,64,35.38
15.5,32.0,0.00,0.00,100,57.37,100,57.37,100,57.37,61,35.38
16.3,32.0,0.00,0.00,100,57.37,100,57.37,100,57.37,60,35.38
16.0,32.0,0.00,0.00,100,57.37,100,57.37,100,57.37,61,35.38
15.1,32.0,0.00,0.00,100,57.37,100,57.37,100,57.37,56,35.38
14.7,32.0,0.00,0.00,100,57.37,100,57.37,100,57.37,58,35.38
15.0,32.0,0.00,0.00,100,57.37,100,57.37,100,57.37,62,35.38
14.4,32.0,0.00,0.00,100,57.37,100,57.37,100,57.37,60,35.38
14.9,32.0,0.00,0.00,100,57.37,100,57.37,100,57.37,61,35.38
14.9,32.0,0.00,0.00,100,57.37,100,57.37,100,57.37,62,35.38
16.3,32.0,0.00,0.00,100,57.37,100,57.37,100,57.37,64,35.38
15.0,32.0,0.00,0.00,100,57.37,100,57.37,100,57.37,65,35.38
10.2,31.9,0.00,0.00,100,57.37,100,57.37,100,57.37,60,35.38
12.7,31.9,0.00,0.00,100,57.37,100,57.37,100,57.37,54,35.38
12.5,31.9,0.00,0.00,100,57.37,100,57.37,100,57.37,59,35.38
15.0,32.0,0.00,0.00,100,57.37,100,57.37,100,57.37,61,35.38
14.6,32.0,0.00,0.00,100,57.37,100,57.37,100,57.37,63,35.38
15.1,32.0,0.00,0.00,100,57.37,100,57.37,100,57.37,60,35.38
14.7,32.0,0.00,0.00,100,57.37,100,57.37,100,57.37,60,35.38
12.5,31.9,0.00,0.00,100,57.37,100,57.37,100,57.37,62,35.38
10.4,31.9,0.00,0.00,100,57.37,100,57.37,100,57.37,63,35.38
13.7,32.0,0.00,0.00,100,57.37,100,57.37,100,57.37,58,35.38
13.8,32.0,0.00,0.00,100,57.37,100,57.37,100,57.37,56,35.38
16.6,32.0,0.00,0.00,100,57.37,100,57.37,100,57.37,48,35.38
17.6,32.0,0.00,0.00,100,57.37,100,57.37,100,57.37,57,35.38
10.2,31.9,0.00,0.00,100,57.37,100,57.37,100,57.37,64,35.38
9.8,31.9,0.00,0.00,100,57.37,100,57.37,100,57.37,52,35.38
14.2,32.0,0.00,0.00,100,57.37,100,57.37,100,57.37,55,35.38
14.5,32.0,0.00,0.00,100,57.37,100,57.37,100,57.37,58,35.38
14.5,32.0,0.00,0.00,100,57.37,100,57.37,100,57.37,56,35.38
15.6,32.0,0.00,0.00,100,57.37,100,57.37,100,57.37,59,35.38
10.2,31.9,0.00,0.00,100,57.37,100,57.37,100,57.37,59,35.38
13.2,31.9,0.00,0.00,100,57.37,100,57.37,100,57.37,63,35.38
14.5,32.0,0.00,0.00,100,57.37,100,57.37,100,57.37,63,35.38
15.2,32.0,0.00,0.00,100,57.37,100,57.37,100,57.37,62,35.38
14.7,32.0,0.00,0.00,100,57.37,100,57.37,100,57.37,57,35.38
16.7,32.0,0.00,0.00,100,57.37,100,57.37,100,57.37,61,35.38
12.1,31.9,0.00,0.00,100,57.37,100,57.37,100,57.37,63,35.38
13.7,31.9,0.00,0.00,100,57.37,100,57.37,100,57.37,60,35.38
12.6,31.9,0.00,0.00,100,57.37,100,57.37,100,57.37,62,35.38
13.5,32.0,0.00,0.00,100,57.37,100,57.37,100,57.37,62,35.38
15.5,32.0,0.00,0.00,100,57.37,100,57.37,100,57.37,60,35.38
15.7,32.0,0.00,0.00,100,57.37,100,57.37,100,57.37,60,35.38
11.4,32.0,0.00,0.00,100,57.37,100,57.37,100,57.37,65,35.38
12.5,32.0,0.00,0.00,100,57.37,100,57.37,100,57.37,62,35.38
13.6,32.0,0.00,0.00,100,57.37,100,57.37,100,57.37,62,35.38
14.7,32.0,0.00,0.00,100,57.37,100,57.37,100,57.37,63,35.38
13.7,32.0,0.00,0.00,100,57.37,100,57.37,100,57.37,63,35.38
30.5,30.8,0.00,0.00,39,57.37,56,57.37,0,57.37,57,35.38
12.1,27.8,0.00,0.00,0,57.37,0,57.37,0,57.37,67,35.38
16.9,28.2,0.00,0.00,0,57.37,0,57.37,0,57.37,58,35.38
9.6,29.0,0.00,0.00,0,57.37,0,57.37,0,57.37,68,35.38
12.0,29.4,0.00,0.00,0,57.37,0,57.37,0,57.37,63,35.38
13.4,30.1,0.00,0.00,0,57.37,0,57.37,0,57.37,64,35.38
10.8,30.5,0.00,0.00,0,57.37,0,57.37,0,57.37,65,35.38
9.6,31.2,0.00,0.00,0,57.37,0,57.37,0,57.37,63,35.38
9.8,31.7,0.00,0.00,0,57.37,0,57.37,0,57.37,66,35.38
12.1,32.0,0.00,0.00,62,57.37,100,57.37,100,57.37,58,35.38
15.5,32.0,0.00,0.00,100,57.37,100,57.37,100,57.37,56,35.38
14.9,32.0,0.00,0.00,100,57.37,100,57.37,100,57.37,56,35.38
14.4,32.0,0.00,0.00,100,57.37,100,57.37,100,57.37,62,35.38
14.1,31.9,0.00,0.00,100,57.37,100,57.37,100,57.37,65,35.38
10.0,31.9,0.00,0.00,100,57.37,100,57.37,100,57.37,64,35.38
12.9,31.9,0.00,0.00,100,57.37,100,57.37,100,57.37,58,35.38
15.2,31.9,0.00,0.00,100,57.37,100,57.37,100,57.37,59,35.38
14.2,31.9,0.00,0.00,100,57.37,100,57.37,100,57.37,48,35.38
14.5,31.9,0.00,0.00,100,57.37,100,57.37,100,57.37,55,35.38
14.2,31.9,0.00,0.00,100,57.37,100,57.37,100,57.37,60,35.38
10.4,31.9,0.00,0.00,100,57.37,100,57.37,100,57.37,52,35.38
10.4,31.9,0.00,0.00,100,57.37,100,57.37,100,57.37,65,35.38
14.3,31.9,0.00,0.00,100,57.37,100,57.37,100,57.37,64,35.38
14.8,31.9,0.00,0.00,100,57.37,100,57.37,100,57.37,63,35.38
15.2,31.9,0.00,0.00,100,57.37,100,57.37,100,57.37,63,35.38
13.5,31.9,0.00,0.00,100,57.37,100,57.37,100,57.37,60,35.38
12.5,31.9,0.00,0.00,100,57.37,100,57.37,100,57.37,61,35.38
12.7,31.9,0.00,0.00,100,57.37,100,57.37,100,57.37,60,35.38
12.7,31.9,0.00,0.00,100,57.37,100,57.37,100,57.37,60,35.38
14.4,31.9,0.00,0.00,100,57.37,100,57.37,100,57.37,57,35.38
14.7,31.9,0.00,0.00,100,57.37,100,57.37,100,57.37,57,35.38
14.5,31.9,0.00,0.00,100,57.37,100,57.37,100,57.37,54,35.38
13.3,31.9,0.00,0.00,100,57.37,100,57.37,100,57.37,59,35.38
10.8,31.9,0.00,0.00,100,57.37,100,57.37,100,57.37,44,35.46
12.0,30.3,0.00,0.00,100,57.37,100,57.37,100,57.37,91,35.46
16.6,30.6,0.00,0.00,100,57.37,100,57.37,100,57.37,86,35.46
16.8,30.7,0.00,0.00,100,57.37,100,57.37,100,57.37,90,35.46
17.4,30.9,0.00,0.00,100,57.37,100,57.37,100,57.37,89,35.46
15.5,31.0,0.00,0.00,100,57.37,100,57.37,100,57.37,86,35.46
36.0,31.2,0.00,0.00,100,57.37,100,57.37,100,57.37,92,35.46
27.5,31.4,0.00,0.00,100,57.37,100,57.37,98,57.37,95,35.46
16.3,31.7,0.00,0.00,100,57.37,100,57.37,97,57.37,91,35.46
16.7,31.8,0.00,0.00,100,57.37,100,57.37,100,57.37,85,35.46
15.9,31.9,0.00,0.00,100,57.37,100,57.37,100,57.37,94,35.46
12.8,31.9,0.00,0.00,100,57.37,100,57.37,100,57.37,96,35.46
10.1,31.9,0.00,0.00,100,57.37,100,57.37,100,57.37,95,35.46
12.6,31.9,0.00,0.00,100,57.37,100,57.37,100,57.37,95,35.46
15.2,32.0,0.00,0.00,100,57.37,100,57.37,100,57.37,92,35.46
14.7,32.0,0.00,0.00,100,57.37,100,57.37,100,57.37,93,35.46
15.0,32.0,0.00,0.00,100,57.37,100,57.37,100,57.37,90,35.46
16.1,32.0,0.00,0.00,100,57.37,100,57.37,100,57.37,96,35.46
10.6,32.0,0.00,0.00,100,57.37,100,57.37,100,57.37,96,35.46
9.0,31.9,0.00,0.00,100,57.37,100,57.37,100,57.37,92,35.46
14.1,32.0,0.00,0.00,100,57.37,100,57.37,100,57.37,95,35.46
14.3,32.0,0.00,0.00,100,57.37,100,57.37,100,57.37,90,35.46
15.8,32.0,0.00,0.00,100,57.37,100,57.37,100,57.37,91,35.46
15.7,32.0,0.00,0.00,100,57.37,100,57.37,100,57.37,93,35.46
13.3,32.0,0.00,0.00,100,57.37,100,57.37,100,57.37,94,35.46
12.4,32.0,0.00,0.00,100,57.37,100,57.37,100,57.37,94,35.46
13.8,32.0,0.00,0.00,100,57.37,100,57.37,100,57.37,93,35.46
14.1,32.0,0.00,0.00,100,57.37,100,57.37,100,57.37,93,35.46
13.4,32.0,0.00,0.00,100,57.37,100,57.37,100,57.37,91,35.46
14.5,32.0,0.00,0.00,100,57.37,100,57.37,100,57.37,90,35.46
14.0,32.0,0.00,0.00,100,57.37,100,57.37,100,57.37,90,35.46
14.9,32.0,0.00,0.00,100,57.37,100,57.37,100,57.37,91,35.46
16.1,32.0,0.00,0.00,100,57.37,100,57.37,100,57.37,91,35.46
14.4,31.9,0.00,0.00,100,57.37,100,57.37,100,57.37,95,35.46
14.1,31.9,0.00,0.00,100,57.37,100,57.37,100,57.37,93,35.46
9.8,31.9,0.00,0.00,100,57.37,100,57.37,100,57.37,93,35.46
14.3,32.0,0.00,0.00,100,57.37,100,57.37,100,57.37,93,35.46
14.7,31.9,0.00,0.00,100,57.37,100,57.37,100,57.37,91,35.46
15.1,31.9,0.00,0.00,100,57.37,100,57.37,100,57.37,92,35.46
17.5,31.9,0.00,0.00,100,57.37,100,57.37,100,57.37,93,35.46
13.7,31.9,0.00,0.00,100,57.37,100,57.37,100,57.37,96,35.46
12.1,31.9,0.00,0.00,100,57.37,100,57.37,100,57.37,95,35.46
12.9,31.9,0.00,0.00,100,57.37,100,57.37,100,57.37,94,35.46
15.6,31.9,0.00,0.00,100,57.37,100,57.37,100,57.37,92,35.46
13.5,31.9,0.00,0.00,100,57.37,100,57.37,100,57.37,93,35.46
14.3,31.9,0.00,0.00,100,57.37,100,57.37,100,57.37,95,35.46
9.8,31.9,0.00,0.00,100,57.37,100,57.37,100,57.37,97,35.46
11.7,31.9,0.00,0.00,100,57.37,100,57.37,100,57.37,97,35.46
31.9,31.9,0.00,0.00,100,57.37,99,57.37,54,57.32,94,35.46
8.4,17.9,0.00,0.00,9,2.67,10,2.67,10,2.67,95,35.46
6.5,17.5,0.00,0.00,0,2.67,0,2.67,0,2.67,95,35.46
4.4,17.5,0.00,0.00,0,2.67,0,2.67,0,2.67,93,35.46
4.6,17.7,0.00,0.00,0,2.67,0,2.67,0,2.67,94,35.46
5.4,17.8,0.00,0.00,0,2.67,0,2.67,0,2.67,94,35.46
8.4,18.1,0.00,0.00,0,2.67,0,2.67,0,2.67,94,35.46
9.0,18.2,0.00,0.00,0,2.67,0,2.67,0,2.67,96,35.46
6.8,18.3,0.00,0.00,0,4.29,0,2.67,0,2.67,97,35.46
7.1,19.9,0.00,0.00,4,10.54,0,2.67,0,2.67,97,35.46
6.5,20.2,0.00,0.00,0,10.54,0,2.67,0,2.67,93,35.46
5.0,20.4,0.00,0.00,0,10.54,0,2.67,0,2.67,92,35.46
9.4,20.7,0.00,0.00,0,10.54,0,2.67,0,2.67,90,35.46
7.6,20.8,0.00,0.00,0,10.54,0,2.67,0,2.67,89,35.46
8.4,21.1,0.00,0.00,0,10.54,0,2.67,0,2.67,91,35.46
6.1,21.2,0.00,0.00,0,10.54,0,2.67,0,2.67,92,35.46
26.7,21.5,0.00,0.00,0,10.54,0,2.67,0,2.67,94,35.46
7.6,22.4,0.00,0.00,0,18.82,0,2.67,0,2.67,96,35.46
10.3,22.5,0.00,0.00,57,18.82,0,2.67,0,2.67,94,35.46
9.5,22.5,0.00,0.00,51,18.82,0,2.67,0,2.67,94,35.46
11.3,22.5,0.00,0.00,54,18.82,0,2.67,0,2.67,95,35.46
6.5,22.4,0.00,0.00,53,18.82,0,2.67,0,2.67,95,35.46
7.3,22.4,0.00,0.00,54,18.82,0,2.67,0,2.67,96,35.46
9.4,22.4,0.00,0.00,62,18.82,0,2.67,0,2.67,94,35.46
10.3,22.4,0.00,0.00,61,18.82,0,2.67,0,2.67,94,35.46
11.4,22.5,0.00,0.00,63,18.82,0,2.67,0,2.67,91,35.46
11.4,22.5,0.00,0.00,61,18.82,0,2.67,0,2.67,95,35.46
7.1,22.4,0.00,0.00,64,18.82,0,2.67,0,2.67,97,35.46
6.1,22.4,0.00,0.00,60,18.82,0,2.67,0,2.67,97,35.46
8.6,22.4,0.00,0.00,59,18.82,0,2.67,0,2.67,97,35.46
12.0,22.5,0.00,0.00,63,18.82,0,2.67,0,2.67,95,35.46
11.2,22.5,0.00,0.00,64,18.82,0,2.67,0,2.67,94,35.46
11.3,22.5,0.00,0.00,61,18.82,0,2.67,0,2.67,97,35.46
7.1,22.4,0.00,0.00,66,18.82,0,2.67,0,2.67,97,35.46
7.3,22.4,0.00,0.00,60,18.82,0,2.67,0,2.67,95,35.46
6.2,22.4,0.00,0.00,56,18.82,0,2.67,0,2.67,94,35.46
10.2,22.5,0.00,0.00,55,18.82,0,2.67,0,2.67,95,35.46
10.2,22.4,0.00,0.00,55,18.82,0,2.67,0,2.67,93,35.46
8.6,22.4,0.00,0.00,56,18.82,0,2.67,0,2.67,95,35.46
5.7,20.8,0.00,0.00,58,18.82,0,2.67,0,2.67,58,35.46
9.8,21.0,0.00,0.00,58,18.82,0,2.67,0,2.67,67,35.46
16.7,21.1,0.00,0.00,65,18.82,0,2.67,0,2.67,66,35.46
9.3,21.4,0.00,0.00,61,18.82,0,2.67,0,2.67,69,35.46
10.6,21.6,0.00,0.00,60,18.82,0,2.67,0,2.67,66,35.46
8.8,21.8,0.00,0.00,59,18.82,0,2.67,0,2.67,64,35.46
9.0,22.0,0.00,0.00,60,18.82,0,2.67,0,2.67,65,35.46
8.8,22.2,0.00,0.00,64,18.82,0,2.67,0,2.67,67,35.46
6.7,22.4,0.00,0.00,57,18.82,0,2.67,0,2.67,65,35.46
6.7,22.4,0.00,0.00,64,18.82,0,2.67,0,2.67,65,35.46
6.9,22.4,0.00,0.00,67,18.82,0,2.67,0,2.67,65,35.46
7.5,22.4,0.00,0.00,68,18.82,0,2.67,0,2.67,73,35.46
7.5,22.4,0.00,0.00,53,18.82,0,2.67,0,2.67,63,35.46
7.1,22.4,0.00,0.00,63,18.82,0,2.67,0,2.67,68,35.46
6.7,22.4,0.00,0.00,63,18.82,0,2.67,0,2.67,68,35.46
7.1,22.4,0.00,0.00,63,18.82,0,2.67,0,2.67,69,35.46
6.9,22.4,0.00,0.00,65,18.82,0,2.67,0,2.67,67,35.46
7.5,22.4,0.00,0.00,66,18.82,0,2.67,0,2.67,71,35.46
6.7,22.4,0.00,0.00,68,18.82,0,2.67,0,2.67,69,35.46
7.1,22.4,0.00,0.00,63,18.82,0,2.67,0,2.67,64,35.46
7.1,22.4,0.00,0.00,66,18.82,0,2.67,0,2.67,70,35.46
6.9,22.4,0.00,0.00,67,18.82,0,2.67,0,2.67,70,35.46
8.6,22.4,0.00,0.00,65,18.82,0,2.67,0,2.67,72,35.46
6.9,22.4,0.00,0.00,63,18.82,0,2.67,0,2.67,65,35.46
6.5,22.4,0.00,0.00,59,18.82,0,2.67,0,2.67,67,35.46
7.3,22.4,0.00,0.00,61,18.82,0,2.67,0,2.67,72,35.46
6.7,22.4,0.00,0.00,62,18.82,0,2.67,0,2.67,73,35.46
7.1,22.4,0.00,0.00,62,18.82,0,2.67,0,2.67,72,35.46
7.1,22.4,0.00,0.00,65,18.82,0,2.67,0,2.67,72,35.46
7.3,22.4,0.00,0.00,62,18.82,0,2.67,0,2.67,71,35.46
6.9,22.4,0.00,0.00,65,18.82,0,2.67,0,2.67,63,35.46
6.7,22.4,0.00,0.00,50,18.82,0,2.67,0,2.67,70,35.46
7.7,22.4,0.00,0.00,52,18.82,0,2.67,0,2.67,70,35.46
6.7,22.4,0.00,0.00,52,18.82,0,2.67,0,2.67,60,35.46
7.1,22.4,0.00,0.00,53,18.82,0,2.67,0,2.67,66,35.46
7.3,22.4,0.00,0.00,59,18.82,0,2.67,0,2.67,72,35.46
6.9,22.4,0.00,0.00,64,18.82,0,2.67,0,2.67,72,35.46
6.9,22.4,0.00,0.00,60,18.82,0,2.67,0,2.67,71,35.46
10.5,22.4,0.00,0.00,64,18.82,0,2.67,0,2.67,70,35.46
7.1,22.4,0.00,0.00,65,18.82,0,2.67,0,2.67,72,35.46
7.3,22.4,0.00,0.00,65,18.82,0,2.67,0,2.67,71,35.46
7.1,22.4,0.00,0.00,64,18.82,0,2.67,0,2.67,64,35.46
6.9,22.4,0.00,0.00,65,18.82,0,2.67,0,2.67,63,35.46
6.9,22.4,0.00,0.00,66,18.82,0,2.67,0,2.67,62,35.46
6.7,22.4,0.00,0.00,52,18.82,0,2.67,0,2.67,62,35.46
7.7,22.4,0.00,0.00,52,18.82,0,2.67,0,2.67,66,35.46
6.5,22.4,0.00,0.00,51,18.82,0,2.67,0,2.67,64,35.46
6.5,22.4,0.00,0.00,52,18.82,0,2.67,0,2.67,69,35.46
6.3,22.4,0.00,0.00,52,18.82,0,2.67,0,2.67,70,35.46
7.9,22.4,0.00,0.00,56,18.82,0,2.67,0,2.67,70,35.46
6.7,22.4,0.00,0.00,67,18.82,0,2.67,0,2.67,68,35.46
6.7,22.4,0.00,0.00,64,18.82,0,2.67,0,2.67,66,35.46
6.7,22.4,0.00,0.00,66,18.82,0,2.67,0,2.67,61,35.46
8.1,22.4,0.00,0.00,66,18.82,0,2.67,0,2.67,63,35.46
6.7,22.4,0.00,0.00,69,18.82,0,2.67,0,2.67,68,35.46
6.7,22.4,0.00,0.00,67,18.82,0,2.67,0,2.67,71,35.46
7.3,22.4,0.00,0.00,64,18.82,0,2.67,0,2.67,70,35.46
6.7,22.4,0.00,0.00,62,18.82,0,2.67,0,2.67,65,35.46
7.3,22.4,0.00,0.00,59,18.82,0,2.67,0,2.67,68,35.46
6.7,22.4,0.00,0.00,66,18.82,0,2.67,0,2.67,67,35.46
6.3,22.4,0.00,0.00,67,18.82,0,2.67,0,2.67,64,35.46
7.7,22.4,0.00,0.00,52,18.82,0,2.67,0,2.67,73,35.46
7.3,22.4,0.00,0.00,63,18.82,0,2.67,0,2.67,71,35.46
8.8,22.4,0.00,0.00,66,18.82,0,2.67,0,2.67,69,35.46
8.1,22.4,0.00,0.00,66,18.82,0,2.67,0,2.67,68,35.46
7.3,22.4,0.00,0.00,64,18.82,0,2.67,0,2.67,67,35.46
7.1,22.4,0.00,0.00,63,18.82,0,2.67,0,2.67,70,35.46
12.3,22.4,0.00,0.00,44,18.89,0,2.67,0,2.67,65,35.46
5.8,21.0,0.00,0.00,0,18.89,0,2.67,0,2.67,66,35.46
6.0,21.1,0.00,0.00,0,18.89,0,2.67,0,2.67,64,35.46
5.6,21.4,0.00,0.00,0,18.89,0,2.67,0,2.67,64,35.46
5.2,21.6,0.00,0.00,0,18.89,0,2.67,0,2.67,62,35.46
6.0,21.8,0.00,0.00,0,18.89,0,2.67,0,2.67,62,35.46
7.3,22.0,0.00,0.00,0,18.89,0,2.67,0,2.67,63,35.46
5.8,22.3,0.00,0.00,0,18.89,0,2.67,0,2.67,68,35.46
7.1,22.4,0.00,0.00,24,18.89,0,2.67,0,2.67,61,35.46
6.9,22.4,0.00,0.00,63,18.89,0,2.67,0,2.67,62,35.46
6.9,22.4,0.00,0.00,59,18.89,0,2.67,0,2.67,68,35.46
6.9,22.4,0.00,0.00,59,18.89,0,2.67,0,2.67,65,35.46
6.9,22.4,0.00,0.00,66,18.89,0,2.67,0,2.67,71,35.46
7.7,22.4,0.00,0.00,67,18.89,0,2.67,0,2.67,72,35.46
6.9,22.4,0.00,0.00,65,18.89,0,2.67,0,2.67,69,35.46
7.5,22.4,0.00,0.00,63,18.89,0,2.67,0,2.67,71,35.46
8.5,22.4,0.00,0.00,63,18.89,0,2.67,0,2.67,70,35.46
6.3,22.4,0.00,0.00,65,18.89,0,2.67,0,2.67,18,35.46
9.1,20.9,0.00,0.00,56,18.89,0,2.67,0,2.67,96,35.46
8.1,21.1,0.00,0.00,57,18.89,0,2.67,0,2.67,93,35.46
9.8,21.3,0.00,0.00,44,18.89,0,2.67,0,2.67,89,35.46
9.1,21.5,0.00,0.00,49,18.89,0,2.67,0,2.67,94,35.46
10.0,21.8,0.00,0.00,62,18.89,0,2.67,0,2.67,96,35.46
8.6,21.9,0.00,0.00,58,18.89,0,2.67,0,2.67,95,35.46
10.3,22.2,0.00,0.00,56,18.89,0,2.67,0,2.67,89,35.46
9.7,22.3,0.00,0.00,58,18.89,0,2.67,0,2.67,93,35.46
7.9,22.4,0.00,0.00,62,18.89,0,2.67,0,2.67,93,35.46
7.1,22.4,0.00,0.00,59,18.89,0,2.67,0,2.67,93,35.46
8.1,22.4,0.00,0.00,51,18.89,0,2.67,0,2.67,94,35.46
6.7,22.4,0.00,0.00,61,18.89,0,2.67,0,2.67,96,35.46
6.8,22.4,0.00,0.00,59,18.89,0,2.67,0,2.67,97,35.46
7.1,22.4,0.00,0.00,62,18.89,0,2.67,0,2.67,97,35.46
7.5,22.4,0.00,0.00,57,18.89,0,2.67,0,2.67,97,35.46
6.4,22.4,0.00,0.00,61,18.89,0,2.67,0,2.67,93,35.46
6.2,22.4,0.00,0.00,54,18.89,0,2.67,0,2.67,97,35.46
7.5,22.4,0.00,0.00,56,18.89,0,2.67,0,2.67,96,35.46
6.9,22.4,0.00,0.00,60,18.89,0,2.67,0,2.67,96,35.46
8.3,22.4,0.00,0.00,60,18.89,0,2.67,0,2.67,95,35.46
7.3,22.4,0.00,0.00,51,18.89,0,2.67,0,2.67,96,35.46
7.3,22.4,0.00,0.00,52,18.89,0,2.67,0,2.67,96,35.46
6.5,22.4,0.00,0.00,51,18.89,0,2.67,0,2.67,95,35.46
7.5,22.4,0.00,0.00,57,18.89,0,2.67,0,2.67,93,35.46
5.8,22.4,0.00,0.00,57,18.89,0,2.67,0,2.67,96,35.46
7.1,22.4,0.00,0.00,47,18.89,0,2.67,0,2.67,95,35.46
6.7,22.4,0.00,0.00,50,18.89,0,2.67,0,2.67,96,35.46
7.1,22.4,0.00,0.00,50,18.89,0,2.67,0,2.67,96,35.46
7.5,22.4,0.00,0.00,61,18.89,0,2.67,0,2.67,96,35.46
7.9,22.4,0.00,0.00,65,18.89,0,2.67,0,2.67,95,35.46
7.7,22.4,0.00,0.00,66,18.89,0,2.67,0,2.67,93,35.46
6.7,22.4,0.00,0.00,63,18.89,0,2.67,0,2.67,93,35.46
7.1,22.4,0.00,0.00,65,18.89,0,2.67,0,2.67,96,35.46
6.7,22.4,0.00,0.00,62,18.89,0,2.67,0,2.67,95,35.46
7.3,22.4,0.00,0.00,59,18.89,0,2.67,0,2.67,93,35.46
6.5,22.4,0.00,0.00,61,18.89,0,2.67,0,2.67,95,35.46
7.3,22.4,0.00,0.00,64,18.89,0,2.67,0,2.67,93,35.46
7.3,22.4,0.00,0.00,67,18.89,0,2.67,0,2.67,96,35.46
6.3,22.4,0.00,0.00,64,18.89,0,2.67,0,2.67,96,35.46
7.1,22.4,0.00,0.00,53,18.89,0,2.67,0,2.67,96,35.46
7.3,22.4,0.00,0.00,64,18.89,0,2.67,0,2.67,96,35.46
6.9,22.4,0.00,0.00,63,18.89,0,2.67,0,2.67,96,35.46
7.1,22.4,0.00,0.00,67,18.89,0,2.67,0,2.67,96,35.46
7.5,22.4,0.00,0.00,62,18.89,0,2.67,0,2.67,92,35.46
6.5,22.4,0.00,0.00,64,18.89,0,2.67,0,2.67,96,35.46
6.5,22.4,0.00,0.00,64,18.89,0,2.67,0,2.67,97,35.46
7.7,22.4,0.00,0.00,61,18.89,0,2.67,0,2.67,94,35.46
6.4,22.4,0.00,0.00,57,18.89,0,2.67,0,2.67,96,35.46
6.9,22.4,0.00,0.00,50,18.89,0,2.67,0,2.67,93,35.46
6.5,22.4,0.00,0.00,51,18.89,0,2.67,0,2.67,92,35.46
7.5,22.4,0.00,0.00,59,18.89,0,2.67,0,2.67,93,35.46
6.9,22.4,0.00,0.00,61,18.89,0,2.67,0,2.67,93,35.46
7.7,22.4,0.00,0.00,58,18.89,0,2.67,0,2.67,94,35.46
6.9,22.4,0.00,0.00,58,18.89,0,2.67,0,2.67,95,35.46
7.3,22.4,0.00,0.00,58,18.89,0,2.67,0,2.67,94,35.46
6.5,22.4,0.00,0.00,64,18.89,0,2.67,0,2.67,93,35.46
7.1,22.4,0.00,0.00,64,18.89,0,2.67,0,2.67,93,35.46
6.3,22.4,0.00,0.00,62,18.89,0,2.67,0,2.67,94,35.46
7.7,22.4,0.00,0.00,56,18.89,0,2.67,0,2.67,96,35.46
6.5,22.4,0.00,0.00,57,18.89,0,2.67,0,2.67,95,35.46
7.3,22.4,0.00,0.00,57,18.89,0,2.67,0,2.67,95,35.46
7.5,22.4,0.00,0.00,57,18.89,0,2.67,0,2.67,92,35.46
6.7,22.4,0.00,0.00,52,18.89,0,2.67,0,2.67,94,35.46
7.3,22.4,0.00,0.00,64,18.89,0,2.67,0,2.67,92,35.46
6.8,22.4,0.00,0.00,61,18.89,0,2.67,0,2.67,94,35.46
7.5,22.4,0.00,0.00,63,18.89,0,2.67,0,2.67,96,35.46
5.8,22.4,0.00,0.00,49,18.89,0,2.67,0,2.67,95,35.46
7.3,22.4,0.00,0.00,55,18.89,0,2.67,0,2.67,93,35.46
6.5,22.4,0.00,0.00,63,18.89,0,2.67,0,2.67,94,35.46
7.9,22.4,0.00,0.00,65,18.89,0,2.67,0,2.67,95,35.46
7.9,22.4,0.00,0.00,58,18.89,0,2.67,0,2.67,96,35.46
6.2,22.4,0.00,0.00,65,18.89,0,2.67,0,2.67,96,35.46
7.3,22.4,0.00,0.00,49,18.89,0,2.67,0,2.67,95,35.46
6.7,22.4,0.00,0.00,50,18.89,0,2.67,0,2.67,96,35.46
5.8,22.4,0.00,0.00,52,18.89,0,2.67,0,2.67,96,35.46
6.9,22.4,0.00,0.00,65,18.89,0,2.67,0,2.67,94,35.46
7.3,22.4,0.00,0.00,59,18.89,0,2.67,0,2.67,95,35.46
6.2,22.4,0.00,0.00,62,18.89,0,2.67,0,2.67,95,35.46
7.5,22.4,0.00,0.00,55,18.89,0,2.67,0,2.67,95,35.46
6.9,22.4,0.00,0.00,60,18.89,0,2.67,0,2.67,94,35.46
7.9,22.4,0.00,0.00,62,18.89,0,2.67,0,2.67,93,35.46
6.7,22.4,0.00,0.00,66,18.89,0,2.67,0,2.67,17,35.46
7.7,19.4,0.00,0.00,40,18.89,0,2.67,0,2.67,61,35.46
55.4,19.7,0.00,0.00,0,18.89,0,2.67,0,2.67,63,35.46
48.1,20.2,0.00,0.00,0,18.89,0,2.67,0,2.67,59,35.46
7.7,20.6,0.00,0.00,0,18.89,0,2.67,0,2.67,61,35.46
8.5,21.1,0.00,0.00,0,18.89,0,2.67,0,2.67,66,35.46
7.7,21.4,0.00,0.00,0,18.89,0,2.67,0,2.67,62,35.46
8.1,22.0,0.00,0.00,0,18.89,0,2.67,0,2.67,61,35.46
7.9,22.2,0.00,0.00,0,18.89,0,2.67,0,2.67,65,35.46
7.3,22.4,0.00,0.00,63,18.89,0,2.67,0,2.67,64,35.46
7.1,22.4,0.00,0.00,67,18.89,0,2.67,0,2.67,68,35.46
6.7,22.4,0.00,0.00,65,18.89,0,2.67,0,2.67,67,35.46
6.7,22.4,0.00,0.00,63,18.89,0,2.67,0,2.67,68,35.46
7.3,22.4,0.00,0.00,64,18.89,0,2.67,0,2.67,64,35.46
6.5,22.4,0.00,0.00,61,18.89,0,2.67,0,2.67,60,35.46
6.7,22.4,0.00,0.00,54,18.89,0,2.67,0,2.67,65,35.46
7.3,22.4,0.00,0.00,64,18.89,0,2.67,0,2.67,64,35.46
7.5,22.4,0.00,0.00,64,18.89,0,2.67,0,2.67,60,35.46
6.3,22.4,0.00,0.00,63,18.89,0,2.67,0,2.67,65,35.46
6.9,22.4,0.00,0.00,62,18.89,0,2.67,0,2.67,67,35.46
9.6,22.4,0.00,0.00,64,18.89,0,2.67,0,2.67,69,35.46
7.1,22.4,0.00,0.00,65,18.89,0,2.67,0,2.67,69,35.46
7.1,22.4,0.00,0.00,65,18.89,0,2.67,0,2.67,67,35.46
6.9,22.4,0.00,0.00,62,18.89,0,2.67,0,2.67,64,35.46
7.1,22.4,0.00,0.00,66,18.89,0,2.67,0,2.67,63,35.46
7.3,22.4,0.00,0.00,61,18.89,0,2.67,0,2.67,64,35.46
7.1,22.4,0.00,0.00,55,18.89,0,2.67,0,2.67,68,35.46
7.3,22.4,0.00,0.00,60,18.89,0,2.67,0,2.67,66,35.46
6.7,22.4,0.00,0.00,58,18.89,0,2.67,0,2.67,60,35.46
6.7,22.4,0.00,0.00,60,18.89,0,2.67,0,2.67,60,35.46
8.5,22.4,0.00,0.00,62,18.89,0,2.67,0,2.67,68,35.46
7.1,22.4,0.00,0.00,59,18.89,0,2.67,0,2.67,69,35.46
7.9,22.4,0.00,0.00,62,18.89,0,2.67,0,2.67,66,35.46
7.1,22.4,0.00,0.00,64,18.89,0,2.67,0,2.67,65,35.46
7.1,22.4,0.00,0.00,67,18.89,0,2.67,0,2.67,69,35.46
7.1,22.4,0.00,0.00,65,18.89,0,2.67,0,2.67,65,35.46
6.3,22.4,0.00,0.00,65,18.89,0,2.67,0,2.67,68,35.46
7.1,22.4,0.00,0.00,66,18.89,0,2.67,0,2.67,68,35.46
6.7,22.4,0.00,0.00,65,18.89,0,2.67,0,2.67,69,35.46
7.1,22.4,0.00,0.00,63,18.89,0,2.67,0,2.67,66,35.46
8.4,22.4,0.00,0.00,68,18.89,0,2.67,0,2.67,65,35.46
7.1,22.4,0.00,0.00,67,18.89,0,2.67,0,2.67,66,35.46
6.9,22.4,0.00,0.00,63,18.89,0,2.67,0,2.67,61,35.46
7.3,22.4,0.00,0.00,62,18.89,0,2.67,0,2.67,63,35.46
6.7,22.4,0.00,0.00,67,18.89,0,2.67,0,2.67,68,35.46
7.3,22.4,0.00,0.00,62,18.89,0,2.67,0,2.67,71,35.46
7.1,22.4,0.00,0.00,63,18.89,0,2.67,0,2.67,67,35.46
7.3,22.4,0.00,0.00,68,18.89,0,2.67,0,2.67,63,35.46
6.9,22.4,0.00,0.00,65,18.89,0,2.67,0,2.67,62,35.46
6.5,22.4,0.00,0.00,67,18.89,0,2.67,0,2.67,63,35.46
8.3,22.4,0.00,0.00,66,18.89,0,2.67,0,2.67,69,35.46
7.5,22.4,0.00,0.00,56,18.89,0,2.67,0,2.67,64,35.46
7.1,22.4,0.00,0.00,54,18.89,0,2.67,0,2.67,69,35.46
7.1,22.4,0.00,0.00,62,18.89,0,2.67,0,2.67,69,35.46
6.7,22.4,0.00,0.00,63,18.89,0,2.67,0,2.67,61,35.46
7.3,22.4,0.00,0.00,67,18.89,0,2.67,0,2.67,69,35.46
7.1,22.4,0.00,0.00,65,18.89,0,2.67,0,2.67,68,35.46
8.1,22.4,0.00,0.00,65,18.89,0,2.67,0,2.67,67,35.46
7.7,22.4,0.00,0.00,60,18.89,0,2.67,0,2.67,66,35.46
6.9,22.4,0.00,0.00,64,18.89,0,2.67,0,2.67,66,35.46
8.1,22.4,0.00,0.00,64,18.89,0,2.67,0,2.67,67,35.46
7.5,22.4,0.00,0.00,66,18.89,0,2.67,0,2.67,70,35.46
7.3,22.4,0.00,0.00,64,18.89,0,2.67,0,2.67,68,35.46
6.7,22.4,0.00,0.00,63,18.89,0,2.67,0,2.67,70,35.46
6.7,22.4,0.00,0.00,65,18.89,0,2.67,0,2.67,69,35.46
8.1,22.4,0.00,0.00,66,18.89,0,2.67,0,2.67,68,35.46
7.1,22.4,0.00,0.00,64,18.89,0,2.67,0,2.67,67,35.46
7.3,22.4,0.00,0.00,63,18.89,0,2.67,0,2.67,66,35.46
6.9,22.4,0.00,0.00,63,18.89,0,2.67,0,2.67,60,35.46
7.9,22.4,0.00,0.00,66,18.89,0,2.67,0,2.67,59,35.46
7.1,22.4,0.00,0.00,67,18.89,0,2.67,0,2.67,66,35.46
6.9,22.4,0.00,0.00,67,18.89,0,2.67,0,2.67,68,35.46
7.7,22.4,0.00,0.00,67,18.89,0,2.67,0,2.67,59,35.46
7.3,22.4,0.00,0.00,59,18.89,0,2.67,0,2.67,59,35.46
6.7,22.4,0.00,0.00,63,18.89,0,2.67,0,2.67,66,35.46
6.7,22.4,0.00,0.00,59,18.89,0,2.67,0,2.67,57,35.46
6.9,22.4,0.00,0.00,58,18.89,0,2.67,0,2.67,64,35.46
6.9,22.4,0.00,0.00,64,18.89,0,2.67,0,2.67,60,35.46
6.9,22.4,0.00,0.00,54,18.89,0,2.67,0,2.67,57,35.46
7.1,22.4,0.00,0.00,52,18.89,0,2.67,0,2.67,67,35.46
7.8,22.4,0.00,0.00,63,18.89,0,2.67,0,2.67,69,35.46
6.9,22.4,0.00,0.00,66,18.89,0,2.67,0,2.67,61,35.46
7.9,22.4,0.00,0.00,63,18.89,0,2.67,0,2.67,62,35.46
6.7,22.4,0.00,0.00,59,18.89,0,2.67,0,2.67,60,35.46
7.3,22.4,0.00,0.00,56,18.89,0,2.67,0,2.67,70,35.46
6.5,22.4,0.00,0.00,59,18.89,0,2.67,0,2.67,65,35.46
12.1,22.4,0.00,0.00,52,18.89,0,2.67,0,2.67,86,35.46
9.2,21.0,0.00,0.00,46,18.89,0,2.67,0,2.67,94,35.46
9.6,21.1,0.00,0.00,52,18.89,0,2.67,0,2.67,90,35.46
9.6,21.4,0.00,0.00,62,18.89,0,2.67,0,2.67,88,35.46
10.1,21.5,0.00,0.00,59,18.89,0,2.67,0,2.67,90,35.46
10.0,21.8,0.00,0.00,57,18.89,0,2.67,0,2.67,87,35.46
16.4,22.0,0.00,0.00,49,18.89,0,2.67,0,2.67,91,35.46
9.4,22.2,0.00,0.00,55,18.89,0,2.67,0,2.67,89,35.46
14.3,22.4,0.00,0.00,61,18.89,0,2.67,0,2.67,91,35.46
12.4,22.4,0.00,0.00,66,18.89,0,2.67,0,2.67,91,35.46
3.3,17.4,0.00,0.00,3,2.67,0,2.67,0,2.67,94,35.46
2.9,17.4,0.00,0.00,0,2.67,0,2.67,0,2.67,95,35.46
3.7,17.4,0.00,0.00,0,2.67,0,2.67,0,2.67,80,35.46
7.9,17.9,0.00,0.00,0,2.67,0,2.67,0,2.67,87,35.46
15.4,18.4,0.00,0.00,0,2.67,0,2.67,0,2.67,80,35.46
17.7,19.8,0.00,0.00,0,2.67,0,2.67,0,2.67,90,35.46
9.4,20.5,0.00,0.00,0,2.79,0,4.73,0,6.34,95,35.46
7.5,25.0,0.00,0.00,5,11.41,4,13.75,5,15.41,91,35.46
9.2,30.9,0.00,0.00,6,20.29,5,20.29,4,20.29,91,35.46
9.4,32.0,0.00,0.00,0,20.29,0,20.29,0,20.29,82,35.46
23.8,32.5,0.00,0.00,0,20.29,0,20.29,0,20.29,80,35.46
8.8,33.3,0.00,0.00,0,20.29,0,20.29,0,20.29,89,35.46
9.8,33.8,0.00,0.00,0,20.29,0,20.29,0,20.29,88,35.46
9.4,34.5,0.00,0.00,0,20.29,0,20.29,0,20.29,86,35.46
19.2,35.1,0.00,0.00,0,20.29,0,20.29,0,20.29,79,35.46
10.8,35.8,0.00,0.00,0,20.29,0,20.29,0,20.29,80,35.46
33.6,37.3,0.00,0.00,0,31.38,2,32.6,2,33.09,81,35.46
17.4,39.8,0.00,0.00,55,35.16,67,35.16,84,35.16,83,35.46
16.2,40.4,0.00,0.00,68,35.16,78,35.16,86,35.16,82,35.46
24.1,41.1,0.00,0.00,67,35.16,84,35.16,88,35.16,88,35.46
18.1,41.5,0.00,0.00,64,35.16,87,35.16,75,35.16,81,35.46
19.4,42.3,0.00,0.00,70,35.16,77,35.16,78,35.16,87,35.46
25.4,42.7,0.00,0.00,73,35.16,87,35.16,84,35.16,84,35.46
15.6,43.5,0.00,0.00,68,35.16,85,35.16,84,35.16,85,35.46
29.0,43.9,0.00,0.00,73,35.16,70,35.16,87,35.16,93,35.46
9.8,44.2,0.00,0.00,76,35.16,79,35.16,84,35.16,93,35.46
11.0,44.2,0.00,0.00,85,35.16,80,35.16,84,35.16,92,35.46
14.9,44.2,0.00,0.00,79,35.16,85,35.16,83,35.16,94,35.46
11.5,44.2,0.00,0.00,80,35.16,82,35.16,88,35.16,96,35.46
9.2,44.2,0.00,0.00,77,35.16,87,35.16,87,35.16,95,35.46
9.4,44.2,0.00,0.00,82,35.16,81,35.16,88,35.16,96,35.46
9.6,44.2,0.00,0.00,78,35.16,84,35.16,87,35.16,95,35.46
12.7,44.2,0.00,0.00,81,35.16,85,35.16,83,35.16,93,35.46
15.5,44.2,0.00,0.00,79,35.16,85,35.16,89,35.16,93,35.46
10.9,44.2,0.00,0.00,81,35.16,83,35.16,87,35.16,94,35.46
11.4,44.2,0.00,0.00,78,35.16,86,35.16,84,35.16,94,35.46
9.8,44.2,0.00,0.00,79,35.16,85,35.16,87,35.16,95,35.46
15.3,44.2,0.00,0.00,78,35.16,84,35.16,88,35.16,95,35.46
11.5,44.2,0.00,0.00,81,35.16,84,35.16,89,35.16,95,35.46
10.2,44.2,0.00,0.00,78,35.16,86,35.16,82,35.16,96,35.46
9.8,44.2,0.00,0.00,83,35.16,83,35.16,86,35.16,96,35.46
11.1,44.2,0.00,0.00,78,35.16,85,35.16,85,35.16,95,35.46
14.0,44.2,0.00,0.00,80,35.16,81,35.16,90,35.16,94,35.46
9.8,44.2,0.00,0.00,77,35.16,87,35.16,88,35.16,96,35.46
9.4,44.2,0.00,0.00,81,35.16,86,35.16,90,35.16,96,35.46
9.6,44.2,0.00,0.00,78,35.16,84,35.16,87,35.16,95,35.46
12.1,44.2,0.00,0.00,81,35.16,85,35.16,87,35.16,96,35.46
12.3,44.2,0.00,0.00,78,35.16,85,35.16,88,35.16,96,35.46
10.4,44.2,0.00,0.00,81,35.16,82,35.16,88,35.16,93,35.46
9.8,44.2,0.00,0.00,78,35.16,86,35.16,89,35.16,95,35.46
10.0,44.2,0.00,0.00,81,35.16,84,35.16,89,35.16,94,35.46
12.8,44.2,0.00,0.00,79,35.16,84,35.16,87,35.16,93,35.46
15.4,44.2,0.00,0.00,82,35.16,89,35.16,75,35.16,94,35.46
15.1,44.2,0.00,0.00,87,35.16,88,35.16,81,35.16,94,35.46
13.8,44.2,0.00,0.00,78,35.16,79,35.16,89,35.16,87,35.46
14.0,44.2,0.00,0.00,87,35.16,82,35.16,89,35.16,94,35.46
10.2,44.2,0.00,0.00,77,35.16,86,35.16,90,35.16,95,35.46
11.9,44.2,0.00,0.00,72,35.16,88,35.16,87,35.16,94,35.46
11.5,44.2,0.00,0.00,79,35.16,89,35.16,87,35.16,95,35.46
9.8,44.2,0.00,0.00,79,35.16,85,35.16,88,35.16,93,35.46
11.0,44.2,0.00,0.00,81,35.16,88,35.16,88,35.16,94,35.46
11.2,44.2,0.00,0.00,79,35.16,83,35.16,89,35.16,95,35.46
15.8,44.2,0.00,0.00,82,35.16,83,35.16,85,35.16,93,35.46
11.5,44.2,0.00,0.00,79,35.16,79,35.16,91,35.16,86,35.46
12.3,44.2,0.00,0.00,86,35.16,87,35.16,89,35.16,95,35.46
10.0,44.2,0.00,0.00,81,35.16,88,35.16,89,35.16,94,35.46
9.2,44.2,0.00,0.00,78,35.16,86,35.16,88,35.16,93,35.46
10.2,44.2,0.00,0.00,82,35.16,86,35.16,87,35.16,94,35.46
11.5,44.2,0.00,0.00,80,35.16,81,35.16,90,35.16,93,35.46
14.4,44.2,0.00,0.00,82,35.16,83,35.16,89,35.16,92,35.46
9.6,44.2,0.00,0.00,79,35.16,83,35.16,85,35.16,96,35.46
8.7,44.2,0.00,0.00,83,35.16,84,35.16,90,35.16,43,18.89
13.2,39.5,0.00,0.00,79,35.16,84,35.16,90,35.16,65,18.89
14.2,39.1,0.00,0.00,86,35.16,82,35.16,88,35.16,66,18.89
12.9,39.1,0.00,0.00,81,35.16,86,35.16,88,35.16,68,18.89
10.0,39.1,0.00,0.00,81,35.16,84,35.16,90,35.16,67,18.89
11.0,39.1,0.00,0.00,79,35.16,88,35.16,88,35.16,69,18.89
10.0,39.1,0.00,0.00,79,35.16,81,35.16,90,35.16,67,18.89
10.2,39.1,0.00,0.00,80,35.16,85,35.16,87,35.16,64,18.89
10.5,39.1,0.00,0.00,82,35.16,89,35.16,90,35.31,64,18.89
29.0,39.1,0.00,0.00,80,35.72,44,37.21,29,38.9,63,18.89
19.6,37.0,0.00,0.00,15,43.59,54,43.59,63,43.59,65,18.89
19.6,37.4,0.00,0.00,56,43.59,63,43.59,75,43.59,58,18.89
19.2,38.2,0.00,0.00,63,43.59,71,43.59,61,43.59,53,18.89
19.5,38.6,0.00,0.00,65,43.59,68,43.59,68,43.59,55,18.89
16.8,39.4,0.00,0.00,54,43.59,66,43.59,63,43.59,61,18.89
19.0,39.9,0.00,0.00,49,43.59,58,43.59,71,43.59,65,18.89
19.7,40.7,0.00,0.00,67,43.59,55,43.59,67,43.59,61,18.89
20.2,41.1,0.00,0.00,73,43.59,57,43.59,55,43.59,61,18.89
13.1,41.5,0.00,0.00,72,43.59,55,43.59,79,43.59,63,18.89
13.5,41.5,0.00,0.00,73,43.59,52,43.59,62,43.59,60,18.89
13.6,41.5,0.00,0.00,76,43.59,65,43.59,64,43.59,66,18.89
12.5,41.5,0.00,0.00,74,43.59,69,43.59,81,43.59,65,18.89
12.6,41.5,0.00,0.00,52,43.59,81,43.59,79,43.59,65,18.89
12.8,41.5,0.00,0.00,57,43.59,76,43.59,77,43.59,67,18.89
12.3,41.5,0.00,0.00,57,43.59,75,43.59,84,43.59,60,18.89
13.4,41.5,0.00,0.00,52,43.59,69,43.59,81,43.59,59,18.89
13.4,41.5,0.00,0.00,69,43.59,61,43.59,85,43.59,68,18.89
12.5,41.5,0.00,0.00,66,43.59,60,43.59,78,43.59,72,18.89
12.9,41.5,0.00,0.00,76,43.59,61,43.59,75,43.59,66,18.89
12.9,41.5,0.00,0.00,71,43.59,57,43.59,80,43.59,64,18.89
13.0,41.5,0.00,0.00,64,43.59,70,43.59,75,43.59,68,18.89
13.6,41.5,0.00,0.00,71,43.59,68,43.59,77,43.59,61,18.89
14.0,41.5,0.00,0.00,74,43.59,65,43.59,64,43.59,63,18.89
14.2,41.5,0.00,0.00,75,43.59,65,43.59,79,43.59,65,18.89
13.4,41.5,0.00,0.00,56,43.59,69,43.59,57,43.59,61,18.89
12.8,41.5,0.00,0.00,49,43.59,71,43.59,78,43.59,63,18.89
12.9,41.5,0.00,0.00,71,43.59,70,43.59,67,43.59,65,18.89
12.3,41.5,0.00,0.00,71,43.59,75,43.59,57,43.59,61,18.89
13.7,41.5,0.00,0.00,78,43.59,73,43.59,64,43.59,63,18.89
12.9,41.5,0.00,0.00,65,43.59,74,43.59,67,43.59,62,18.89
13.5,41.5,0.00,0.00,65,43.59,75,43.59,73,43.59,61,18.89
13.4,41.5,0.00,0.00,64,43.59,73,43.59,52,43.59,61,18.89
10.0,41.5,0.00,0.00,78,43.59,72,43.59,59,43.59,63,18.89
16.6,36.8,0.00,0.00,16,43.59,41,43.59,52,43.59,53,18.89
18.4,37.5,0.00,0.00,72,43.59,82,43.59,88,43.59,58,18.89
16.0,38.0,0.00,0.00,80,43.59,85,43.59,83,43.59,61,18.89
22.2,38.7,0.00,0.00,59,43.59,88,43.59,59,43.59,54,18.89
17.5,39.2,0.00,0.00,67,43.59,83,43.59,61,43.59,53,18.89
16.1,39.9,0.00,0.00,78,43.59,90,43.59,64,43.59,54,18.89
18.6,40.5,0.00,0.00,72,43.59,91,43.59,75,43.59,47,18.89
21.6,41.1,0.00,0.00,71,43.59,87,43.59,81,43.59,55,18.89
18.4,41.6,0.00,0.00,78,43.59,84,43.59,91,43.59,67,18.89
11.7,41.6,0.00,0.00,84,43.59,87,43.59,91,43.59,59,18.89
14.1,41.6,0.00,0.00,81,43.59,90,43.59,90,43.59,59,18.89
10.4,41.6,0.00,0.00,85,43.59,88,43.59,91,43.59,64,18.89
9.8,41.6,0.00,0.00,78,43.59,89,43.59,91,43.59,68,18.89
10.2,41.6,0.00,0.00,81,43.59,89,43.59,91,43.59,65,18.89
13.5,41.6,0.00,0.00,80,43.59,84,43.59,91,43.59,65,18.89
15.4,41.6,0.00,0.00,84,43.59,86,43.59,91,43.59,64,18.89
11.3,41.6,0.00,0.00,79,43.59,88,43.59,90,43.59,68,18.89
10.4,41.6,0.00,0.00,84,43.59,88,43.59,92,43.59,65,18.89
12.5,41.6,0.00,0.00,84,43.59,89,43.59,91,43.59,65,18.89
9.8,41.6,0.00,0.00,82,43.59,86,43.59,90,43.59,69,18.89
10.0,41.5,0.00,0.00,80,43.59,91,43.59,92,43.59,65,18.89
12.5,41.5,0.00,0.00,78,43.59,88,43.59,88,43.59,66,18.89
15.4,41.6,0.00,0.00,80,43.59,90,43.59,90,43.59,66,18.89
11.1,41.5,0.00,0.00,79,43.59,92,43.59,89,43.59,60,18.89
10.2,41.5,0.00,0.00,83,43.59,91,43.59,91,43.59,64,18.89
9.8,41.5,0.00,0.00,78,43.59,90,43.59,90,43.59,65,18.89
10.0,41.5,0.00,0.00,83,43.59,93,43.59,89,43.59,66,18.89
11.6,41.5,0.00,0.00,78,43.59,85,43.59,92,43.59,67,18.89
12.0,41.5,0.00,0.00,81,43.59,87,43.59,90,43.59,65,18.89
14.8,41.5,0.00,0.00,82,43.59,86,43.59,93,43.59,64,18.89
14.7,41.5,0.00,0.00,77,43.59,92,43.59,91,43.59,65,18.89
10.2,41.5,0.00,0.00,82,43.59,88,43.59,95,43.59,62,18.89
12.1,41.5,0.00,0.00,85,43.59,89,43.59,93,43.59,68,18.89
10.0,41.5,0.00,0.00,80,43.59,91,43.59,90,43.59,69,18.89
10.0,41.5,0.00,0.00,81,43.59,91,43.59,92,43.59,66,18.89
10.0,41.5,0.00,0.00,78,43.59,91,43.59,90,43.59,66,18.89
11.6,41.6,0.00,0.00,78,43.59,94,43.59,93,43.59,66,18.89
10.0,41.6,0.00,0.00,75,43.59,89,43.59,92,43.59,67,18.89
10.3,41.6,0.00,0.00,77,43.59,92,43.59,91,43.59,61,18.89
11.3,41.5,0.00,0.00,80,43.59,94,43.59,93,43.59,64,18.89
13.8,41.5,0.00,0.00,76,43.59,93,43.59,85,43.59,66,18.89
15.4,41.6,0.00,0.00,86,43.59,94,43.59,84,43.59,64,18.89
15.4,41.5,0.00,0.00,82,43.59,92,43.59,84,43.59,67,18.89
13.5,41.6,0.00,0.00,82,43.59,93,43.59,90,43.59,60,18.89
9.8,41.6,0.00,0.00,83,43.59,93,43.59,94,43.59,58,18.89
9.6,39.9,0.00,0.00,72,43.59,94,43.59,95,43.59,3,2.67
13.3,36.5,0.00,0.00,73,43.59,96,43.59,91,43.59,0,2.67
6.9,36.5,0.00,0.00,73,43.59,96,43.59,91,43.59,0,2.67
6.8,36.5,0.00,0.00,75,43.59,95,43.59,94,43.59,0,2.67
6.6,36.5,0.00,0.00,81,43.59,95,43.59,92,43.59,0,2.67
12.2,36.7,0.00,0.00,80,43.59,94,43.59,91,43.59,0,2.67
13.2,37.1,0.00,0.00,80,43.59,87,43.59,89,43.59,0,2.67
96.2,37.5,0.00,0.00,81,43.59,83,43.59,87,43.59,0,2.67
13.8,37.9,0.00,0.00,79,43.59,94,43.59,81,43.59,0,2.67
10.8,38.7,0.00,0.00,80,43.59,92,43.59,92,43.59,5,12.41
12.1,40.9,0.00,0.00,82,43.59,91,43.59,92,43.59,8,39.48
8.6,41.8,0.00,0.00,78,43.59,96,43.59,94,43.59,0,39.48
12.6,41.9,0.00,0.00,78,43.59,92,43.59,93,43.59,0,39.48
12.9,42.2,0.00,0.00,82,43.59,92,43.59,94,43.59,0,39.48
10.9,42.4,0.00,0.00,75,43.59,87,43.59,91,43.59,0,39.48
10.0,42.6,0.00,0.00,73,43.59,89,43.59,90,43.59,0,39.48
9.1,42.8,0.00,0.00,74,43.59,94,43.59,92,43.59,0,39.48
83.8,43.0,0.00,0.00,77,43.59,92,43.59,93,43.59,2,41.85
48.1,44.1,0.00,0.00,81,43.59,90,43.59,90,43.59,76,49.42
10.6,44.3,0.00,0.00,77,43.59,91,43.59,92,43.59,71,49.42
30.4,44.6,0.00,0.00,80,43.59,53,43.59,52,43.59,74,49.42
21.0,40.2,0.00,0.00,32,43.59,67,43.59,72,43.59,77,49.42
20.0,40.9,0.00,0.00,56,43.59,58,43.59,72,43.59,71,49.42
85.6,41.7,0.00,0.00,52,43.59,80,43.59,77,43.59,77,49.42
47.1,42.5,0.00,0.00,65,43.59,77,43.59,74,43.59,75,49.42
79.6,43.4,0.00,0.00,54,43.59,70,43.59,60,43.59,72,49.42
94.0,44.1,0.00,0.00,70,43.59,54,43.59,69,43.59,70,49.42
95.8,44.9,0.00,0.00,59,43.59,59,43.59,56,43.59,69,49.42
74.0,45.4,0.00,0.00,72,43.59,58,43.59,66,43.59,80,49.42
13.4,45.9,0.00,0.00,68,43.59,80,43.59,70,43.59,79,49.42
13.1,45.9,0.00,0.00,56,43.59,75,43.59,77,43.59,80,49.42
13.7,45.9,0.00,0.00,65,43.59,75,43.59,72,43.59,81,49.42
12.1,45.8,0.00,0.00,58,43.59,74,43.59,75,43.59,81,49.42
12.7,45.8,0.00,0.00,55,43.59,76,43.59,74,43.59,83,49.42
12.7,45.8,0.00,0.00,61,43.59,67,43.59,76,43.59,83,49.42
13.3,45.8,0.00,0.00,72,43.59,74,43.59,78,43.59,81,49.42
13.9,45.8,0.00,0.00,77,43.59,59,43.59,81,43.59,78,49.42
12.5,45.8,0.00,0.00,80,43.59,61,43.59,67,43.59,80,49.42
11.9,45.8,0.00,0.00,73,43.59,73,43.59,82,43.59,81,49.42
12.3,45.8,0.00,0.00,55,43.59,66,43.59,79,43.59,82,49.42
12.5,45.8,0.00,0.00,54,43.59,71,43.59,75,43.59,81,49.42
12.4,45.8,0.00,0.00,74,43.59,74,43.59,61,43.59,82,49.42
12.9,45.8,0.00,0.00,72,43.59,68,43.59,74,43.59,81,49.42
11.6,45.8,0.00,0.00,69,43.59,71,43.59,63,43.59,82,49.42
12.3,45.8,0.00,0.00,65,43.59,71,43.59,72,43.59,83,49.42
12.1,45.8,0.00,0.00,57,43.59,80,43.59,46,43.59,84,49.42
12.8,45.8,0.00,0.00,52,43.59,71,43.59,81,43.59,82,49.42
12.1,45.8,0.00,0.00,68,43.59,62,43.59,79,43.59,80,49.42
11.7,45.8,0.00,0.00,70,43.59,62,43.59,81,43.59,84,49.42
12.1,45.8,0.00,0.00,77,43.59,64,43.59,75,43.59,85,49.42
11.9,45.8,0.00,0.00,78,43.59,61,43.59,74,43.59,85,49.42
12.5,45.8,0.00,0.00,74,43.59,67,43.59,78,43.59,82,49.42
13.0,45.8,0.00,0.00,68,43.59,75,43.59,59,43.59,84,49.42
12.7,45.8,0.00,0.00,61,43.59,72,43.59,76,43.59,82,49.42
11.5,40.9,0.00,0.00,55,43.59,14,43.59,30,43.59,73,49.42
16.1,41.7,0.00,0.00,67,43.59,86,43.59,93,43.59,72,49.42
28.0,42.1,0.00,0.00,70,43.59,93,43.59,83,43.59,67,49.42
21.0,42.9,0.00,0.00,79,43.59,75,43.59,86,43.59,67,49.42
17.1,43.3,0.00,0.00,72,43.59,79,43.59,85,43.59,72,49.42
17.0,44.1,0.00,0.00,72,43.59,83,43.59,88,43.59,82,49.42
25.5,44.6,0.00,0.00,68,43.59,94,43.59,90,43.59,76,49.42
18.4,45.3,0.00,0.00,67,43.59,80,43.59,95,43.59,73,49.42
20.6,45.8,0.00,0.00,69,43.59,93,43.59,82,43.59,81,49.42
8.8,45.9,0.00,0.00,85,43.59,89,43.59,87,43.59,83,49.42
9.4,45.9,0.00,0.00,89,43.59,86,43.59,86,43.59,83,49.42
10.6,45.9,0.00,0.00,83,43.59,84,43.59,95,43.59,82,49.42
11.6,45.9,0.00,0.00,84,43.59,91,43.59,94,43.59,82,49.42
13.5,45.8,0.00,0.00,81,43.59,91,43.59,95,43.59,84,49.42
11.8,45.8,0.00,0.00,77,43.59,94,43.59,95,43.59,86,49.42
9.2,45.8,0.00,0.00,84,43.59,91,43.59,95,43.59,81,49.42
9.5,45.8,0.00,0.00,79,43.59,92,43.59,95,43.59,84,49.42
9.0,45.8,0.00,0.00,83,43.59,91,43.59,96,43.59,83,49.42
14.6,45.8,0.00,0.00,82,43.59,92,43.59,88,43.59,84,49.42
10.6,45.8,0.00,0.00,86,43.59,92,43.59,96,43.59,84,49.42
8.8,45.8,0.00,0.00,82,43.59,92,43.59,95,43.59,85,49.42
10.8,45.8,0.00,0.00,82,43.59,93,43.59,96,43.59,82,49.42
14.8,45.8,0.00,0.00,81,43.59,90,43.59,95,43.59,80,49.42
12.9,45.8,0.00,0.00,86,43.59,92,43.59,96,43.59,83,49.42
8.8,45.8,0.00,0.00,82,43.59,93,43.59,93,43.59,83,49.42
8.4,45.8,0.00,0.00,84,43.59,91,43.59,94,43.59,84,49.42
9.1,45.8,0.00,0.00,80,43.59,94,43.59,95,43.59,84,49.42
15.8,45.8,0.00,0.00,82,43.59,91,43.59,96,43.59,81,49.42
10.4,45.8,0.00,0.00,81,43.59,91,43.59,94,43.59,80,49.42
8.5,45.8,0.00,0.00,85,43.59,91,43.59,96,43.59,84,49.42
9.8,45.8,0.00,0.00,82,43.59,92,43.59,95,43.59,85,49.42
10.0,45.8,0.00,0.00,84,43.59,91,43.59,96,43.59,82,49.42
14.2,45.8,0.00,0.00,83,43.59,94,43.59,95,43.59,87,49.42
10.4,45.8,0.00,0.00,84,43.59,89,43.59,96,43.59,84,49.42
9.3,45.8,0.00,0.00,82,43.59,92,43.59,93,43.59,83,49.42
9.8,45.8,0.00,0.00,85,43.59,92,43.59,95,43.59,85,49.42
12.1,45.8,0.00,0.00,78,43.59,94,43.59,92,43.59,85,49.42
14.5,45.8,0.00,0.00,84,43.59,92,43.59,96,43.59,84,49.42
12.3,45.8,0.00,0.00,82,43.59,94,43.59,94,43.59,84,49.42
9.3,45.8,0.00,0.00,85,43.59,91,43.59,95,43.59,85,49.42
8.4,45.8,0.00,0.00,84,43.59,94,43.59,80,43.59,83,49.42
10.9,45.8,0.00,0.00,86,43.59,90,43.59,78,43.59,85,49.42
11.7,45.8,0.00,0.00,86,43.59,94,43.59,81,43.59,83,49.42
11.0,45.8,0.00,0.00,87,43.59,91,43.59,96,43.59,83,49.42
14.4,45.8,0.00,0.00,82,43.59,92,43.59,95,43.59,84,49.42
10.2,45.8,0.00,0.00,84,43.59,92,43.59,94,43.59,84,49.42
9.0,45.8,0.00,0.00,80,43.59,91,43.59,96,43.59,86,49.42
8.8,45.8,0.00,0.00,85,43.59,93,43.59,95,43.59,84,49.42
9.2,45.8,0.00,0.00,84,43.59,92,43.59,96,43.59,85,49.42
10.8,45.8,0.00,0.00,81,43.59,93,43.59,95,43.59,85,49.42
14.4,45.8,0.00,0.00,86,43.59,92,43.59,95,43.59,85,49.42
11.3,45.8,0.00,0.00,81,43.59,93,43.59,93,43.59,86,49.42
9.0,45.8,0.00,0.00,84,43.59,93,43.59,89,43.59,84,49.42
9.8,45.8,0.00,0.00,83,43.59,94,43.59,94,43.59,86,49.42
10.2,45.8,0.00,0.00,85,43.59,92,43.59,96,43.59,84,49.42
13.6,45.8,0.00,0.00,82,43.59,91,43.59,94,43.59,86,49.42
14.9,45.8,0.00,0.00,85,43.59,93,43.59,95,43.59,84,49.42
9.4,45.8,0.00,0.00,81,43.59,91,43.59,95,43.59,82,49.42
8.7,45.8,0.00,0.00,85,43.59,93,43.59,93,43.59,84,49.42
8.3,45.8,0.00,0.00,84,43.59,87,43.59,95,43.59,86,49.42
8.9,45.8,0.00,0.00,87,43.59,88,43.59,96,43.59,84,49.42
8.5,45.8,0.00,0.00,82,43.59,92,43.59,93,43.59,83,49.42
8.4,45.8,0.00,0.00,86,43.59,94,43.59,80,43.59,82,49.42
10.4,45.8,0.00,0.00,86,43.59,94,43.59,80,43.59,84,49.42
29.0,45.8,0.00,0.00,87,43.59,21,43.59,9,43.59,73,49.42
19.9,41.3,0.00,0.00,68,43.59,69,43.59,78,43.59,79,49.42
19.3,41.8,0.00,0.00,52,43.59,78,43.59,78,43.59,72,49.42
18.2,42.6,0.00,0.00,61,43.59,53,43.59,73,43.59,82,49.42
18.1,43.0,0.00,0.00,56,43.59,73,43.59,48,43.59,79,49.42
35.7,43.7,0.00,0.00,58,43.59,51,43.59,74,43.59,82,49.42
51.1,44.2,0.00,0.00,50,43.59,74,43.59,77,43.59,85,49.42
93.2,44.9,0.00,0.00,68,43.59,69,43.59,79,43.59,81,49.42
90.3,45.4,0.00,0.00,60,43.59,77,43.59,69,43.59,88,49.42
13.1,45.9,0.00,0.00,68,43.59,70,43.59,63,43.59,87,49.42
13.4,45.9,0.00,0.00,77,43.59,59,43.59,84,43.59,87,49.42
12.3,45.9,0.00,0.00,79,43.59,63,43.59,83,43.59,88,49.42
12.1,45.8,0.00,0.00,72,43.59,61,43.59,81,43.59,89,49.42
11.3,45.8,0.00,0.00,78,43.59,55,43.59,86,43.59,84,49.42
11.0,45.8,0.00,0.00,72,43.59,78,43.59,64,43.59,83,49.42
12.3,45.8,0.00,0.00,62,43.59,77,43.59,78,43.59,86,49.42
15.0,45.8,0.00,0.00,62,43.59,76,43.59,78,43.59,85,49.42
13.9,45.8,0.00,0.00,59,43.59,77,43.59,74,43.59,83,49.42
12.3,45.8,0.00,0.00,66,43.59,75,43.59,57,43.59,85,49.42
13.3,45.8,0.00,0.00,62,43.59,76,43.59,73,43.59,85,49.42
11.3,45.8,0.00,0.00,60,43.59,73,43.59,65,43.59,85,49.42
11.3,45.8,0.00,0.00,69,43.59,80,43.59,54,43.59,83,49.42
11.6,45.8,0.00,0.00,75,43.59,77,43.59,65,43.59,82,49.42
11.9,45.8,0.00,0.00,52,43.59,79,43.59,79,43.59,83,49.42
13.2,45.8,0.00,0.00,71,43.59,76,43.59,76,43.59,86,49.42
12.9,45.8,0.00,0.00,55,43.59,78,43.59,75,43.59,82,49.42
11.7,45.8,0.00,0.00,45,43.59,75,43.59,81,43.59,85,49.42
11.5,45.8,0.00,0.00,63,43.59,74,43.59,55,43.59,84,49.42
12.3,45.8,0.00,0.00,78,43.59,81,43.59,53,43.59,85,49.42
11.5,45.8,0.00,0.00,75,43.59,78,43.59,53,43.59,85,49.42
15.0,45.8,0.00,0.00,74,43.59,76,43.59,65,43.59,85,49.42
14.3,45.8,0.00,0.00,67,43.59,74,43.59,78,43.59,84,49.42
12.5,45.8,0.00,0.00,68,43.59,73,43.59,76,43.59,87,49.42
12.9,45.8,0.00,0.00,62,43.59,71,43.59,78,43.59,84,49.42
23.8,45.8,0.00,0.00,60,43.59,35,43.59,0,43.59,79,49.42
57.9,41.3,0.00,0.00,37,43.59,52,43.59,81,43.59,69,49.42
65.4,41.8,0.00,0.00,81,43.59,89,43.59,80,43.59,77,49.42
60.3,42.5,0.00,0.00,78,43.59,85,43.59,75,43.59,80,49.42
30.8,43.0,0.00,0.00,78,43.59,90,43.59,69,43.59,79,49.42
27.6,43.7,0.00,0.00,70,43.59,80,43.59,77,43.59,79,49.42
18.2,44.2,0.00,0.00,77,43.59,82,43.59,72,43.59,78,49.42
19.6,44.9,0.00,0.00,78,43.59,83,43.59,86,43.59,83,49.42
13.8,45.5,0.00,0.00,76,43.59,88,43.59,85,43.59,75,49.42
10.9,45.9,0.00,0.00,70,43.59,92,43.59,93,43.59,81,49.42
9.6,45.9,0.00,0.00,80,43.59,93,43.59,95,43.59,81,49.42
11.3,45.8,0.00,0.00,79,43.59,91,43.59,89,43.59,82,49.42
14.6,45.9,0.00,0.00,79,43.59,93,43.59,93,43.59,84,49.42
10.6,45.8,0.00,0.00,83,43.59,91,43.59,94,43.59,84,49.42
10.2,45.8,0.00,0.00,78,43.59,93,43.59,96,43.59,84,49.42
9.8,45.8,0.00,0.00,82,43.59,93,43.59,95,43.59,81,49.42
10.0,45.8,0.00,0.00,79,43.59,93,43.59,96,43.59,85,49.42
10.0,45.8,0.00,0.00,72,43.59,94,43.59,97,43.59,87,49.42
9.6,45.8,0.00,0.00,76,43.59,94,43.59,96,43.59,83,49.42
10.4,45.8,0.00,0.00,75,43.59,94,43.59,96,43.59,83,49.42
9.2,45.8,0.00,0.00,74,43.59,95,43.59,96,43.59,83,49.42
9.2,45.8,0.00,0.00,74,43.59,95,43.59,97,43.59,84,49.42
13.5,45.8,0.00,0.00,74,43.59,94,43.59,96,43.59,84,49.42
12.7,45.8,0.00,0.00,75,43.59,95,43.59,97,43.59,82,49.42
15.9,45.8,0.00,0.00,80,43.59,92,43.59,95,43.59,86,49.42
11.3,45.8,0.00,0.00,81,43.59,93,43.59,97,43.59,83,49.42
11.7,45.8,0.00,0.00,83,43.59,91,43.59,96,43.59,82,49.42
8.4,45.8,0.00,0.00,79,43.59,94,43.59,96,43.59,84,49.42
8.7,45.8,0.00,0.00,82,43.59,91,43.59,95,43.59,83,49.42
9.8,45.8,0.00,0.00,80,43.59,93,43.59,95,43.59,85,49.42
12.3,45.8,0.00,0.00,82,43.59,95,43.59,84,43.59,84,49.42
9.1,45.8,0.00,0.00,84,43.59,95,43.59,79,43.59,82,49.42
9.1,45.8,0.00,0.00,84,43.59,93,43.59,77,43.59,86,49.42
13.6,45.8,0.00,0.00,85,43.59,93,43.59,77,43.59,84,49.42
9.2,45.8,0.00,0.00,85,43.59,94,43.59,80,43.59,85,49.42
9.2,45.8,0.00,0.00,83,43.59,94,43.59,80,43.59,83,49.42
14.4,45.8,0.00,0.00,84,43.59,94,43.59,79,43.59,86,49.42
10.0,45.8,0.00,0.00,85,43.59,92,43.59,80,43.59,82,49.42
9.4,45.8,0.00,0.00,74,43.59,95,43.59,84,43.59,85,49.42
14.8,45.8,0.00,0.00,73,43.59,96,43.59,93,43.59,82,49.42
9.3,45.8,0.00,0.00,75,43.59,96,43.59,93,43.59,80,49.42
12.0,45.8,0.00,0.00,77,43.59,88,43.59,96,43.59,85,49.42
14.4,45.8,0.00,0.00,74,43.59,94,43.59,96,43.59,83,49.42
12.4,45.8,0.00,0.00,75,43.59,94,43.59,97,43.59,82,49.42
8.8,45.8,0.00,0.00,76,43.59,94,43.59,97,43.59,82,49.42
8.5,45.8,0.00,0.00,75,43.59,96,43.59,96,43.59,85,49.42
9.1,45.8,0.00,0.00,75,43.59,96,43.59,96,43.59,84,49.42
13.1,45.8,0.00,0.00,75,43.59,95,43.59,96,43.59,85,49.42
12.2,45.8,0.00,0.00,74,43.59,90,43.59,96,43.59,84,49.42
9.0,45.8,0.00,0.00,74,43.59,93,43.59,96,43.59,87,49.42
8.4,45.8,0.00,0.00,74,43.59,96,43.59,96,43.59,85,49.42
9.7,45.8,0.00,0.00,73,43.59,96,43.59,96,43.59,82,49.42
9.6,45.8,0.00,0.00,76,43.59,96,43.59,96,43.59,84,49.42
11.7,45.8,0.00,0.00,77,43.59,96,43.59,96,43.59,80,49.42
14.2,45.8,0.00,0.00,75,43.59,92,43.59,96,43.59,83,49.42
11.5,45.8,0.00,0.00,80,43.59,92,43.59,96,43.59,82,49.42
11.5,45.8,0.00,0.00,85,43.59,94,43.59,95,43.59,86,49.42
9.8,45.8,0.00,0.00,82,43.59,91,43.59,96,43.59,82,49.42
9.8,45.8,0.00,0.00,84,43.59,94,43.59,94,43.59,85,49.42
11.0,45.8,0.00,0.00,81,43.59,89,43.59,96,43.59,84,49.42
12.7,45.8,0.00,0.00,81,43.59,95,43.59,94,43.59,86,49.42
14.0,45.8,0.00,0.00,82,43.59,93,43.59,95,43.59,82,49.42
10.2,45.8,0.00,0.00,81,43.59,94,43.59,96,43.59,85,49.42
8.7,45.8,0.00,0.00,83,43.59,93,43.59,95,43.59,82,49.42
9.6,45.8,0.00,0.00,81,43.59,90,43.59,95,43.59,85,49.42
9.4,45.8,0.00,0.00,83,43.59,94,43.59,96,43.59,83,49.42
8.7,45.8,0.00,0.00,84,43.59,91,43.59,97,43.59,86,49.54
34.4,45.8,0.00,0.00,86,43.59,40,43.59,17,43.59,2,67.68
20.0,40.7,0.00,0.00,32,43.59,67,43.59,54,43.59,98,84.11
19.4,41.2,0.00,0.00,66,43.59,63,43.59,64,43.59,100,84.11
23.9,42.2,0.00,0.00,49,43.59,76,43.59,52,43.59,100,84.11
21.7,42.8,0.00,0.00,74,43.59,66,43.59,73,43.59,100,84.11
20.1,43.8,0.00,0.00,53,43.59,68,43.59,64,43.59,100,84.11
92.1,44.4,0.00,0.00,73,43.59,58,43.59,61,43.59,100,84.11
61.8,45.4,0.00,0.00,68,43.59,60,43.59,57,43.59,100,84.11
99.6,46.0,0.00,0.00,75,43.59,76,43.59,79,43.59,100,84.11
12.7,46.7,0.00,0.00,49,43.59,76,43.59,83,43.59,100,84.11
12.3,46.7,0.00,0.00,69,43.59,69,43.59,53,43.59,100,84.11
13.0,46.7,0.00,0.00,75,43.59,80,43.59,55,43.59,100,84.11
11.5,46.7,0.00,0.00,63,43.59,81,43.59,71,43.59,100,84.11
11.7,46.7,0.00,0.00,66,43.59,80,43.59,73,43.59,100,84.11
12.1,46.7,0.00,0.00,61,43.59,69,43.59,74,43.59,100,84.11
12.1,46.7,0.00,0.00,58,43.59,85,43.59,71,43.59,100,84.11
13.4,46.7,0.00,0.00,67,43.59,76,43.59,69,43.59,100,84.11
13.6,46.7,0.00,0.00,72,43.59,77,43.59,61,43.59,100,84.11
13.5,46.7,0.00,0.00,73,43.59,73,43.59,77,43.59,100,84.11
13.0,46.7,0.00,0.00,74,43.59,65,43.59,77,43.59,100,84.11
12.9,46.7,0.00,0.00,60,43.59,74,43.59,71,43.59,100,84.11
13.4,46.7,0.00,0.00,70,43.59,80,43.59,64,43.59,100,84.11
12.8,46.7,0.00,0.00,68,43.59,79,43.59,75,43.59,100,84.11
12.1,46.7,0.00,0.00,66,43.59,63,43.59,75,43.59,100,84.11
12.2,46.7,0.00,0.00,74,43.59,67,43.59,57,43.59,100,84.11
14.4,46.7,0.00,0.00,69,43.59,73,43.59,68,43.59,100,84.11
11.1,46.7,0.00,0.00,74,43.59,74,43.59,63,43.59,100,84.11
12.3,46.7,0.00,0.00,62,43.59,82,43.59,61,43.59,100,84.11
12.8,46.7,0.00,0.00,56,43.59,79,43.59,57,43.59,100,84.11
13.4,46.7,0.00,0.00,68,43.59,80,43.59,49,43.59,100,84.11
11.7,46.7,0.00,0.00,76,43.59,81,43.59,52,43.59,100,84.11
11.3,46.7,0.00,0.00,67,43.59,75,43.59,76,43.59,100,84.11
13.2,46.7,0.00,0.00,39,43.59,91,43.59,60,43.59,100,84.11
11.3,46.7,0.00,0.00,77,43.59,80,43.59,61,43.59,100,84.11
15.4,46.7,0.00,0.00,67,43.59,82,43.59,17,43.59,100,84.11
17.4,35.8,0.00,0.00,3,28.17,77,28.17,90,28.17,100,84.11
9.8,32.2,0.00,0.00,78,28.17,92,28.17,93,28.17,100,84.11
9.1,32.2,0.00,0.00,78,28.17,93,28.17,93,28.17,100,84.11
9.0,32.2,0.00,0.00,79,28.17,92,28.17,94,28.17,100,84.11
10.1,32.2,0.00,0.00,79,28.17,94,28.17,92,28.17,100,84.11
15.3,32.2,0.00,0.00,80,28.17,92,28.17,94,28.17,100,84.11
13.2,32.2,0.00,0.00,78,28.17,94,28.17,94,28.17,100,84.11
9.4,32.2,0.00,0.00,80,28.17,91,28.17,94,28.17,100,84.11
8.5,32.2,0.00,0.00,79,28.17,93,28.17,92,28.17,100,84.11
10.6,32.2,0.00,0.00,81,28.17,92,28.17,94,28.17,100,84.11
11.0,32.2,0.00,0.00,76,28.17,94,28.17,95,28.17,100,84.11
8.7,32.2,0.00,0.00,82,28.17,93,28.17,95,28.17,100,84.11
11.3,32.2,0.00,0.00,79,28.17,94,28.17,78,28.17,100,84.11
8.9,32.2,0.00,0.00,83,28.17,94,28.17,77,28.17,100,84.11
14.0,32.2,0.00,0.00,82,28.17,95,28.17,79,28.17,100,84.11
10.4,32.2,0.00,0.00,84,28.17,94,28.17,80,28.17,100,84.11
8.5,32.2,0.00,0.00,84,28.17,94,28.17,78,28.17,100,84.11
12.7,32.2,0.00,0.00,85,28.17,94,28.17,79,28.17,100,84.11
9.3,32.2,0.00,0.00,85,28.17,95,28.17,80,28.17,100,84.11
11.0,32.2,0.00,0.00,85,28.17,94,28.17,79,28.17,100,84.11
13.2,32.2,0.00,0.00,84,28.17,95,28.17,79,28.17,100,84.11
8.8,32.2,0.00,0.00,84,28.17,94,28.17,79,28.17,100,84.11
8.5,32.2,0.00,0.00,84,28.17,95,28.17,80,28.17,100,84.11
13.1,32.2,0.00,0.00,86,28.17,95,28.17,80,28.17,100,84.11
11.9,32.2,0.00,0.00,85,28.17,95,28.17,79,28.17,100,84.11
9.0,32.2,0.00,0.00,85,28.17,95,28.17,76,28.17,100,84.11
12.8,32.2,0.00,0.00,87,28.17,94,28.17,79,28.17,100,84.11
8.4,32.2,0.00,0.00,85,28.17,95,28.17,79,28.17,100,84.11
9.8,32.2,0.00,0.00,85,28.17,94,28.17,81,28.17,100,84.11
14.4,32.2,0.00,0.00,85,28.17,95,28.17,79,28.17,100,84.11
8.5,32.2,0.00,0.00,86,28.17,95,28.17,79,28.17,100,84.11
8.9,32.2,0.00,0.00,85,28.17,95,28.17,79,28.17,100,84.11
13.3,32.2,0.00,0.00,85,28.17,95,28.17,76,28.17,100,84.11
10.6,32.2,0.00,0.00,87,28.17,95,28.17,77,28.17,100,84.11
9.8,32.2,0.00,0.00,85,28.17,95,28.17,79,28.17,100,84.11
10.9,32.2,0.00,0.00,86,28.17,93,28.17,79,28.17,100,84.11
9.9,32.2,0.00,0.00,84,28.17,95,28.17,86,28.17,100,84.11
10.6,32.2,0.00,0.00,82,28.17,94,28.17,95,28.17,100,84.11
10.8,32.2,0.00,0.00,82,28.17,92,28.17,94,28.17,100,84.11
10.1,32.2,0.00,0.00,85,28.17,91,28.17,96,28.17,100,84.11
14.7,32.2,0.00,0.00,81,28.17,93,28.17,76,28.17,100,84.11
13.4,32.2,0.00,0.00,86,28.17,91,28.17,80,28.17,100,84.11
12.7,32.2,0.00,0.00,72,28.17,93,28.17,93,28.17,100,84.11
13.4,32.2,0.00,0.00,75,28.17,95,28.17,94,28.17,100,84.11
13.8,32.2,0.00,0.00,75,28.17,95,28.17,92,28.17,100,84.11
14.3,32.2,0.00,0.00,80,28.17,91,28.17,78,28.17,100,84.11
8.6,32.2,0.00,0.00,80,28.17,96,28.17,78,28.17,100,84.11
11.7,32.2,0.00,0.00,84,28.17,95,28.17,78,28.17,100,84.11
13.8,32.2,0.00,0.00,85,28.17,94,28.17,78,28.17,100,84.11
15.3,32.2,0.00,0.00,86,28.17,93,28.17,76,28.17,100,84.11
13.9,32.2,0.00,0.00,87,28.17,96,28.17,77,28.17,100,84.11
13.3,32.2,0.00,0.00,85,28.17,92,28.17,88,28.17,100,84.11
11.0,32.2,0.00,0.00,80,28.17,94,28.17,79,28.17,100,84.11
11.1,32.2,0.00,0.00,86,28.17,96,28.17,80,28.17,100,84.11
10.0,32.2,0.00,0.00,86,28.17,94,28.17,79,28.17,100,84.11
8.7,32.2,0.00,0.00,86,28.17,94,28.17,80,28.17,100,84.11
11.2,32.2,0.00,0.00,86,28.17,95,28.17,80,28.17,100,84.11
11.9,32.2,0.00,0.00,86,28.17,95,28.17,79,28.17,100,84.11
10.4,32.2,0.00,0.00,86,28.17,94,28.17,79,28.17,100,84.11
12.5,32.2,0.00,0.00,88,28.17,94,28.17,79,28.17,100,84.11
8.7,32.2,0.00,0.00,86,28.17,95,28.17,79,28.17,100,84.11
10.2,32.2,0.00,0.00,85,28.17,95,28.17,79,28.17,100,84.11
14.8,32.2,0.00,0.00,86,28.17,94,28.17,84,28.17,100,84.11
14.1,32.2,0.00,0.00,85,28.17,94,28.17,95,28.17,100,84.11
14.4,32.2,0.00,0.00,82,28.17,92,28.17,95,28.17,100,84.11
12.5,32.2,0.00,0.00,82,28.17,93,28.17,95,28.17,100,84.11
9.1,32.2,0.00,0.00,82,28.17,93,28.17,95,28.17,100,84.11
10.4,32.2,0.00,0.00,84,28.17,96,28.17,96,28.17,100,84.11
9.8,32.2,0.00,0.00,85,28.17,94,28.17,30,28.17,100,84.11
8.9,24.0,0.00,0.00,18,2.67,5,2.67,0,2.67,100,84.11
2.3,17.5,0.00,0.00,0,2.67,0,2.67,0,2.67,100,84.11
3.5,17.5,0.00,0.00,0,2.67,0,2.67,0,2.67,100,84.11
5.0,17.5,0.00,0.00,0,2.67,0,2.67,0,2.67,100,84.11
5.4,17.5,0.00,0.00,0,2.67,0,2.67,0,2.67,100,84.11
5.0,17.5,0.00,0.00,0,2.67,0,2.67,0,2.67,100,84.11
4.8,17.7,0.00,0.00,0,2.67,0,2.67,0,2.67,100,84.11
67.5,18.2,0.00,0.00,0,2.67,0,2.67,0,2.67,99,84.11
98.6,18.7,0.00,0.00,0,2.67,0,2.67,0,2.67,100,84.11
2.3,18.9,0.00,0.00,0,2.67,0,2.81,0,5.59,100,84.11
8.7,22.3,0.00,0.00,1,8.56,4,9.61,3,9.81,100,84.11
96.0,24.7,0.00,0.00,3,9.81,0,9.81,0,9.81,100,84.11
86.4,25.3,0.00,0.00,0,9.81,0,9.81,0,9.81,100,84.11
82.7,26.0,0.00,0.00,0,9.81,0,9.81,0,9.81,100,84.11
93.3,26.5,0.00,0.00,0,9.81,0,9.81,0,9.81,98,84.11
97.7,27.2,0.00,0.00,0,9.81,0,9.81,0,9.81,100,84.11
85.3,27.7,0.00,0.00,0,9.81,0,9.81,0,9.81,100,84.11
34.1,28.5,0.00,0.00,0,9.81,0,9.81,0,9.81,100,84.11
42.2,29.0,0.00,0.00,0,9.81,0,9.81,0,10.47,100,84.11
11.2,31.8,0.00,0.00,2,23.19,1,23.19,42,23.19,100,84.11
12.5,32.1,0.00,0.00,81,23.19,72,23.19,76,23.19,100,84.11
15.0,32.1,0.00,0.00,81,23.19,77,23.19,73,23.19,100,84.11
13.2,32.1,0.00,0.00,76,23.19,80,23.19,75,23.19,100,84.11
12.9,32.1,0.00,0.00,88,23.19,73,23.19,78,23.19,100,84.11
17.0,32.1,0.00,0.00,75,23.19,77,23.19,74,23.19,100,84.11
13.8,32.1,0.00,0.00,81,23.19,75,23.19,72,23.19,100,84.11
12.7,32.1,0.00,0.00,78,23.19,80,23.19,72,23.19,100,84.11
11.4,32.1,0.00,0.00,82,23.19,80,23.19,77,23.19,100,84.11
11.0,32.1,0.00,0.00,80,23.19,80,23.19,73,23.19,100,84.11
12.7,32.1,0.00,0.00,83,23.19,78,23.19,74,23.19,100,84.11
11.1,32.1,0.00,0.00,78,23.19,77,23.19,71,23.19,100,84.11
9.6,32.1,0.00,0.00,60,23.19,84,23.19,80,23.19,100,84.11
13.8,32.1,0.00,0.00,61,23.19,78,23.19,82,23.19,100,84.11
10.4,32.1,0.00,0.00,61,23.19,84,23.19,77,23.19,100,84.11
16.7,32.1,0.00,0.00,68,23.19,73,23.19,78,23.19,100,84.11
14.0,32.1,0.00,0.00,82,23.19,75,23.19,75,23.19,100,84.11
14.6,32.1,0.00,0.00,82,23.19,79,23.19,74,23.19,100,84.11
14.0,32.1,0.00,0.00,82,23.19,85,23.19,78,23.19,100,84.11
15.8,32.1,0.00,0.00,76,23.19,85,23.19,71,23.19,100,84.11
13.8,32.1,0.00,0.00,83,23.19,84,23.19,78,23.19,100,84.11
14.5,32.1,0.00,0.00,76,23.19,83,23.19,75,23.19,100,84.11
14.0,32.1,0.00,0.00,82,23.19,86,23.19,87,23.19,100,84.11
14.0,32.1,0.00,0.00,66,23.19,91,23.19,84,23.19,100,84.11
13.4,32.1,0.00,0.00,67,23.19,91,23.19,87,23.19,100,84.11
10.6,32.1,0.00,0.00,68,23.19,89,23.19,75,23.19,100,84.11
8.7,32.0,0.00,0.00,67,23.19,88,23.19,74,23.19,100,84.11
29.4,32.1,0.00,0.00,63,23.29,11,23.29,24,23.29,100,84.11
8.9,27.7,0.00,0.00,0,23.29,0,23.29,0,23.29,100,84.11
9.3,28.1,0.00,0.00,0,23.29,0,23.29,0,23.29,100,84.11
8.6,28.9,0.00,0.00,0,23.29,0,23.29,0,23.29,100,84.11
9.1,29.3,0.00,0.00,0,23.29,0,23.29,0,23.29,100,84.11
10.4,30.2,0.00,0.00,0,23.29,0,23.29,0,23.29,100,84.11
10.6,30.6,0.00,0.00,0,23.29,0,23.29,0,23.29,100,84.11
10.0,31.4,0.00,0.00,0,23.29,0,23.29,0,23.29,100,84.11
21.6,31.9,0.00,0.00,0,23.29,0,23.29,47,23.29,100,84.11
10.9,32.2,0.00,0.00,80,23.29,74,23.29,73,23.29,100,84.11
14.8,32.2,0.00,0.00,76,23.29,80,23.29,74,23.29,100,84.11
14.4,32.2,0.00,0.00,80,23.29,82,23.29,77,23.29,100,84.11
14.5,32.2,0.00,0.00,82,23.29,81,23.29,74,23.29,100,84.11
15.2,32.2,0.00,0.00,82,23.29,76,23.29,71,23.29,100,84.11
16.4,32.2,0.00,0.00,78,23.29,74,23.29,76,23.29,100,84.11
15.0,32.2,0.00,0.00,81,23.29,82,23.29,72,23.29,100,84.11
11.1,32.2,0.00,0.00,69,23.29,78,23.29,80,23.29,100,84.11
14.7,32.2,0.00,0.00,78,23.29,84,23.29,80,23.29,100,84.11
15.2,32.1,0.00,0.00,80,23.29,80,23.29,79,23.29,100,84.11
10.4,32.1,0.00,0.00,80,23.29,85,23.29,78,23.29,100,84.11
11.9,32.1,0.00,0.00,83,23.29,74,23.29,80,23.29,100,84.11
11.0,32.1,0.00,0.00,77,23.29,82,23.29,72,23.29,99,84.11
10.4,32.1,0.00,0.00,82,23.29,76,23.29,81,23.29,100,84.11
12.1,32.1,0.00,0.00,80,23.29,75,23.29,76,23.29,100,84.11
12.3,32.1,0.00,0.00,82,23.29,73,23.29,83,23.29,100,84.11
12.3,32.1,0.00,0.00,76,23.29,77,23.29,73,23.29,100,84.11
11.2,32.1,0.00,0.00,81,23.29,83,23.29,76,23.29,100,84.11
10.4,32.1,0.00,0.00,82,23.29,86,23.29,77,23.29,100,84.11
12.5,32.1,0.00,0.00,80,23.29,83,23.29,70,23.29,100,84.11
13.2,32.1,0.00,0.00,85,23.29,87,23.29,73,23.29,100,84.11
12.7,32.1,0.00,0.00,74,23.29,82,23.29,84,23.29,100,84.11
10.9,32.1,0.00,0.00,57,23.29,90,23.29,86,23.29,100,84.11
12.5,32.1,0.00,0.00,60,23.29,89,23.29,87,23.29,100,84.11
11.3,32.1,0.00,0.00,78,23.29,84,23.29,77,23.29,100,84.11
8.5,32.1,0.00,0.00,80,23.29,83,23.29,83,23.29,28,84.19
29.6,30.6,0.00,0.00,75,23.29,0,23.29,7,23.29,73,84.19
10.8,26.4,0.00,0.00,0,23.29,0,23.29,0,23.29,73,84.19
52.2,27.0,0.00,0.00,0,23.29,0,23.29,0,23.29,78,84.19
10.6,28.0,0.00,0.00,0,23.29,0,23.29,0,23.29,85,84.19
35.8,28.6,0.00,0.00,0,23.29,0,23.29,0,23.29,78,84.19
56.5,29.6,0.00,0.00,0,23.29,0,23.29,0,23.29,78,84.19
84.5,30.3,0.00,0.00,0,23.29,0,23.29,0,23.29,77,84.19
36.0,31.2,0.00,0.00,0,23.29,0,23.29,0,23.29,82,84.19
8.5,31.8,0.00,0.00,0,23.29,0,23.29,24,23.29,71,84.19
13.0,32.2,0.00,0.00,87,23.29,72,23.29,80,23.29,83,84.19
11.0,32.2,0.00,0.00,80,23.29,74,23.29,81,23.29,77,84.19
10.4,32.2,0.00,0.00,82,23.29,75,23.29,74,23.29,80,84.19
14.0,32.2,0.00,0.00,86,23.29,77,23.29,70,23.29,82,84.19
13.3,32.2,0.00,0.00,83,23.29,81,23.29,73,23.29,85,84.19
13.7,32.2,0.00,0.00,81,23.29,81,23.29,68,23.29,82,84.19
11.7,32.2,0.00,0.00,83,23.29,77,23.29,84,23.29,83,84.19
12.5,32.2,0.00,0.00,87,23.29,79,23.29,77,23.29,79,84.19
11.9,32.2,0.00,0.00,84,23.29,78,23.29,78,23.29,84,84.19
11.9,32.2,0.00,0.00,83,23.29,82,23.29,71,23.29,81,84.19
11.0,32.2,0.00,0.00,85,23.29,80,23.29,69,23.29,82,84.19
14.8,32.2,0.00,0.00,86,23.29,78,23.29,74,23.29,81,84.19
14.4,32.2,0.00,0.00,82,23.29,85,23.29,74,23.29,78,84.19
12.1,32.1,0.00,0.00,83,23.29,76,23.29,74,23.29,75,84.19
12.3,32.2,0.00,0.00,77,23.29,79,23.29,79,23.29,80,84.19
11.9,32.1,0.00,0.00,77,23.29,83,23.29,79,23.29,82,84.19
15.8,32.1,0.00,0.00,83,23.29,78,23.29,77,23.29,78,84.19
11.7,32.1,0.00,0.00,83,23.29,88,23.29,73,23.29,80,84.19
15.4,32.1,0.00,0.00,75,23.29,81,23.29,80,23.29,80,84.19
14.8,32.1,0.00,0.00,70,23.29,80,23.29,76,23.29,80,84.19
14.8,32.1,0.00,0.00,78,23.29,81,23.29,76,23.29,80,84.19
14.3,32.1,0.00,0.00,70,23.29,86,23.29,73,23.29,84,84.19
10.8,32.1,0.00,0.00,83,23.29,77,23.29,76,23.29,84,84.19
13.3,32.2,0.00,0.00,76,23.29,82,23.29,71,23.29,83,84.19
11.5,32.2,0.00,0.00,82,23.29,82,23.29,77,23.29,80,84.19
10.8,32.1,0.00,0.00,79,23.29,85,23.29,78,23.29,83,84.19
27.3,32.2,0.00,0.00,84,23.29,76,23.24,7,23.24,79,84.19
5.4,17.6,0.00,0.00,3,2.67,4,2.67,0,2.67,86,84.19
2.7,17.4,0.00,0.00,0,2.67,0,2.67,0,2.67,86,84.19
2.5,17.4,0.00,0.00,0,2.67,0,2.67,0,2.67,89,84.19
5.2,17.6,0.00,0.00,0,2.67,0,2.67,0,2.67,81,84.19
5.8,17.8,0.00,0.00,0,2.67,0,2.67,0,2.67,89,84.19
5.2,18.0,0.00,0.00,0,2.67,0,2.67,0,2.67,85,84.19
5.8,18.2,0.00,0.00,0,2.67,0,2.67,0,2.67,90,84.19
5.2,19.0,0.00,0.00,0,2.67,0,2.67,0,2.67,90,84.19
4.8,20.4,0.00,0.00,1,29.39,0,2.67,0,2.67,82,84.19
4.8,20.1,0.00,0.00,8,29.39,0,2.67,0,2.67,86,84.19
4.2,20.3,0.00,0.00,0,29.39,0,2.67,0,2.67,84,84.19
5.6,20.6,0.00,0.00,0,29.39,0,2.67,0,2.67,86,84.19
5.4,20.8,0.00,0.00,0,29.39,0,2.67,0,2.67,83,84.19
4.8,21.0,0.00,0.00,0,29.39,0,2.67,0,2.67,88,84.19
25.0,21.2,0.00,0.00,0,29.39,0,2.67,0,2.67,77,84.19
66.9,21.4,0.00,0.00,0,29.39,0,2.67,0,2.67,84,84.19
4.6,22.4,0.00,0.00,2,58.1,0,2.67,0,2.67,86,84.19
7.3,22.4,0.00,0.00,100,58.1,0,2.67,0,2.67,86,84.19
4.8,22.4,0.00,0.00,100,58.1,0,2.67,0,2.67,88,84.19
6.0,22.4,0.00,0.00,100,58.1,0,2.67,0,2.67,88,84.19
5.2,22.4,0.00,0.00,100,58.1,0,2.67,0,2.67,89,84.19
7.5,22.4,0.00,0.00,100,58.1,0,2.67,0,2.67,89,84.19
6.0,22.4,0.00,0.00,100,58.1,0,2.67,0,2.67,89,84.19
7.3,22.4,0.00,0.00,100,58.1,0,2.67,0,2.67,87,84.19
5.2,22.4,0.00,0.00,99,58.1,0,2.67,0,2.67,81,84.19
6.3,22.4,0.00,0.00,99,58.1,0,2.67,0,2.67,84,84.19
6.5,22.4,0.00,0.00,99,58.1,0,2.67,0,2.67,85,84.19
6.9,22.4,0.00,0.00,99,58.1,0,2.67,0,2.67,87,84.19
5.8,22.4,0.00,0.00,99,58.1,0,2.67,0,2.67,83,84.19
5.2,22.4,0.00,0.00,99,58.1,0,2.67,0,2.67,84,84.19
4.6,22.4,0.00,0.00,99,58.1,0,2.67,0,2.67,85,84.19
5.4,22.4,0.00,0.00,99,58.1,0,2.67,0,2.67,85,84.19
5.2,22.4,0.00,0.00,99,58.1,0,2.67,0,2.67,85,84.19
4.6,22.4,0.00,0.00,100,58.1,0,2.67,0,2.67,84,84.19
4.8,22.4,0.00,0.00,99,58.1,0,2.67,0,2.67,87,84.19
5.4,22.4,0.00,0.00,99,58.1,0,2.67,0,2.67,86,84.19
6.5,22.4,0.00,0.00,99,58.1,0,2.67,0,2.67,86,84.19
8.1,22.4,0.00,0.00,100,58.1,0,2.67,0,2.67,82,84.19
7.3,22.4,0.00,0.00,100,58.1,0,2.67,0,2.67,84,84.19
7.1,22.4,0.00,0.00,100,58.1,0,2.67,0,2.67,85,84.19
6.3,22.4,0.00,0.00,99,58.1,0,2.67,0,2.67,86,84.19
7.1,22.4,0.00,0.00,100,58.1,0,2.67,0,2.67,84,84.19
7.3,22.4,0.00,0.00,100,58.1,0,2.67,0,2.67,84,84.19
6.5,22.4,0.00,0.00,100,58.1,0,2.67,0,2.67,85,84.19
5.8,22.4,0.00,0.00,100,58.1,0,2.67,0,2.67,86,84.19
4.8,22.4,0.00,0.00,100,58.1,0,2.67,0,2.67,81,84.19
5.0,22.4,0.00,0.00,100,58.1,0,2.67,0,2.67,83,84.19
7.9,22.4,0.00,0.00,100,58.1,0,2.67,0,2.67,84,84.19
6.9,22.4,0.00,0.00,100,58.1,0,2.67,0,2.67,82,84.19
6.0,22.4,0.00,0.00,100,58.1,0,2.67,0,2.67,82,84.19
5.6,22.4,0.00,0.00,100,58.1,0,2.67,0,2.67,84,84.19
6.9,22.3,0.00,0.00,100,58.1,0,2.67,0,2.67,84,84.19
6.9,22.3,0.00,0.00,100,58.1,0,2.67,0,2.67,85,84.19
6.0,22.3,0.00,0.00,100,58.1,0,2.67,0,2.67,83,84.19
6.2,22.3,0.00,0.00,100,58.1,0,2.67,0,2.67,83,84.19
7.1,22.3,0.00,0.00,100,58.1,0,2.67,0,2.67,81,84.19
6.3,22.3,0.00,0.00,100,58.1,0,2.67,0,2.67,83,84.19
6.1,22.3,0.00,0.00,100,58.1,0,2.67,0,2.67,84,84.19
6.3,22.3,0.00,0.00,100,58.1,0,2.67,0,2.67,83,84.19
4.6,22.3,0.00,0.00,100,58.1,0,2.67,0,2.67,77,84.19
7.1,22.3,0.00,0.00,100,58.1,0,2.67,0,2.67,82,84.19
5.6,22.3,0.00,0.00,100,58.1,0,2.67,0,2.67,82,84.19
5.4,22.3,0.00,0.00,100,58.1,0,2.67,0,2.67,83,84.19
6.2,22.3,0.00,0.00,100,58.1,0,2.67,0,2.67,82,84.19
4.2,22.3,0.00,0.00,100,58.1,0,2.67,0,2.67,82,84.19
6.2,22.3,0.00,0.00,100,58.1,0,2.67,0,2.67,83,84.19
4.8,22.3,0.00,0.00,100,58.1,0,2.67,0,2.67,83,84.19
5.4,22.3,0.00,0.00,100,58.1,0,2.67,0,2.67,82,84.19
6.9,22.3,0.00,0.00,100,58.1,0,2.67,0,2.67,79,84.19
5.8,22.3,0.00,0.00,100,58.1,0,2.67,0,2.67,84,84.19
6.2,22.4,0.00,0.00,100,58.1,0,2.67,0,2.67,84,84.19
5.8,22.3,0.00,0.00,100,58.1,0,2.67,0,2.67,80,84.19
7.3,22.3,0.00,0.00,100,58.1,0,2.67,0,2.67,83,84.19
5.4,22.3,0.00,0.00,100,58.1,0,2.67,0,2.67,84,84.19
6.7,22.3,0.00,0.00,100,58.1,0,2.67,0,2.67,82,84.19
5.4,22.3,0.00,0.00,100,58.1,0,2.67,0,2.67,85,84.19
6.3,22.4,0.00,0.00,100,58.1,0,2.67,0,2.67,82,84.19
5.2,22.4,0.00,0.00,100,58.1,0,2.67,0,2.67,83,84.19
7.1,22.4,0.00,0.00,100,58.1,0,2.67,0,2.67,83,84.19
4.6,22.3,0.00,0.00,100,58.1,0,2.67,0,2.67,84,84.19
5.6,22.3,0.00,0.00,100,58.1,0,2.67,0,2.67,82,84.19
4.6,22.3,0.00,0.00,100,58.1,0,2.67,0,2.67,84,84.19
5.6,22.3,0.00,0.00,100,58.1,0,2.67,0,2.67,84,84.19
5.0,22.4,0.00,0.00,100,58.1,0,2.67,0,2.67,85,84.19
5.8,22.4,0.00,0.00,100,58.1,0,2.67,0,2.67,85,84.19
6.0,22.4,0.00,0.00,100,58.1,0,2.67,0,2.67,83,84.19
6.7,22.3,0.00,0.00,100,58.1,0,2.67,0,2.67,85,84.19
6.7,22.3,0.00,0.00,100,58.1,0,2.67,0,2.67,86,84.19
7.1,22.3,0.00,0.00,100,58.1,0,2.67,0,2.67,86,84.19
6.2,22.3,0.00,0.00,100,58.1,0,2.67,0,2.67,84,84.19
4.6,22.3,0.00,0.00,100,58.1,0,2.67,0,2.67,86,84.19
5.8,22.3,0.00,0.00,100,58.1,0,2.67,0,2.67,81,84.19
4.0,22.3,0.00,0.00,100,58.1,0,2.67,0,2.67,85,84.19
6.2,22.4,0.00,0.00,100,58.1,0,2.67,0,2.67,84,84.19
4.4,22.3,0.00,0.00,100,58.1,0,2.67,0,2.67,82,84.19
5.2,22.3,0.00,0.00,100,58.1,0,2.67,0,2.67,85,84.19
5.6,22.3,0.00,0.00,100,58.1,0,2.67,0,2.67,84,84.19
5.4,22.3,0.00,0.00,100,58.1,0,2.67,0,2.67,82,84.19
7.3,22.3,0.00,0.00,100,58.1,0,2.67,0,2.67,83,84.19
6.0,22.3,0.00,0.00,100,58.1,0,2.67,0,2.67,83,84.19
6.0,22.3,0.00,0.00,100,58.1,0,2.67,0,2.67,85,84.19
6.4,22.3,0.00,0.00,100,58.1,0,2.67,0,2.67,83,84.19
6.9,22.4,0.00,0.00,100,58.1,0,2.67,0,2.67,83,84.19
5.6,22.3,0.00,0.00,100,58.1,0,2.67,0,2.67,79,84.19
6.4,22.3,0.00,0.00,100,58.1,0,2.67,0,2.67,82,84.19
5.4,22.3,0.00,0.00,100,58.1,0,2.67,0,2.67,82,84.19
5.6,22.3,0.00,0.00,100,58.1,0,2.67,0,2.67,80,84.19
5.0,22.3,0.00,0.00,100,58.1,0,2.67,0,2.67,83,84.19
7.5,22.3,0.00,0.00,100,58.1,0,2.67,0,2.67,84,84.19
5.4,22.3,0.00,0.00,100,58.1,0,2.67,0,2.67,81,84.19
6.7,22.4,0.00,0.00,100,58.1,0,2.67,0,2.67,82,84.19
5.8,22.3,0.00,0.00,100,58.1,0,2.67,0,2.67,84,84.19
6.1,22.4,0.00,0.00,100,58.1,0,2.67,0,2.67,83,84.19
5.8,22.3,0.00,0.00,100,58.1,0,2.67,0,2.67,84,84.19
5.9,22.4,0.00,0.00,100,58.1,0,2.67,0,2.67,82,84.19
5.0,22.4,0.00,0.00,100,58.1,0,2.67,0,2.67,82,84.19
5.4,22.4,0.00,0.00,100,58.1,0,2.67,0,2.67,80,84.19
5.6,22.4,0.00,0.00,100,58.1,0,2.67,0,2.67,80,84.19
6.1,22.4,0.00,0.00,100,58.1,0,2.67,0,2.67,84,84.19
6.3,22.4,0.00,0.00,100,58.1,0,2.67,0,2.67,83,84.19
6.0,22.4,0.00,0.00,100,58.1,0,2.67,0,2.67,82,84.19
6.4,22.4,0.00,0.00,100,58.1,0,2.67,0,2.67,82,84.19
6.4,22.4,0.00,0.00,100,58.1,0,2.67,0,2.67,82,84.19
5.6,22.4,0.00,0.00,100,58.1,0,2.67,0,2.67,82,84.19
6.4,22.4,0.00,0.00,100,58.1,0,2.67,0,2.67,85,84.19
5.0,22.4,0.00,0.00,100,58.1,0,2.67,0,2.67,85,84.19
5.6,22.4,0.00,0.00,100,58.1,0,2.67,0,2.67,84,84.19
5.0,22.4,0.00,0.00,100,58.1,0,2.67,0,2.67,87,84.19
5.0,22.4,0.00,0.00,100,58.1,0,2.67,0,2.67,85,84.19
6.2,22.4,0.00,0.00,100,58.1,0,2.67,0,2.67,79,84.19
6.2,22.4,0.00,0.00,100,58.1,0,2.67,0,2.67,81,84.19
4.8,22.4,0.00,0.00,100,58.1,0,2.67,0,2.67,83,84.19
5.8,22.4,0.00,0.00,100,58.1,0,2.67,0,2.67,85,84.19
4.4,22.4,0.00,0.00,100,58.1,0,2.67,0,2.67,82,84.19
6.0,22.4,0.00,0.00,100,58.1,0,2.67,0,2.67,82,84.19
4.4,22.4,0.00,0.00,100,58.1,0,2.67,0,2.67,82,84.19
5.8,22.3,0.00,0.00,100,58.1,0,2.67,0,2.67,82,84.19
4.6,22.3,0.00,0.00,100,58.1,0,2.67,0,2.67,80,84.19
5.8,22.4,0.00,0.00,100,58.1,0,2.67,0,2.67,80,84.19
7.3,22.4,0.00,0.00,100,58.1,0,2.67,0,2.67,81,84.19
6.5,22.4,0.00,0.00,100,58.1,0,2.67,0,2.67,82,84.19
4.4,22.4,0.00,0.00,100,58.1,0,2.67,0,2.67,80,84.19
5.8,22.4,0.00,0.00,100,58.1,0,2.67,0,2.67,79,84.19
5.6,22.3,0.00,0.00,100,58.1,0,2.67,0,2.67,82,84.19
6.5,22.3,0.00,0.00,100,58.1,0,2.67,0,2.67,82,84.19
6.6,22.3,0.00,0.00,100,58.1,0,2.67,0,2.67,83,84.19
6.7,22.3,0.00,0.00,100,58.1,0,2.67,0,2.67,82,84.19
6.1,22.3,0.00,0.00,100,58.1,0,2.67,0,2.67,81,84.19
6.2,22.4,0.00,0.00,100,58.1,0,2.67,0,2.67,86,84.19
7.5,22.3,0.00,0.00,100,58.1,0,2.67,0,2.67,85,84.19
6.2,22.3,0.00,0.00,100,58.1,0,2.67,0,2.67,81,84.19
6.5,22.3,0.00,0.00,100,58.1,0,2.67,0,2.67,83,84.19
6.0,22.4,0.00,0.00,100,58.1,0,2.67,0,2.67,84,84.19
6.7,22.4,0.00,0.00,100,58.1,0,2.67,0,2.67,84,84.19
5.8,22.4,0.00,0.00,100,58.1,0,2.67,0,2.67,80,84.19
6.0,22.4,0.00,0.00,100,58.1,0,2.67,0,2.67,84,84.19
4.8,22.4,0.00,0.00,100,58.1,0,2.67,0,2.67,77,84.19
5.4,22.4,0.00,0.00,100,58.1,0,2.67,0,2.67,81,84.19
5.8,22.4,0.00,0.00,100,58.1,0,2.67,0,2.67,80,84.19
7.7,22.4,0.00,0.00,100,58.1,0,2.67,0,2.67,81,84.19
4.8,22.4,0.00,0.00,100,58.1,0,2.67,0,2.67,80,84.19
6.0,22.4,0.00,0.00,100,58.1,0,2.67,0,2.67,79,84.19
4.6,22.3,0.00,0.00,100,58.1,0,2.67,0,2.67,80,84.19
6.7,20.7,0.00,0.00,100,58.1,0,2.67,0,2.67,94,84.19
9.3,21.0,0.00,0.00,100,58.1,0,2.67,0,2.67,100,84.19
9.0,21.2,0.00,0.00,99,58.1,0,2.67,0,2.67,100,84.19
8.7,21.4,0.00,0.00,100,58.1,0,2.67,0,2.67,100,84.19
7.1,21.6,0.00,0.00,100,58.1,0,2.67,0,2.67,100,84.19
69.9,21.8,0.00,0.00,99,58.1,0,2.67,0,2.67,100,84.19
7.7,22.1,0.00,0.00,100,58.1,0,2.67,0,2.67,100,84.19
8.5,22.3,0.00,0.00,99,58.1,0,2.67,0,2.67,100,84.19
4.6,22.4,0.00,0.00,100,58.1,0,2.67,0,2.67,100,84.19
5.2,22.4,0.00,0.00,100,58.1,0,2.67,0,2.67,100,84.19
5.6,22.4,0.00,0.00,100,58.1,0,2.67,0,2.67,100,84.19
6.0,22.4,0.00,0.00,100,58.1,0,2.67,0,2.67,100,84.19
7.1,22.4,0.00,0.00,100,58.1,0,2.67,0,2.67,100,84.19
4.6,22.4,0.00,0.00,100,58.1,0,2.67,0,2.67,100,84.19
4.2,22.4,0.00,0.00,100,58.1,0,2.67,0,2.67,100,84.19
12.7,21.6,0.00,0.00,74,58.12,0,2.67,0,2.67,100,84.19
6.7,21.0,0.00,0.00,0,58.12,0,2.67,0,2.67,100,84.19
6.2,21.2,0.00,0.00,0,58.12,0,2.67,0,2.67,100,84.19
5.0,21.4,0.00,0.00,0,58.12,0,2.67,0,2.67,99,84.19
4.2,21.6,0.00,0.00,0,58.12,0,2.67,0,2.67,100,84.19
5.4,21.8,0.00,0.00,0,58.12,0,2.67,0,2.67,100,84.19
6.1,22.1,0.00,0.00,0,58.12,0,2.67,0,2.67,100,84.19
43.2,22.3,0.00,0.00,0,58.12,0,2.67,0,2.67,100,84.19
5.6,22.4,0.00,0.00,16,58.12,0,2.67,0,2.67,100,84.19
6.7,22.4,0.00,0.00,100,58.12,0,2.67,0,2.67,100,84.19
6.7,22.4,0.00,0.00,100,58.12,0,2.67,0,2.67,100,84.19
5.8,22.4,0.00,0.00,100,58.12,0,2.67,0,2.67,100,84.19
5.0,22.4,0.00,0.00,100,58.12,0,2.67,0,2.67,100,84.19
7.1,22.4,0.00,0.00,100,58.12,0,2.67,0,2.67,100,84.19
4.8,22.4,0.00,0.00,100,58.12,0,2.67,0,2.67,100,84.19
5.6,22.4,0.00,0.00,100,58.12,0,2.67,0,2.67,100,84.19
7.1,22.4,0.00,0.00,100,58.12,0,2.67,0,2.67,100,84.19
6.9,22.4,0.00,0.00,100,58.12,0,2.67,0,2.67,100,84.19
5.0,22.4,0.00,0.00,100,58.12,0,2.67,0,2.67,100,84.19
4.6,22.4,0.00,0.00,100,58.12,0,2.67,0,2.67,100,84.19
7.1,22.4,0.00,0.00,100,58.12,0,2.67,0,2.67,100,84.19
5.8,22.4,0.00,0.00,100,58.12,0,2.67,0,2.67,100,84.19
5.2,22.4,0.00,0.00,100,58.12,0,2.67,0,2.67,100,84.19
6.9,22.4,0.00,0.00,100,58.12,0,2.67,0,2.67,100,84.19
7.5,22.4,0.00,0.00,100,58.12,0,2.67,0,2.67,100,84.19
5.6,22.4,0.00,0.00,100,58.12,0,2.67,0,2.67,100,84.19
4.6,22.4,0.00,0.00,100,58.12,0,2.67,0,2.67,100,84.19
7.1,22.4,0.00,0.00,100,58.12,0,2.67,0,2.67,100,84.19
6.4,22.4,0.00,0.00,100,58.12,0,2.67,0,2.67,100,84.19
4.4,22.4,0.00,0.00,100,58.12,0,2.67,0,2.67,100,84.19
5.8,22.4,0.00,0.00,100,58.12,0,2.67,0,2.67,100,84.19
7.1,22.4,0.00,0.00,100,58.12,0,2.67,0,2.67,100,84.19
4.8,22.4,0.00,0.00,100,58.12,0,2.67,0,2.67,100,84.19
6.9,22.4,0.00,0.00,100,58.12,0,2.67,0,2.67,100,84.19
5.6,22.4,0.00,0.00,100,58.12,0,2.67,0,2.67,100,84.19
6.5,22.4,0.00,0.00,100,58.12,0,2.67,0,2.67,100,84.19
5.6,22.4,0.00,0.00,100,58.12,0,2.67,0,2.67,100,84.19
4.6,22.4,0.00,0.00,100,58.12,0,2.67,0,2.67,100,84.19
7.5,22.4,0.00,0.00,100,58.12,0,2.67,0,2.67,100,84.19
5.8,22.4,0.00,0.00,100,58.12,0,2.67,0,2.67,100,84.19
5.4,22.4,0.00,0.00,100,58.12,0,2.67,0,2.67,100,84.19
6.8,22.4,0.00,0.00,100,58.12,0,2.67,0,2.67,100,84.19
5.8,22.4,0.00,0.00,100,58.12,0,2.67,0,2.67,100,84.19
5.6,22.4,0.00,0.00,100,58.12,0,2.67,0,2.67,100,84.19
4.6,22.4,0.00,0.00,100,58.12,0,2.67,0,2.67,100,84.19
7.3,22.4,0.00,0.00,100,58.12,0,2.67,0,2.67,100,84.19
6.2,22.4,0.00,0.00,100,58.12,0,2.67,0,2.67,100,84.19
5.2,22.4,0.00,0.00,100,58.12,0,2.67,0,2.67,100,84.19
5.8,22.4,0.00,0.00,100,58.12,0,2.67,0,2.67,100,84.19
5.4,22.4,0.00,0.00,100,58.12,0,2.67,0,2.67,100,84.19
7.5,22.4,0.00,0.00,100,58.12,0,2.67,0,2.67,100,84.19
5.0,22.4,0.00,0.00,100,58.12,0,2.67,0,2.67,100,84.19
5.2,22.4,0.00,0.00,100,58.12,0,2.67,0,2.67,100,84.19
5.2,22.4,0.00,0.00,100,58.12,0,2.67,0,2.67,100,84.19
8.3,22.4,0.00,0.00,99,58.12,0,2.67,0,2.67,100,84.19
6.3,22.4,0.00,0.00,100,58.12,0,2.67,0,2.67,100,84.19
4.6,22.4,0.00,0.00,100,58.12,0,2.67,0,2.67,100,84.19
5.8,22.4,0.00,0.00,100,58.12,0,2.67,0,2.67,100,84.19
5.2,22.4,0.00,0.00,100,58.12,0,2.67,0,2.67,100,84.19
7.5,22.4,0.00,0.00,100,58.12,0,2.67,0,2.67,100,84.19
5.4,22.4,0.00,0.00,100,58.12,0,2.67,0,2.67,100,84.19
4.8,22.4,0.00,0.00,100,58.12,0,2.67,0,2.67,100,84.19
5.6,22.4,0.00,0.00,100,58.12,0,2.67,0,2.67,100,84.19
6.2,22.4,0.00,0.00,100,58.12,0,2.67,0,2.67,100,84.19
7.7,22.4,0.00,0.00,100,58.12,0,2.67,0,2.67,100,84.19
4.6,22.4,0.00,0.00,100,58.12,0,2.67,0,2.67,100,84.19
5.2,22.4,0.00,0.00,100,58.12,0,2.67,0,2.67,100,84.19
5.6,22.4,0.00,0.00,100,58.12,0,2.67,0,2.67,100,84.19
6.5,22.4,0.00,0.00,100,58.12,0,2.67,0,2.67,100,84.19
6.0,22.4,0.00,0.00,100,58.12,0,2.67,0,2.67,100,84.19
4.4,22.4,0.00,0.00,100,58.12,0,2.67,0,2.67,100,84.19
5.8,22.4,0.00,0.00,100,58.12,0,2.67,0,2.67,100,84.19
6.5,22.4,0.00,0.00,100,58.12,0,2.67,0,2.67,100,84.19
6.3,22.4,0.00,0.00,100,58.12,0,2.67,0,2.67,100,84.19
5.6,22.4,0.00,0.00,100,58.12,0,2.67,0,2.67,100,84.19
4.6,22.4,0.00,0.00,100,58.12,0,2.67,0,2.67,100,84.19
5.8,22.4,0.00,0.00,100,58.12,0,2.67,0,2.67,100,84.19
6.1,22.4,0.00,0.00,100,58.12,0,2.67,0,2.67,100,84.19
6.3,22.4,0.00,0.00,100,58.12,0,2.67,0,2.67,100,84.19
5.2,22.4,0.00,0.00,100,58.12,0,2.67,0,2.67,100,84.19
4.6,22.4,0.00,0.00,100,58.12,0,2.67,0,2.67,100,84.19
6.6,22.4,0.00,0.00,100,58.12,0,2.67,0,2.67,100,84.19
6.5,22.4,0.00,0.00,100,58.12,0,2.67,0,2.67,100,84.19
6.1,22.4,0.00,0.00,100,58.12,0,2.67,0,2.67,100,84.19
4.6,22.4,0.00,0.00,100,58.12,0,2.67,0,2.67,100,84.19
6.7,22.4,0.00,0.00,100,58.12,0,2.67,0,2.67,100,84.19
7.9,22.4,0.00,0.00,100,58.12,0,2.67,0,2.67,100,84.19
5.6,22.4,0.00,0.00,100,58.12,0,2.67,0,2.67,100,84.19
5.8,22.4,0.00,0.00,100,58.12,0,2.67,0,2.67,100,84.19
4.6,22.4,0.00,0.00,100,58.12,0,2.67,0,2.67,100,84.19
6.2,22.4,0.00,0.00,100,58.12,0,2.67,0,2.67,100,84.19
6.7,22.4,0.00,0.00,100,58.12,0,2.67,0,2.67,100,84.19
5.0,22.4,0.00,0.00,100,58.12,0,2.67,0,2.67,100,84.19
5.8,22.4,0.00,0.00,100,58.12,0,2.67,0,2.67,100,84.19
5.4,22.4,0.00,0.00,100,58.12,0,2.67,0,2.67,100,84.19
9.0,22.4,0.00,0.00,100,58.12,0,2.67,0,2.67,100,84.19
5.2,22.4,0.00,0.00,100,58.12,0,2.67,0,2.67,100,84.19
5.6,22.4,0.00,0.00,100,58.12,0,2.67,0,2.67,100,84.19
5.6,22.4,0.00,0.00,100,58.12,0,2.67,0,2.67,100,84.19
6.9,22.4,0.00,0.00,100,58.12,0,2.67,0,2.67,100,84.19
7.1,22.4,0.00,0.00,100,58.12,0,2.67,0,2.67,100,84.19
4.8,22.4,0.00,0.00,100,58.12,0,2.67,0,2.67,100,84.19
5.6,22.4,0.00,0.00,100,58.12,0,2.67,0,2.67,100,84.19
5.2,22.4,0.00,0.00,100,58.12,0,2.67,0,2.67,100,84.19
7.7,22.4,0.00,0.00,100,58.12,0,2.67,0,2.67,100,84.19
5.4,22.4,0.00,0.00,100,58.12,0,2.67,0,2.67,100,84.19
5.4,22.4,0.00,0.00,100,58.12,0,2.67,0,2.67,100,84.19
7.7,22.4,0.00,0.00,100,58.12,0,2.67,0,2.67,100,84.19
5.6,22.4,0.00,0.00,100,58.12,0,2.67,0,2.67,100,84.19
6.0,22.4,0.00,0.00,100,58.12,0,2.67,0,2.67,100,84.19
4.8,22.4,0.00,0.00,100,58.12,0,2.67,0,2.67,100,84.19
6.7,22.4,0.00,0.00,100,58.12,0,2.67,0,2.67,100,84.19
6.5,22.4,0.00,0.00,100,58.12,0,2.67,0,2.67,100,84.19
4.8,22.4,0.00,0.00,100,58.12,0,2.67,0,2.67,100,84.19
5.6,22.4,0.00,0.00,100,58.12,0,2.67,0,2.67,100,84.19
5.2,22.4,0.00,0.00,100,58.12,0,2.67,0,2.67,100,84.19
7.9,22.4,0.00,0.00,100,58.12,0,2.67,0,2.67,100,84.19
5.6,22.4,0.00,0.00,100,58.12,0,2.67,0,2.67,100,84.19
4.6,22.4,0.00,0.00,100,58.12,0,2.67,0,2.67,100,84.19
6.7,22.4,0.00,0.00,100,58.12,0,2.67,0,2.67,100,84.19
6.5,22.4,0.00,0.00,100,58.12,0,2.67,0,2.67,100,84.19
5.6,22.4,0.00,0.00,100,58.12,0,2.67,0,2.67,100,84.19
4.8,22.4,0.00,0.00,100,58.12,0,2.67,0,2.67,100,84.19
5.0,22.4,0.00,0.00,100,58.12,0,2.67,0,2.67,100,84.19
7.7,22.4,0.00,0.00,100,58.12,0,2.67,0,2.67,100,84.19
5.4,22.4,0.00,0.00,100,58.12,0,2.67,0,2.67,100,84.19
7.3,22.4,0.00,0.00,100,58.12,0,2.67,0,2.67,100,84.19
5.0,22.4,0.00,0.00,100,58.12,0,2.67,0,2.67,100,84.19
7.1,22.4,0.00,0.00,100,58.12,0,2.67,0,2.67,100,84.19
5.9,22.4,0.00,0.00,100,58.12,0,2.67,0,2.67,100,84.19
4.6,22.4,0.00,0.00,100,58.12,0,2.67,0,2.67,100,84.19
5.6,22.4,0.00,0.00,100,58.12,0,2.67,0,2.67,100,84.19
6.1,22.4,0.00,0.00,100,58.12,0,2.67,0,2.67,100,84.19
5.9,22.4,0.00,0.00,100,58.12,0,2.67,0,2.67,100,84.19
5.0,22.4,0.00,0.00,100,58.12,0,2.67,0,2.67,100,84.19
5.0,22.4,0.00,0.00,100,58.12,0,2.67,0,2.67,100,84.19
7.5,22.4,0.00,0.00,100,58.12,0,2.67,0,2.67,100,84.19
5.6,22.4,0.00,0.00,100,58.12,0,2.67,0,2.67,100,84.19
5.6,22.4,0.00,0.00,100,58.12,0,2.67,0,2.67,100,84.19
4.6,22.4,0.00,0.00,100,58.12,0,2.67,0,2.67,100,84.19
5.4,22.4,0.00,0.00,100,58.12,0,2.67,0,2.67,100,84.19
6.4,22.4,0.00,0.00,100,58.12,0,2.67,0,2.67,100,84.19
6.9,22.4,0.00,0.00,100,58.12,0,2.67,0,2.67,100,84.19
6.9,22.4,0.00,0.00,100,58.12,0,2.67,0,2.67,100,84.19
4.6,22.4,0.00,0.00,100,58.12,0,2.67,0,2.67,100,84.19
5.6,22.4,0.00,0.00,100,58.12,0,2.67,0,2.67,100,84.19
5.2,22.4,0.00,0.00,100,58.12,0,2.67,0,2.67,100,84.19
6.7,22.4,0.00,0.00,100,58.12,0,2.67,0,2.67,100,84.19
5.8,22.4,0.00,0.00,100,58.12,0,2.67,0,2.67,83,84.19
10.8,22.4,0.00,0.00,100,58.12,0,2.67,0,2.67,21,84.19
7.3,21.0,0.00,0.00,100,58.12,0,2.67,0,2.67,81,84.19
8.1,21.1,0.00,0.00,100,58.12,0,2.67,0,2.67,80,84.19
7.5,21.4,0.00,0.00,100,58.12,0,2.67,0,2.67,83,84.19
7.5,21.6,0.00,0.00,100,58.12,0,2.67,0,2.67,75,84.19
7.9,21.8,0.00,0.00,98,58.12,0,2.67,0,2.67,77,84.19
7.5,22.0,0.00,0.00,99,58.12,0,2.67,0,2.67,77,84.19
7.9,22.3,0.00,0.00,100,58.12,0,2.67,0,2.67,75,84.19
7.5,22.4,0.00,0.00,100,58.12,0,2.67,0,2.67,79,84.19
6.8,22.4,0.00,0.00,100,58.12,0,2.67,0,2.67,83,84.19
6.7,22.4,0.00,0.00,100,58.12,0,2.67,0,2.67,81,84.19
4.2,22.4,0.00,0.00,100,58.12,0,2.67,0,2.67,80,84.19
5.6,22.4,0.00,0.00,100,58.12,0,2.67,0,2.67,81,84.19
5.8,22.4,0.00,0.00,100,58.12,0,2.67,0,2.67,76,84.19
5.2,22.4,0.00,0.00,100,58.12,0,2.67,0,2.67,82,84.19
5.6,22.4,0.00,0.00,100,58.12,0,2.67,0,2.67,79,84.19
5.0,22.4,0.00,0.00,100,58.12,0,2.67,0,2.67,79,84.19
6.7,22.4,0.00,0.00,100,58.12,0,2.67,0,2.67,82,84.19
7.1,22.4,0.00,0.00,100,58.12,0,2.67,0,2.67,80,84.19
5.8,22.4,0.00,0.00,100,58.12,0,2.67,0,2.67,81,84.19
5.0,22.4,0.00,0.00,100,58.12,0,2.67,0,2.67,77,84.19
6.4,22.4,0.00,0.00,100,58.12,0,2.67,0,2.67,78,84.19
5.0,20.9,0.00,0.00,0,58.12,0,2.67,0,2.67,82,84.19
4.6,21.1,0.00,0.00,0,58.12,0,2.67,0,2.67,78,84.19
4.4,21.4,0.00,0.00,0,58.12,0,2.67,0,2.67,82,84.19
5.8,21.6,0.00,0.00,0,58.12,0,2.67,0,2.67,76,84.19
5.0,21.8,0.00,0.00,0,58.12,0,2.67,0,2.67,77,84.19
34.2,22.1,0.00,0.00,0,58.12,0,2.67,0,2.67,80,84.19
4.8,22.3,0.00,0.00,0,58.12,0,2.67,0,2.67,82,84.19
6.9,22.4,0.00,0.00,79,58.12,0,2.67,0,2.67,79,84.19
5.8,22.4,0.00,0.00,100,58.12,0,2.67,0,2.67,77,84.19
6.6,22.4,0.00,0.00,100,58.12,0,2.67,0,2.67,83,84.19
5.4,22.4,0.00,0.00,100,58.12,0,2.67,0,2.67,78,84.19
6.7,22.4,0.00,0.00,100,58.12,0,2.67,0,2.67,81,84.19
6.5,22.4,0.00,0.00,100,58.12,0,2.67,0,2.67,83,84.19
6.5,22.4,0.00,0.00,100,58.12,0,2.67,0,2.67,83,84.19
6.6,22.4,0.00,0.00,100,58.12,0,2.67,0,2.67,84,84.19
5.4,22.4,0.00,0.00,100,58.12,0,2.67,0,2.67,82,84.19
5.2,22.4,0.00,0.00,100,58.12,0,2.67,0,2.67,83,84.19
4.8,22.4,0.00,0.00,100,58.12,0,2.67,0,2.67,80,84.19
5.6,22.4,0.00,0.00,100,58.12,0,2.67,0,2.67,80,84.19
7.1,22.4,0.00,0.00,100,58.12,0,2.67,0,2.67,81,84.19
6.9,22.4,0.00,0.00,100,58.12,0,2.67,0,2.67,81,84.19
5.6,22.4,0.00,0.00,100,58.12,0,2.67,0,2.67,78,84.19
5.4,22.4,0.00,0.00,100,58.12,0,2.67,0,2.67,82,84.19
6.0,22.4,0.00,0.00,100,58.12,0,2.67,0,2.67,82,84.19
4.8,22.4,0.00,0.00,100,58.12,0,2.67,0,2.67,81,84.19
5.0,22.4,0.00,0.00,100,58.12,0,2.67,0,2.67,80,84.19
5.8,22.4,0.00,0.00,100,58.12,0,2.67,0,2.67,81,84.19
5.2,22.4,0.00,0.00,100,58.12,0,2.67,0,2.67,82,84.19
5.8,22.4,0.00,0.00,100,58.12,0,2.67,0,2.67,80,84.19
6.7,22.4,0.00,0.00,100,58.12,0,2.67,0,2.67,80,84.19
5.8,22.4,0.00,0.00,100,58.12,0,2.67,0,2.67,79,84.19
7.1,22.4,0.00,0.00,100,58.12,0,2.67,0,2.67,81,84.19
5.2,22.4,0.00,0.00,100,58.12,0,2.67,0,2.67,80,84.19
6.0,22.4,0.00,0.00,100,58.12,0,2.67,0,2.67,79,84.19
5.2,22.4,0.00,0.00,100,58.12,0,2.67,0,2.67,79,84.19
4.8,22.4,0.00,0.00,100,58.12,0,2.67,0,2.67,81,84.19
5.4,22.4,0.00,0.00,100,58.12,0,2.67,0,2.67,79,84.19
5.8,22.4,0.00,0.00,100,58.12,0,2.67,0,2.67,77,84.19
6.7,22.4,0.00,0.00,100,58.12,0,2.67,0,2.67,80,84.19
6.6,22.4,0.00,0.00,100,58.12,0,2.67,0,2.67,81,84.19
5.4,22.4,0.00,0.00,100,58.12,0,2.67,0,2.67,80,84.19
6.6,22.4,0.00,0.00,100,58.12,0,2.67,0,2.67,82,84.19
5.6,22.4,0.00,0.00,100,58.12,0,2.67,0,2.67,82,84.19
7.3,22.4,0.00,0.00,100,58.12,0,2.67,0,2.67,82,84.19
5.8,22.4,0.00,0.00,100,58.12,0,2.67,0,2.67,82,84.19
6.7,22.4,0.00,0.00,100,58.12,0,2.67,0,2.67,83,84.19
6.7,22.4,0.00,0.00,100,58.12,0,2.67,0,2.67,81,84.19
7.5,22.4,0.00,0.00,100,58.12,0,2.67,0,2.67,81,84.19
6.9,22.4,0.00,0.00,100,58.12,0,2.67,0,2.67,81,84.19
5.2,22.4,0.00,0.00,100,58.12,0,2.67,0,2.67,81,84.19
5.8,22.4,0.00,0.00,100,58.12,0,2.67,0,2.67,82,84.19
4.6,22.4,0.00,0.00,100,58.12,0,2.67,0,2.67,82,84.19
5.8,22.4,0.00,0.00,100,58.12,0,2.67,0,2.67,82,84.19
4.4,22.4,0.00,0.00,100,58.12,0,2.67,0,2.67,81,84.19
5.8,22.4,0.00,0.00,100,58.12,0,2.67,0,2.67,79,84.19
4.8,22.4,0.00,0.00,100,58.12,0,2.67,0,2.67,80,84.19
5.2,22.4,0.00,0.00,100,58.12,0,2.67,0,2.67,81,84.19
7.3,22.4,0.00,0.00,100,58.12,0,2.67,0,2.67,78,84.19
5.2,22.4,0.00,0.00,100,58.12,0,2.67,0,2.67,80,84.19
5.6,22.4,0.00,0.00,100,58.12,0,2.67,0,2.67,82,84.19
4.6,22.4,0.00,0.00,100,58.12,0,2.67,0,2.67,83,84.19
5.4,22.4,0.00,0.00,100,58.12,0,2.67,0,2.67,82,84.19
4.6,22.4,0.00,0.00,100,58.12,0,2.67,0,2.67,79,84.19
5.4,22.4,0.00,0.00,100,58.12,0,2.67,0,2.67,80,84.19
4.8,22.4,0.00,0.00,100,58.12,0,2.67,0,2.67,82,84.19
5.6,22.4,0.00,0.00,100,58.12,0,2.67,0,2.67,81,84.19
7.2,22.4,0.00,0.00,100,58.12,0,2.67,0,2.67,77,84.19
6.5,22.4,0.00,0.00,100,58.12,0,2.67,0,2.67,81,84.19
6.7,22.4,0.00,0.00,100,58.12,0,2.67,0,2.67,82,84.19
5.6,22.4,0.00,0.00,100,58.12,0,2.67,0,2.67,79,84.19
5.6,22.4,0.00,0.00,100,58.12,0,2.67,0,2.67,76,84.19
4.6,22.4,0.00,0.00,100,58.12,0,2.67,0,2.67,81,84.19
6.7,22.4,0.00,0.00,100,58.12,0,2.67,0,2.67,82,84.19
6.5,22.4,0.00,0.00,100,58.12,0,2.67,0,2.67,82,84.19
6.2,22.4,0.00,0.00,100,58.12,0,2.67,0,2.67,82,84.19
5.5,22.4,0.00,0.00,100,58.12,0,2.67,0,2.67,82,84.19
6.8,22.4,0.00,0.00,100,58.12,0,2.67,0,2.67,82,84.19
6.1,22.4,0.00,0.00,100,58.12,0,2.67,0,2.67,83,84.19
5.0,22.4,0.00,0.00,100,58.12,0,2.67,0,2.67,82,84.19
5.6,22.4,0.00,0.00,100,58.12,0,2.67,0,2.67,81,84.19
5.0,22.4,0.00,0.00,100,58.12,0,2.67,0,2.67,80,84.19
6.0,22.4,0.00,0.00,100,58.12,0,2.67,0,2.67,79,84.19
5.6,22.4,0.00,0.00,100,58.12,0,2.67,0,2.67,81,84.19
5.2,22.4,0.00,0.00,100,58.12,0,2.67,0,2.67,85,84.19
5.4,22.4,0.00,0.00,100,58.12,0,2.67,0,2.67,83,84.19
5.0,22.4,0.00,0.00,100,58.12,0,2.67,0,2.67,83,84.19
5.8,22.4,0.00,0.00,100,58.12,0,2.67,0,2.67,83,84.19
6.2,22.4,0.00,0.00,100,58.12,0,2.67,0,2.67,83,84.19
7.6,22.4,0.00,0.00,100,58.12,0,2.67,0,2.67,81,84.19
5.0,22.4,0.00,0.00,100,58.12,0,2.67,0,2.67,80,84.19
5.6,22.4,0.00,0.00,100,58.12,0,2.67,0,2.67,79,84.19
5.0,22.4,0.00,0.00,100,58.12,0,2.67,0,2.67,81,84.19
5.0,22.4,0.00,0.00,100,58.12,0,2.67,0,2.67,81,84.19
6.2,22.4,0.00,0.00,100,58.12,0,2.67,0,2.67,81,84.19
4.8,22.4,0.00,0.00,100,58.12,0,2.67,0,2.67,78,84.19
5.8,22.4,0.00,0.00,100,58.12,0,2.67,0,2.67,80,84.19
4.8,22.4,0.00,0.00,100,58.12,0,2.67,0,2.67,80,84.19
5.6,22.4,0.00,0.00,100,58.12,0,2.67,0,2.67,79,84.19
7.1,22.4,0.00,0.00,100,58.12,0,2.67,0,2.67,78,84.19
6.5,22.4,0.00,0.00,100,58.12,0,2.67,0,2.67,80,84.19
5.2,22.4,0.00,0.00,100,58.12,0,2.67,0,2.67,79,84.19
4.6,22.4,0.00,0.00,100,58.12,0,2.67,0,2.67,82,84.19
5.8,22.4,0.00,0.00,100,58.12,0,2.67,0,2.67,82,84.19
4.8,22.4,0.00,0.00,100,58.12,0,2.67,0,2.67,83,84.19
5.6,22.4,0.00,0.00,100,58.12,0,2.67,0,2.67,80,84.19
5.4,22.4,0.00,0.00,100,58.12,0,2.67,0,2.67,78,84.19
6.7,22.4,0.00,0.00,100,58.12,0,2.67,0,2.67,79,84.19
6.5,22.4,0.00,0.00,100,58.12,0,2.67,0,2.67,80,84.19
7.1,22.4,0.00,0.00,100,58.12,0,2.67,0,2.67,79,84.19
6.7,22.4,0.00,0.00,100,58.12,0,2.67,0,2.67,78,84.19
5.0,22.4,0.00,0.00,100,58.12,0,2.67,0,2.67,82,84.19
5.8,22.4,0.00,0.00,100,58.12,0,2.67,0,2.67,82,84.19
5.9,22.4,0.00,0.00,100,58.12,0,2.67,0,2.67,81,84.19
5.6,22.4,0.00,0.00,100,58.12,0,2.67,0,2.67,81,84.19
7.3,22.4,0.00,0.00,100,58.12,0,2.67,0,2.67,81,84.19
5.8,22.4,0.00,0.00,100,58.12,0,2.67,0,2.67,80,84.19
7.5,22.4,0.00,0.00,100,58.12,0,2.67,0,2.67,79,84.19
6.2,22.4,0.00,0.00,100,58.12,0,2.67,0,2.67,83,84.19
7.5,22.4,0.00,0.00,100,58.12,0,2.67,0,2.67,82,84.19
6.0,22.4,0.00,0.00,100,58.12,0,2.67,0,2.67,80,84.19
5.0,22.4,0.00,0.00,100,58.12,0,2.67,0,2.67,80,84.19
5.8,22.4,0.00,0.00,100,58.12,0,2.67,0,2.67,81,84.19
4.6,22.4,0.00,0.00,100,58.12,0,2.67,0,2.67,81,84.19
5.4,22.4,0.00,0.00,100,58.12,0,2.67,0,2.67,79,84.19
5.2,22.4,0.00,0.00,100,58.12,0,2.67,0,2.67,78,84.19
5.8,22.4,0.00,0.00,100,58.12,0,2.67,0,2.67,79,84.19
6.7,22.4,0.00,0.00,100,58.12,0,2.67,0,2.67,77,84.19
4.4,22.4,0.00,0.00,100,58.12,0,2.67,0,2.67,78,84.19
6.3,22.4,0.00,0.00,100,58.12,0,2.67,0,2.67,81,84.19
5.0,22.4,0.00,0.00,100,58.12,0,2.67,0,2.67,81,84.19
5.2,22.4,0.00,0.00,100,58.12,0,2.67,0,2.67,79,84.19
6.4,22.4,0.00,0.00,100,58.12,0,2.67,0,2.67,80,84.19
5.8,22.4,0.00,0.00,100,58.12,0,2.67,0,2.67,81,84.19
6.7,22.4,0.00,0.00,100,58.12,0,2.67,0,2.67,77,84.19
4.2,22.4,0.00,0.00,100,58.12,0,2.67,0,2.67,81,84.19
5.0,22.4,0.00,0.00,100,58.12,0,2.67,0,2.67,82,84.19
5.4,22.4,0.00,0.00,100,58.12,0,2.67,0,2.67,79,84.19
4.6,22.4,0.00,0.00,100,58.12,0,2.67,0,2.67,79,84.19
5.6,22.4,0.00,0.00,100,58.12,0,2.67,0,2.67,80,84.19
4.4,22.4,0.00,0.00,100,58.12,0,2.67,0,2.67,79,84.19
6.2,22.4,0.00,0.00,100,58.12,0,2.67,0,2.67,82,84.19
5.0,22.4,0.00,0.00,100,58.12,0,2.67,0,2.67,80,84.19
5.4,22.4,0.00,0.00,100,58.12,0,2.67,0,2.67,79,84.19
6.7,22.4,0.00,0.00,100,58.12,0,2.67,0,2.67,81,84.19
6.0,22.4,0.00,0.00,100,58.12,0,2.67,0,2.67,82,84.19
6.9,22.4,0.00,0.00,100,58.12,0,2.67,0,2.67,79,84.19
5.0,22.4,0.00,0.00,100,58.12,0,2.67,0,2.67,80,84.19
5.8,22.4,0.00,0.00,100,58.12,0,2.67,0,2.67,79,84.19
5.6,22.4,0.00,0.00,100,58.12,0,2.67,0,2.67,77,84.19
6.1,22.4,0.00,0.00,100,58.12,0,2.67,0,2.67,79,84.19
6.5,22.4,0.00,0.00,100,58.12,0,2.67,0,2.67,77,84.19
5.0,22.4,0.00,0.00,100,58.12,0,2.67,0,2.67,78,84.19
6.2,22.4,0.00,0.00,100,58.12,0,2.67,0,2.67,81,84.19
6.5,22.4,0.00,0.00,100,58.12,0,2.67,0,2.67,81,84.19
6.0,22.4,0.00,0.00,100,58.12,0,2.67,0,2.67,80,84.19
6.9,22.4,0.00,0.00,100,58.12,0,2.67,0,2.67,80,84.19
4.8,22.4,0.00,0.00,100,58.12,0,2.67,0,2.67,80,84.19
5.6,22.4,0.00,0.00,100,58.12,0,2.67,0,2.67,78,84.19
5.0,22.4,0.00,0.00,100,58.12,0,2.67,0,2.67,81,84.19
6.3,22.4,0.00,0.00,100,58.12,0,2.67,0,2.67,78,84.19
6.9,22.4,0.00,0.00,100,58.12,0,2.67,0,2.67,79,84.19
5.6,22.4,0.00,0.00,100,58.12,0,2.67,0,2.67,80,84.19
5.8,22.4,0.00,0.00,100,58.12,0,2.67,0,2.67,78,84.19
5.0,22.4,0.00,0.00,100,58.12,0,2.67,0,2.67,82,84.19
7.1,22.4,0.00,0.00,100,58.12,0,2.67,0,2.67,81,84.19
6.4,22.4,0.00,0.00,99,58.12,0,2.67,0,2.67,79,84.19
6.4,22.4,0.00,0.00,100,58.12,0,2.67,0,2.67,80,84.19
6.5,22.4,0.00,0.00,100,58.12,0,2.67,0,2.67,82,84.19
5.6,22.4,0.00,0.00,100,58.12,0,2.67,0,2.67,82,84.19
6.7,22.4,0.00,0.00,100,58.12,0,2.67,0,2.67,80,84.19
4.8,17.7,0.00,0.00,12,2.67,0,2.67,0,2.67,81,84.19
2.7,17.4,0.00,0.00,0,2.67,0,2.67,0,2.67,82,84.19
2.5,17.4,0.00,0.00,0,2.67,0,2.67,0,2.67,84,84.19
3.3,17.4,0.00,0.00,0,2.67,0,2.67,0,2.67,82,84.19
3.3,17.4,0.00,0.00,0,2.67,0,2.67,0,2.67,80,84.19
3.7,17.4,0.00,0.00,0,2.67,0,2.67,0,2.67,79,84.19
2.5,17.4,0.00,0.00,0,2.67,0,2.67,0,2.67,45,84.19
4.8,15.7,0.00,0.00,0,2.67,0,2.67,0,2.67,100,64.03
2.5,12.4,0.00,0.00,0,2.67,0,2.67,0,2.67,100,64.03
4.0,12.4,0.00,0.00,0,2.67,0,2.67,0,2.67,100,64.03
2.3,12.4,0.00,0.00,0,2.67,0,2.67,0,2.67,100,64.03
2.3,12.4,0.00,0.00,0,2.67,0,2.67,0,2.67,100,64.03
2.7,12.4,0.00,0.00,0,2.67,0,2.67,0,2.67,100,64.03
3.5,12.4,0.00,0.00,0,2.67,0,2.67,0,2.67,100,64.03
4.8,12.4,0.00,0.00,0,2.67,0,2.67,0,2.67,100,64.03
3.5,12.4,0.00,0.00,0,2.67,0,2.67,0,2.67,100,64.03
3.1,12.4,0.00,0.00,0,2.67,0,2.67,0,2.67,100,64.03
2.3,12.4,0.00,0.00,0,2.67,0,2.67,0,2.67,100,64.03
3.3,12.4,0.00,0.00,0,2.67,0,2.67,0,2.67,100,64.03
2.7,12.4,0.00,0.00,0,2.67,0,2.67,0,2.67,100,64.03
2.3,12.4,0.00,0.00,0,2.67,0,2.67,0,2.67,100,64.03
3.1,12.4,0.00,0.00,0,2.67,0,2.67,0,2.67,100,64.03
4.0,12.4,0.00,0.00,0,2.67,0,2.67,0,2.67,100,64.03
4.2,12.4,0.00,0.00,0,2.67,0,2.67,0,2.67,100,64.03
3.3,12.4,0.00,0.00,0,2.67,0,2.67,0,2.67,100,64.03
2.3,12.4,0.00,0.00,0,2.67,0,2.67,0,2.67,100,64.03
2.3,12.4,0.00,0.00,0,2.67,0,2.67,0,2.67,100,64.03
2.3,12.4,0.00,0.00,0,2.67,0,2.67,0,2.67,100,64.03
4.8,12.4,0.00,0.00,0,2.67,0,2.67,0,2.67,100,64.03
4.4,12.4,0.00,0.00,0,2.67,0,2.67,0,2.67,100,64.03
2.7,12.3,0.00,0.00,0,2.67,0,2.67,0,2.67,100,64.03
2.9,12.3,0.00,0.00,0,2.67,0,2.67,0,2.67,100,64.03
2.7,12.4,0.00,0.00,0,2.67,0,2.67,0,2.67,100,64.03
2.9,12.3,0.00,0.00,0,2.67,0,2.67,0,2.67,100,64.03
4.0,12.3,0.00,0.00,0,2.67,0,2.67,0,2.67,100,64.03
2.5,12.3,0.00,0.00,0,2.67,0,2.67,0,2.67,100,64.03
2.7,12.3,0.00,0.00,0,2.67,0,2.67,0,2.67,100,64.03
5.6,12.3,0.00,0.00,0,2.67,0,2.67,0,2.67,100,64.03
4.0,12.3,0.00,0.00,0,2.67,0,2.67,0,2.67,100,64.03
3.3,12.3,0.00,0.00,0,2.67,0,2.67,0,2.67,100,64.03
1.9,12.3,0.00,0.00,0,2.67,0,2.67,0,2.67,100,64.03
2.7,12.3,0.00,0.00,0,2.67,0,2.67,0,2.67,100,64.03
4.0,12.3,0.00,0.00,0,2.67,0,2.67,0,2.67,100,64.03
3.5,12.3,0.00,0.00,0,2.67,0,2.67,0,2.67,100,64.03
2.3,12.3,0.00,0.00,0,2.67,0,2.67,0,2.67,100,64.03
2.5,12.3,0.00,0.00,0,2.67,0,2.67,0,2.67,100,64.03
2.1,12.3,0.00,0.00,0,2.67,0,2.67,0,2.67,100,64.03
2.1,12.3,0.00,0.00,0,2.67,0,2.67,0,2.67,100,64.03
3.5,12.3,0.00,0.00,0,2.67,0,2.67,0,2.67,100,64.03
4.4,12.4,0.00,0.00,0,2.67,0,2.67,0,2.67,100,64.03
3.3,12.3,0.00,0.00,0,2.67,0,2.67,0,2.67,100,64.03
2.7,12.3,0.00,0.00,0,2.67,0,2.67,0,2.67,100,64.03
2.7,12.3,0.00,0.00,0,2.67,0,2.67,0,2.67,100,64.03
2.5,12.3,0.00,0.00,0,2.67,0,2.67,0,2.67,100,64.03
3.5,12.3,0.00,0.00,0,2.67,0,2.67,0,2.67,100,64.03
3.5,12.3,0.00,0.00,0,2.67,0,2.67,0,2.67,100,64.03
3.8,12.3,0.00,0.00,0,2.67,0,2.67,0,2.67,100,64.03
2.3,12.3,0.00,0.00,0,2.67,0,2.67,0,2.67,100,64.03
2.7,12.3,0.00,0.00,0,2.67,0,2.67,0,2.67,100,64.03
4.4,12.3,0.00,0.00,0,2.67,0,2.67,0,2.67,100,64.03
3.1,12.3,0.00,0.00,0,2.67,0,2.67,0,2.67,100,64.03
2.1,12.3,0.00,0.00,0,2.67,0,2.67,0,2.67,100,64.03
2.1,12.3,0.00,0.00,0,2.67,0,2.67,0,2.67,100,64.03
2.9,12.3,0.00,0.00,0,2.67,0,2.67,0,2.67,100,64.03
4.4,12.3,0.00,0.00,0,2.67,0,2.67,0,2.67,100,64.03
3.7,12.3,0.00,0.00,0,2.67,0,2.67,0,2.67,100,64.03
2.5,12.3,0.00,0.00,0,2.67,0,2.67,0,2.67,100,64.03
2.3,12.3,0.00,0.00,0,2.67,0,2.67,0,2.67,100,64.03
3.1,12.3,0.00,0.00,0,2.67,0,2.67,0,2.67,100,64.03
3.5,12.3,0.00,0.00,0,2.67,0,2.67,0,2.67,100,64.03
4.2,12.4,0.00,0.00,0,2.67,0,2.67,0,2.67,100,64.03
3.5,12.3,0.00,0.00,0,2.67,0,2.67,0,2.67,100,64.03
2.5,12.3,0.00,0.00,0,2.67,0,2.67,0,2.67,100,64.03
2.1,12.3,0.00,0.00,0,2.67,0,2.67,0,2.67,100,64.03
2.3,12.3,0.00,0.00,0,2.67,0,2.67,0,2.67,100,64.03
5.6,12.3,0.00,0.00,0,2.67,0,2.67,0,2.67,100,64.03
4.4,12.3,0.00,0.00,0,2.67,0,2.67,0,2.67,100,64.03
3.1,12.3,0.00,0.00,0,2.67,0,2.67,0,2.67,100,64.03
2.3,12.3,0.00,0.00,0,2.67,0,2.67,0,2.67,100,64.03
2.5,12.3,0.00,0.00,0,2.67,0,2.67,0,2.67,100,64.03
2.7,12.3,0.00,0.00,0,2.67,0,2.67,0,2.67,100,64.03
4.2,12.3,0.00,0.00,0,2.67,0,2.67,0,2.67,100,64.03
3.8,12.3,0.00,0.00,0,2.67,0,2.67,0,2.67,100,64.03
2.9,12.3,0.00,0.00,0,2.67,0,2.67,0,2.67,100,64.03
2.3,12.3,0.00,0.00,0,2.67,0,2.67,0,2.67,100,64.03
2.9,12.3,0.00,0.00,0,2.67,0,2.67,0,2.67,100,64.03
2.7,12.3,0.00,0.00,0,2.67,0,2.67,0,2.67,100,64.03
3.9,12.3,0.00,0.00,0,2.67,0,2.67,0,2.67,100,64.03
4.4,12.3,0.00,0.00,0,2.67,0,2.67,0,2.67,100,64.03
2.9,12.3,0.00,0.00,0,2.67,0,2.67,0,2.67,100,64.03
2.3,12.3,0.00,0.00,0,2.67,0,2.67,0,2.67,100,64.03
2.5,12.3,0.00,0.00,0,2.67,0,2.67,0,2.67,100,64.03
2.5,12.3,0.00,0.00,0,2.67,0,2.67,0,2.67,100,64.03
3.1,12.3,0.00,0.00,0,2.67,0,2.67,0,2.67,100,64.03
5.8,12.3,0.00,0.00,0,2.67,0,2.67,0,2.67,100,64.03
3.5,12.3,0.00,0.00,0,2.67,0,2.67,0,2.67,100,64.03
3.1,12.3,0.00,0.00,0,2.67,0,2.67,0,2.67,100,64.03
2.7,12.3,0.00,0.00,0,2.67,0,2.67,0,2.67,100,64.03
2.3,12.3,0.00,0.00,0,2.67,0,2.67,0,2.67,100,64.03
2.5,12.3,0.00,0.00,0,2.67,0,2.67,0,2.67,100,64.03
2.5,12.3,0.00,0.00,0,2.67,0,2.67,0,2.67,100,64.03
3.5,12.3,0.00,0.00,0,2.67,0,2.67,0,2.67,100,64.03
4.6,12.3,0.00,0.00,0,2.67,0,2.67,0,2.67,100,64.03
3.1,12.3,0.00,0.00,0,2.67,0,2.67,0,2.67,100,64.03
2.9,12.3,0.00,0.00,0,2.67,0,2.67,0,2.67,100,64.03
2.5,12.3,0.00,0.00,0,2.67,0,2.67,0,2.67,100,64.03
2.5,12.3,0.00,0.00,0,2.67,0,2.67,0,2.67,100,64.03
2.3,12.3,0.00,0.00,0,2.67,0,2.67,0,2.67,100,64.03
2.1,12.3,0.00,0.00,0,2.67,0,2.67,0,2.67,100,64.03
3.9,12.3,0.00,0.00,0,2.67,0,2.67,0,2.67,100,64.03
4.4,12.3,0.00,0.00,0,2.67,0,2.67,0,2.67,100,64.03
3.8,12.3,0.00,0.00,0,2.67,0,2.67,0,2.67,100,64.03
2.7,12.3,0.00,0.00,0,2.67,0,2.67,0,2.67,100,64.03
4.2,12.3,0.00,0.00,0,2.67,0,2.67,0,2.67,100,64.03
2.5,12.3,0.00,0.00,0,2.67,0,2.67,0,2.67,100,64.03
2.3,12.3,0.00,0.00,0,2.67,0,2.67,0,2.67,100,64.03
2.3,12.3,0.00,0.00,0,2.67,0,2.67,0,2.67,100,64.03
2.1,12.3,0.00,0.00,0,2.67,0,2.67,0,2.67,100,64.03
3.5,12.3,0.00,0.00,0,2.67,0,2.67,0,2.67,100,64.03
4.4,12.3,0.00,0.00,0,2.67,0,2.67,0,2.67,100,64.03
4.0,12.3,0.00,0.00,0,2.67,0,2.67,0,2.67,100,64.03
3.3,12.3,0.00,0.00,0,2.67,0,2.67,0,2.67,100,64.03
2.7,12.3,0.00,0.00,0,2.67,0,2.67,0,2.67,100,64.03
3.7,12.3,0.00,0.00,0,2.67,0,2.67,0,2.67,100,64.03
2.5,12.3,0.00,0.00,0,2.67,0,2.67,0,2.67,100,64.03
2.1,12.3,0.00,0.00,0,2.67,0,2.67,0,2.67,100,64.03
2.1,12.3,0.00,0.00,0,2.67,0,2.67,0,2.67,100,64.03
3.1,12.3,0.00,0.00,0,2.67,0,2.67,0,2.67,100,64.03
3.5,12.3,0.00,0.00,0,2.67,0,2.67,0,2.67,100,64.03
4.4,12.3,0.00,0.00,0,2.67,0,2.67,0,2.67,100,64.03
3.3,12.3,0.00,0.00,0,2.67,0,2.67,0,2.67,100,64.03
2.9,12.3,0.00,0.00,0,2.67,0,2.67,0,2.67,100,64.03
4.0,12.3,0.00,0.00,0,2.67,0,2.67,0,2.67,100,64.03
2.3,12.3,0.00,0.00,0,2.67,0,2.67,0,2.67,100,64.03
2.3,12.3,0.00,0.00,0,2.67,0,2.67,0,2.67,100,64.03
2.3,12.3,0.00,0.00,0,2.67,0,2.67,0,2.67,100,64.03
3.3,12.3,0.00,0.00,0,2.67,0,2.67,0,2.67,100,64.03
3.9,12.3,0.00,0.00,0,2.67,0,2.67,0,2.67,100,64.03
4.4,12.3,0.00,0.00,0,2.67,0,2.67,0,2.67,100,64.03
3.5,12.3,0.00,0.00,0,2.67,0,2.67,0,2.67,100,64.03
2.7,12.3,0.00,0.00,0,2.67,0,2.67,0,2.67,100,64.03
2.3,12.3,0.00,0.00,0,2.67,0,2.67,0,2.67,100,64.03
4.5,12.3,0.00,0.00,0,2.67,0,2.67,0,2.67,100,64.03
2.7,12.3,0.00,0.00,0,2.67,0,2.67,0,2.67,100,64.03
2.5,12.3,0.00,0.00,0,2.67,0,2.67,0,2.67,100,64.03
3.5,12.3,0.00,0.00,0,2.67,0,2.67,0,2.67,100,64.03
3.6,12.3,0.00,0.00,0,2.67,0,2.67,0,2.67,100,64.03
4.4,12.3,0.00,0.00,0,2.67,0,2.67,0,2.67,100,64.03
4.0,12.3,0.00,0.00,0,2.67,0,2.67,0,2.67,100,64.03
2.7,12.3,0.00,0.00,0,2.67,0,2.67,0,2.67,100,64.03
3.5,12.3,0.00,0.00,0,2.67,0,2.67,0,2.67,100,64.03
3.3,12.3,0.00,0.00,0,2.67,0,2.67,0,2.67,100,64.03
2.7,12.3,0.00,0.00,0,2.67,0,2.67,0,2.67,100,64.03
2.3,12.3,0.00,0.00,0,2.67,0,2.67,0,2.67,100,64.03
2.9,12.3,0.00,0.00,0,2.67,0,2.67,0,2.67,100,64.03
3.5,12.3,0.00,0.00,0,2.67,0,2.67,0,2.67,100,64.03
4.4,12.3,0.00,0.00,0,2.67,0,2.67,0,2.67,100,64.03
3.7,12.3,0.00,0.00,0,2.67,0,2.67,0,2.67,100,64.03
2.9,12.3,0.00,0.00,0,2.67,0,2.67,0,2.67,100,64.03
2.3,12.3,0.00,0.00,0,2.67,0,2.67,0,2.67,100,64.03
2.3,12.3,0.00,0.00,0,2.67,0,2.67,0,2.67,100,64.03
2.7,12.3,0.00,0.00,0,2.67,0,2.67,0,2.67,100,64.03
2.5,12.3,0.00,0.00,0,2.67,0,2.67,0,2.67,100,64.03
2.7,12.3,0.00,0.00,0,2.67,0,2.67,0,2.67,100,64.03
3.5,12.3,0.00,0.00,0,2.67,0,2.67,0,2.67,100,64.03
3.5,12.3,0.00,0.00,0,2.67,0,2.67,0,2.67,100,64.03
2.7,12.3,0.00,0.00,0,2.67,0,2.67,0,2.67,100,64.03
2.1,12.3,0.00,0.00,0,2.67,0,2.67,0,2.67,100,64.03
9.6,11.6,0.00,0.00,0,2.67,0,2.67,0,2.67,10,2.67
3356.54