5.2,5.3,0.00,0.00,0,2.2,0,2.2,0,2.2
4.2,5.5,0.00,0.00,0,2.2,0,2.2,0,2.2
3.5,5.5,0.00,0.00,0,2.2,0,2.2,0,2.2
4.2,5.7,0.00,0.00,0,2.2,0,2.2,0,2.2
4.4,5.8,0.00,0.00,0,2.2,0,2.2,0,2.2
60.8,5.9,0.00,0.00,0,2.2,0,2.2,0,2.2
4.8,6.0,0.00,0.00,0,2.2,0,3.97,0,2.2
4.4,7.0,0.00,0.00,0,6.42,4,7.2,0,2.2
4.4,7.8,0.00,0.00,4,14.1,3,8.37,0,2.2
4.2,7.9,0.00,0.00,5,14.1,0,8.37,0,2.2
80.0,8.1,0.00,0.00,0,14.1,0,8.37,0,2.2
19.4,8.4,0.00,0.00,0,14.1,0,8.37,0,2.2
89.5,8.6,0.00,0.00,0,14.1,0,8.37,0,2.2
9.8,8.8,0.00,0.00,0,14.1,0,8.37,0,2.2
8.7,9.1,0.00,0.00,0,14.1,0,8.37,0,2.2
99.6,9.3,0.00,0.00,0,14.1,0,8.37,0,2.2
9.5,9.6,0.00,0.00,0,14.1,0,8.37,0,2.2
6.9,10.1,0.00,0.00,0,16.46,0,11.41,0,2.2
8.3,11.5,0.00,0.00,3,20.9,3,20.27,0,2.2
8.5,11.8,0.00,0.00,5,26.01,5,20.27,0,2.2
41.8,12.0,0.00,0.00,0,26.01,0,20.27,0,2.2
81.6,12.4,0.00,0.00,0,27.0,0,22.74,0,2.2
8.7,13.8,0.00,0.00,2,37.05,2,28.9,0,2.2
19.8,14.3,0.00,0.00,24,37.05,6,28.9,0,2.2
18.9,14.4,0.00,0.00,86,37.05,37,28.9,0,2.2
19.7,14.5,0.00,0.00,84,37.05,39,28.9,0,2.2
57.3,14.6,0.00,0.00,88,37.05,34,28.9,0,2.2
19.5,14.8,0.00,0.00,83,37.05,40,28.9,0,2.2
75.3,14.8,0.00,0.00,91,37.05,34,28.9,0,2.2
19.8,15.0,0.00,0.00,83,37.05,35,28.9,0,2.2
19.5,15.1,0.00,0.00,87,37.05,35,28.9,0,2.2
49.5,15.2,0.00,0.00,84,37.05,38,28.9,0,2.2
35.7,15.3,0.00,0.00,87,37.05,36,30.27,0,2.2
19.3,16.1,0.00,0.00,88,38.35,38,35.58,0,2.2
27.4,16.8,0.00,0.00,92,39.88,55,40.43,0,2.2
27.0,17.1,0.00,0.00,91,48.58,99,40.43,0,2.2
29.9,17.2,0.00,0.00,98,48.58,99,40.43,0,2.2
30.3,17.2,0.00,0.00,100,48.58,99,40.43,0,2.2
30.3,17.2,0.00,0.00,100,48.58,98,40.43,0,2.2
29.9,17.2,0.00,0.00,100,48.58,99,40.43,0,2.2
29.5,17.2,0.00,0.00,100,48.58,98,40.43,0,2.2
30.9,17.2,0.00,0.00,100,48.58,98,40.43,0,2.2
30.6,17.2,0.00,0.00,100,48.58,99,40.43,0,2.2
33.3,17.2,0.00,0.00,100,48.58,98,40.43,0,2.2
27.6,16.3,0.00,0.00,79,45.97,99,40.43,0,2.2
27.5,14.4,0.00,0.00,76,25.63,99,40.43,0,2.2
26.6,14.2,0.00,0.00,78,25.63,99,40.43,0,2.2
25.1,14.2,0.00,0.00,81,25.63,98,40.43,0,2.2
25.6,14.2,0.00,0.00,81,25.63,99,40.43,0,2.2
25.6,14.2,0.00,0.00,78,25.63,99,40.46,0,2.2
17.2,13.4,0.00,0.00,82,25.63,47,40.46,0,2.2
15.2,13.5,0.00,0.00,80,25.66,29,40.46,0,2.2
9.1,12.7,0.00,0.00,77,24.78,35,40.46,0,2.2
9.5,10.8,0.00,0.00,7,2.2,36,40.46,0,2.2
7.3,10.7,0.00,0.00,0,2.2,38,40.46,0,2.2
6.7,10.7,0.00,0.00,0,2.2,37,40.46,0,2.2
6.4,10.8,0.00,0.00,0,2.2,35,40.46,0,2.2
7.1,10.8,0.00,0.00,0,2.2,37,40.46,0,2.2
7.5,10.9,0.00,0.00,0,2.2,39,40.46,0,2.2
6.8,11.0,0.00,0.00,0,2.2,40,40.46,0,2.2
7.5,11.0,0.00,0.00,0,2.2,33,40.46,0,2.2
7.5,11.1,0.00,0.00,0,2.2,37,40.46,0,2.2
66.2,11.2,0.00,0.00,0,2.2,36,40.46,0,2.2
7.3,11.2,0.00,0.00,0,2.2,43,40.46,0,2.2
15.4,11.3,0.00,0.00,0,2.2,99,40.46,0,2.2
14.8,11.3,0.00,0.00,0,2.2,99,40.46,0,2.2
14.8,11.3,0.00,0.00,0,2.2,98,40.46,0,2.2
14.4,11.3,0.00,0.00,0,2.2,99,40.46,0,2.2
14.6,11.3,0.00,0.00,0,2.2,99,40.46,0,2.2
85.0,11.3,0.00,0.00,0,2.2,96,40.46,0,2.2
15.1,11.3,0.00,0.00,0,2.2,99,40.46,0,2.2
15.2,11.3,0.00,0.00,0,2.2,99,40.46,0,2.2
14.6,11.3,0.00,0.00,0,2.2,99,40.46,0,2.2
15.0,11.3,0.00,0.00,0,2.2,99,40.46,0,2.2
14.8,11.3,0.00,0.00,0,2.2,99,40.46,0,2.2
14.8,11.3,0.00,0.00,0,2.2,99,40.46,0,2.2
15.6,11.3,0.00,0.00,0,2.2,99,40.46,0,2.2
15.0,11.3,0.00,0.00,0,2.2,99,40.46,0,2.2
15.2,11.3,0.00,0.00,0,2.2,99,40.46,0,2.2
14.8,11.3,0.00,0.00,0,2.2,99,40.46,0,2.2
7.5,10.4,0.00,0.00,0,2.2,75,40.52,0,2.2
10.8,10.5,0.00,0.00,0,2.2,26,39.95,0,2.2
4.4,9.7,0.00,0.00,0,2.2,0,25.66,0,2.2
3.5,7.6,0.00,0.00,0,2.2,5,25.66,0,2.2
2.3,7.7,0.00,0.00,0,2.2,0,25.66,0,2.2
2.5,7.7,0.00,0.00,0,2.2,0,25.66,0,2.2
2.5,7.8,0.00,0.00,0,2.2,0,25.66,0,2.2
61.2,7.9,0.00,0.00,0,2.2,0,25.66,0,2.2
2.7,7.9,0.00,0.00,0,2.2,0,25.66,0,2.2
2.1,8.0,0.00,0.00,0,2.2,0,25.66,0,2.2
32.3,8.1,0.00,0.00,0,2.2,0,25.66,0,2.2
2.1,8.1,0.00,0.00,0,2.2,0,25.66,0,2.2
2.3,8.2,0.00,0.00,0,2.2,0,25.66,0,2.2
11.2,8.3,0.00,0.00,0,2.2,56,25.66,0,2.2
11.2,8.2,0.00,0.00,0,2.2,79,25.66,0,2.2
11.2,8.2,0.00,0.00,0,2.2,78,25.66,0,2.2
11.0,8.2,0.00,0.00,0,2.2,81,25.66,0,2.2
10.8,8.2,0.00,0.00,0,2.2,80,25.66,0,2.2
11.1,8.2,0.00,0.00,0,2.2,76,25.66,0,2.2
10.6,8.2,0.00,0.00,0,2.2,80,25.66,0,2.2
10.4,8.2,0.00,0.00,0,2.2,80,25.66,0,2.2
11.2,8.2,0.00,0.00,0,2.2,80,25.66,0,2.2
11.9,8.2,0.00,0.00,0,2.2,81,25.66,0,2.2
10.4,8.2,0.00,0.00,0,2.2,82,25.66,0,2.2
10.6,8.2,0.00,0.00,0,2.2,78,25.66,0,2.2
11.2,8.2,0.00,0.00,0,2.2,80,25.66,0,2.2
2.7,7.4,0.00,0.00,0,2.2,37,25.66,0,2.2
2.1,7.5,0.00,0.00,0,2.2,0,25.66,0,2.2
2.1,7.5,0.00,0.00,0,2.2,0,25.66,0,2.2
2.3,7.6,0.00,0.00,0,2.2,0,25.66,0,2.2
2.1,7.7,0.00,0.00,0,2.2,0,25.66,0,2.2
2.5,7.7,0.00,0.00,0,2.2,0,25.66,0,2.2
2.9,7.8,0.00,0.00,0,2.2,0,25.66,0,2.2
88.7,7.9,0.00,0.00,0,2.2,0,25.66,0,2.2
2.5,7.9,0.00,0.00,0,2.2,0,25.66,0,2.2
2.5,8.0,0.00,0.00,0,2.2,0,25.66,0,2.2
76.5,8.1,0.00,0.00,0,2.2,0,25.66,0,2.2
2.7,8.1,0.00,0.00,0,2.2,0,25.66,0,2.2
2.5,8.2,0.00,0.00,0,2.2,0,25.66,0,2.2
10.8,8.2,0.00,0.00,0,2.2,70,25.66,0,2.2
11.2,8.2,0.00,0.00,0,2.2,80,25.66,0,2.2
11.4,8.2,0.00,0.00,0,2.2,81,25.66,0,2.2
11.2,8.2,0.00,0.00,0,2.2,80,25.66,0,2.2
10.4,8.2,0.00,0.00,0,2.2,79,25.66,0,2.2
10.5,8.2,0.00,0.00,0,2.2,81,25.66,0,2.2
10.8,8.2,0.00,0.00,0,2.2,79,25.66,0,2.2
11.0,8.2,0.00,0.00,0,2.2,79,25.66,0,2.2
10.2,8.2,0.00,0.00,0,2.2,80,25.66,0,2.2
10.4,8.2,0.00,0.00,0,2.2,81,25.66,0,2.2
12.0,8.2,0.00,0.00,0,2.2,82,25.66,0,2.2
11.4,8.2,0.00,0.00,0,2.2,83,25.66,0,2.2
11.6,8.2,0.00,0.00,0,2.2,82,25.66,0,2.2
2.9,7.4,0.00,0.00,0,2.2,12,25.66,0,2.2
2.3,7.5,0.00,0.00,0,2.2,0,25.66,0,2.2
56.4,7.5,0.00,0.00,0,2.2,0,25.66,0,2.2
10.0,7.6,0.00,0.00,0,2.2,0,25.66,0,2.2
2.5,7.7,0.00,0.00,0,2.2,0,25.66,0,2.2
36.8,7.7,0.00,0.00,0,2.2,0,25.66,0,2.2
10.4,7.8,0.00,0.00,0,2.2,0,25.66,0,2.2
2.5,7.9,0.00,0.00,0,2.2,0,25.66,0,2.2
40.9,7.9,0.00,0.00,0,2.2,0,25.66,0,2.2
10.3,8.0,0.00,0.00,0,2.2,0,25.66,0,2.2
2.3,8.1,0.00,0.00,0,2.2,0,25.66,0,2.2
2.1,8.1,0.00,0.00,0,2.2,0,25.66,0,2.2
2.9,8.2,0.00,0.00,0,2.2,0,25.66,0,2.2
11.0,8.2,0.00,0.00,0,2.2,38,25.66,0,2.2
11.4,8.2,0.00,0.00,0,2.2,77,25.66,0,2.2
10.6,8.2,0.00,0.00,0,2.2,79,25.66,0,2.2
10.6,8.2,0.00,0.00,0,2.2,83,25.66,0,2.2
10.4,8.2,0.00,0.00,0,2.2,79,25.66,0,2.2
10.4,8.2,0.00,0.00,0,2.2,80,25.66,0,2.2
10.8,8.2,0.00,0.00,0,2.2,78,25.66,0,2.2
11.4,8.2,0.00,0.00,0,2.2,79,25.66,0,2.2
10.7,8.2,0.00,0.00,0,2.2,83,25.66,0,2.2
11.3,8.2,0.00,0.00,0,2.2,82,25.66,0,2.2
11.0,8.2,0.00,0.00,0,2.2,82,25.66,0,2.2
10.6,8.2,0.00,0.00,0,2.2,76,25.66,0,2.2
6.4,8.2,0.00,0.00,0,2.2,52,25.66,0,2.2
2.5,7.3,0.00,0.00,0,2.2,1,23.05,0,2.2
2.7,5.4,0.00,0.00,0,2.2,7,2.2,0,2.2
0.4,5.2,0.00,0.00,0,2.2,0,2.2,0,2.2
0.2,5.2,0.00,0.00,0,2.2,0,2.2,0,2.2
0.4,5.2,0.00,0.00,0,2.2,0,2.2,0,2.2
2.3,5.2,0.00,0.00,0,2.2,0,2.2,0,2.2
2.3,5.3,0.00,0.00,0,2.2,0,2.2,0,2.2
2.1,5.4,0.00,0.00,0,2.2,0,2.2,0,2.2
7.0,5.5,0.00,0.00,0,2.2,0,2.2,0,2.2
6.8,5.7,0.00,0.00,0,2.2,0,2.2,0,2.2
72.3,5.9,0.00,0.00,0,2.2,0,2.2,0,2.2
0.0,6.0,0.00,0.00,0,2.2,0,2.2,0,2.2
5.6,6.1,0.00,0.00,0,3.84,1,4.76,0,5.9
6.6,7.8,0.00,0.00,1,7.2,5,7.68,4,7.84
6.5,8.7,0.00,0.00,5,7.84,1,7.84,2,7.84
6.4,9.0,0.00,0.00,1,7.84,0,7.84,0,7.84
98.3,9.1,0.00,0.00,0,7.84,0,7.84,0,7.84
15.3,9.3,0.00,0.00,0,7.84,0,7.84,0,7.84
6.4,9.6,0.00,0.00,0,7.84,0,7.84,0,7.84
70.8,9.8,0.00,0.00,0,7.84,0,7.84,0,7.84
13.7,10.0,0.00,0.00,0,7.84,0,7.84,0,7.84
7.7,10.2,0.00,0.00,0,7.84,0,7.84,0,7.84
83.0,10.4,0.00,0.00,0,7.84,0,7.84,0,7.84
7.1,10.6,0.00,0.00,0,7.84,0,7.84,0,7.84
6.4,10.8,0.00,0.00,0,7.84,0,7.84,0,7.84
72.5,11.0,0.00,0.00,0,7.84,0,7.84,0,7.84
20.5,11.1,0.00,0.00,0,8.21,0,8.9,4,10.02
6.8,12.7,0.00,0.00,1,10.87,20,12.2,4,20.37
16.2,14.1,0.00,0.00,4,20.37,3,20.37,54,20.37
19.0,14.1,0.00,0.00,45,20.37,51,20.37,54,20.37
18.1,14.1,0.00,0.00,64,20.37,71,20.37,55,20.37
19.4,14.1,0.00,0.00,68,20.37,66,20.37,60,20.37
19.4,14.1,0.00,0.00,65,20.37,63,20.37,67,20.37
19.7,14.1,0.00,0.00,55,20.37,53,20.37,71,20.37
19.9,14.1,0.00,0.00,69,20.37,53,20.37,73,20.37
21.2,14.1,0.00,0.00,65,20.37,66,20.37,60,20.37
21.1,14.1,0.00,0.00,62,20.37,65,20.37,62,20.37
18.5,14.1,0.00,0.00,58,20.37,63,20.37,59,20.37
18.7,14.1,0.00,0.00,67,20.37,73,20.44,46,20.44
25.3,14.1,0.00,0.00,73,20.44,40,20.44,31,20.44
43.6,11.8,0.00,0.00,0,20.44,0,20.44,0,20.44
6.6,12.0,0.00,0.00,0,20.44,0,20.44,0,20.44
6.6,12.1,0.00,0.00,0,20.44,0,20.44,0,20.44
6.2,12.3,0.00,0.00,0,20.44,0,20.44,0,20.44
6.8,12.5,0.00,0.00,0,20.44,0,20.44,0,20.44
77.6,12.7,0.00,0.00,0,20.44,0,20.44,0,20.44
6.9,12.9,0.00,0.00,0,20.44,0,20.44,0,20.44
6.2,13.1,0.00,0.00,0,20.44,0,20.44,0,20.44
27.4,13.3,0.00,0.00,0,20.44,0,20.44,0,20.44
21.1,13.5,0.00,0.00,0,20.44,0,20.44,0,20.44
6.5,13.7,0.00,0.00,0,20.44,0,20.44,0,20.44
6.6,13.8,0.00,0.00,0,20.44,0,20.44,0,20.44
6.6,14.0,0.00,0.00,0,20.44,0,20.44,0,20.44
18.8,14.2,0.00,0.00,19,20.44,63,20.44,61,20.44
19.2,14.2,0.00,0.00,63,20.44,72,20.44,66,20.44
18.9,14.2,0.00,0.00,51,20.44,65,20.44,66,20.44
21.5,14.2,0.00,0.00,56,20.44,67,20.44,69,20.44
18.9,14.2,0.00,0.00,55,20.44,69,20.44,61,20.44
19.2,14.2,0.00,0.00,58,20.44,61,20.44,62,20.44
19.2,14.2,0.00,0.00,56,20.44,59,20.44,71,20.44
20.2,14.2,0.00,0.00,61,20.44,59,20.44,69,20.44
19.8,14.2,0.00,0.00,61,20.44,59,20.44,69,20.44
19.6,14.2,0.00,0.00,59,20.44,62,20.44,62,20.44
25.6,14.2,0.00,0.00,65,20.44,64,20.44,15,20.44
6.2,11.7,0.00,0.00,7,20.44,13,20.44,0,20.44
6.2,12.0,0.00,0.00,0,20.44,0,20.44,0,20.44
6.2,12.1,0.00,0.00,0,20.44,0,20.44,0,20.44
6.9,12.3,0.00,0.00,0,20.44,0,20.44,0,20.44
6.4,12.5,0.00,0.00,0,20.44,0,20.44,0,20.44
39.8,12.7,0.00,0.00,0,20.44,0,20.44,0,20.44
6.7,12.9,0.00,0.00,0,20.44,0,20.44,0,20.44
6.3,13.1,0.00,0.00,0,20.44,0,20.44,0,20.44
93.7,13.3,0.00,0.00,0,20.44,0,20.44,0,20.44
6.9,13.5,0.00,0.00,0,20.44,0,20.44,0,20.44
7.0,13.7,0.00,0.00,0,20.44,0,20.44,0,20.44
6.8,13.9,0.00,0.00,0,20.44,0,20.44,0,20.44
16.2,14.0,0.00,0.00,0,20.44,0,20.44,0,20.44
18.1,14.2,0.00,0.00,73,20.44,56,20.44,53,20.44
18.7,14.2,0.00,0.00,69,20.44,68,20.44,59,20.44
20.2,14.2,0.00,0.00,60,20.44,72,20.44,70,20.44
19.1,14.2,0.00,0.00,48,20.44,81,20.44,59,20.44
20.6,14.2,0.00,0.00,64,20.44,75,20.44,56,20.44
21.0,14.2,0.00,0.00,65,20.44,69,20.44,60,20.44
20.4,14.2,0.00,0.00,64,20.44,65,20.44,64,20.44
20.2,14.1,0.00,0.00,65,20.44,57,20.44,66,20.44
18.6,14.1,0.00,0.00,58,20.44,61,20.44,60,20.44
18.5,14.1,0.00,0.00,59,20.44,65,20.44,56,20.44
25.0,14.1,0.00,0.00,59,20.44,24,20.44,22,20.44
7.1,11.8,0.00,0.00,17,20.44,0,20.44,0,20.44
6.7,12.0,0.00,0.00,0,20.44,0,20.44,0,20.44
6.3,12.1,0.00,0.00,0,20.44,0,20.44,0,20.44
6.4,12.3,0.00,0.00,0,20.44,0,20.44,0,20.44
6.5,12.5,0.00,0.00,0,20.44,0,20.44,0,20.44
77.5,12.7,0.00,0.00,0,20.44,0,20.44,0,20.44
7.1,12.9,0.00,0.00,0,20.44,0,20.44,0,20.44
6.3,13.1,0.00,0.00,0,20.44,0,20.44,0,20.44
72.4,13.3,0.00,0.00,0,20.44,0,20.44,0,20.44
14.2,13.4,0.00,0.00,0,20.44,0,20.44,0,20.44
6.5,13.7,0.00,0.00,0,20.44,0,20.44,0,20.44
6.4,13.9,0.00,0.00,0,20.44,0,20.44,0,20.44
20.2,14.0,0.00,0.00,0,20.44,0,20.44,38,20.44
20.5,14.1,0.00,0.00,59,20.44,19,20.44,61,20.44
19.4,14.1,0.00,0.00,65,20.44,61,20.44,64,20.44
19.0,14.2,0.00,0.00,59,20.44,61,20.44,65,20.44
18.3,14.2,0.00,0.00,62,20.44,60,20.44,76,20.44
21.4,14.1,0.00,0.00,48,20.44,69,20.44,71,20.44
21.2,14.2,0.00,0.00,56,20.44,61,20.44,67,20.44
19.2,14.2,0.00,0.00,62,20.44,59,20.44,57,20.44
19.1,14.2,0.00,0.00,68,20.44,69,20.44,52,20.44
19.0,14.2,0.00,0.00,67,20.44,68,20.44,53,20.44
20.9,14.2,0.00,0.00,67,20.44,55,20.44,67,20.44
25.7,14.1,0.00,0.00,66,20.44,38,20.44,39,20.44
5.8,11.8,0.00,0.00,34,20.44,0,20.44,0,20.44
6.4,12.0,0.00,0.00,0,20.44,0,20.44,0,20.44
6.4,12.1,0.00,0.00,0,20.44,0,20.44,0,20.44
6.4,12.3,0.00,0.00,0,20.44,0,20.44,0,20.44
6.8,12.6,0.00,0.00,0,20.44,0,20.44,0,20.44
6.5,12.7,0.00,0.00,0,20.44,0,20.44,0,20.44
6.7,12.9,0.00,0.00,0,20.44,0,20.44,0,20.44
6.8,13.2,0.00,0.00,0,20.44,0,20.44,0,20.44
87.3,13.3,0.00,0.00,0,20.44,0,20.44,0,20.44
13.2,13.5,0.00,0.00,0,20.44,0,20.44,0,20.44
6.4,13.7,0.00,0.00,0,20.44,0,20.44,0,20.44
13.4,13.9,0.00,0.00,0,20.44,0,20.44,0,20.44
13.2,14.0,0.00,0.00,0,20.44,0,20.44,50,20.44
19.2,14.2,0.00,0.00,26,20.44,65,20.44,67,20.44
19.3,14.2,0.00,0.00,61,20.44,67,20.44,64,20.44
19.0,14.2,0.00,0.00,57,20.44,62,20.44,61,20.44
18.5,14.1,0.00,0.00,63,20.44,66,20.44,56,20.44
18.7,14.1,0.00,0.00,66,20.44,67,20.44,67,20.44
19.9,14.1,0.00,0.00,54,20.44,64,20.44,70,20.44
19.1,14.2,0.00,0.00,58,20.44,57,20.44,70,20.44
19.4,14.1,0.00,0.00,59,20.44,58,20.44,69,20.44
18.2,14.1,0.00,0.00,60,20.44,71,20.44,73,20.44
20.3,14.1,0.00,0.00,59,20.44,73,20.44,63,20.44
25.1,14.1,0.00,0.00,57,20.44,70,20.44,0,20.44
6.3,11.4,0.00,0.00,0,19.15,0,2.2,6,2.2
2.5,5.4,0.00,0.00,6,2.2,6,2.2,0,2.2
2.5,5.3,0.00,0.00,0,2.2,0,2.2,0,2.2
2.3,5.4,0.00,0.00,0,2.2,0,2.2,0,2.2
2.5,5.4,0.00,0.00,0,2.2,0,2.2,0,2.2
97.3,5.6,0.00,0.00,0,2.2,0,2.2,0,2.2
6.2,5.8,0.00,0.00,0,2.2,0,2.2,0,2.2
6.2,5.9,0.00,0.00,0,2.2,0,2.2,0,2.2
0.8,6.0,0.00,0.00,0,2.2,0,2.2,0,2.2
7.0,6.1,0.00,0.00,0,3.79,0,4.66,3,5.69
6.6,7.7,0.00,0.00,3,6.75,4,7.2,4,7.84
5.7,8.7,0.00,0.00,3,7.84,3,7.84,2,7.84
7.0,9.0,0.00,0.00,0,7.84,1,7.84,0,7.84
6.2,9.1,0.00,0.00,0,7.84,0,7.84,0,7.84
16.1,9.3,0.00,0.00,0,7.84,0,7.84,0,7.84
70.5,9.5,0.00,0.00,0,7.84,0,7.84,0,7.84
6.7,9.7,0.00,0.00,0,7.84,0,7.84,0,7.84
6.7,9.8,0.00,0.00,0,7.84,0,7.84,0,7.84
6.4,10.1,0.00,0.00,0,7.84,0,7.84,0,7.84
6.8,10.3,0.00,0.00,0,7.84,0,7.84,0,7.84
60.2,10.4,0.00,0.00,0,7.84,0,7.84,0,7.84
64.2,10.6,0.00,0.00,0,7.84,0,7.84,0,7.84
6.7,10.9,0.00,0.00,0,7.84,0,7.84,0,7.84
6.3,11.0,0.00,0.00,0,7.84,0,8.01,0,7.84
6.3,11.1,0.00,0.00,0,7.84,44,8.83,0,9.17
6.2,12.4,0.00,0.00,0,10.62,32,11.83,2,14.83
7.3,13.9,0.00,0.00,2,16.47,13,16.47,4,16.47
13.5,13.9,0.00,0.00,56,16.47,63,16.47,35,16.47
13.7,13.9,0.00,0.00,37,16.47,50,16.47,52,16.47
13.3,14.0,0.00,0.00,37,16.47,54,16.47,58,16.47
13.5,14.0,0.00,0.00,45,16.47,43,16.47,46,16.47
13.7,14.0,0.00,0.00,45,16.47,43,16.47,61,16.47
13.7,14.0,0.00,0.00,52,16.47,33,16.47,49,16.47
15.6,14.0,0.00,0.00,49,16.47,40,16.47,52,16.47
14.2,14.0,0.00,0.00,40,16.47,46,16.47,40,16.47
13.5,14.0,0.00,0.00,52,16.47,39,16.47,58,16.47
13.4,14.0,0.00,0.00,50,16.47,51,16.47,36,16.47
13.9,14.0,0.00,0.00,58,16.47,52,16.47,38,16.47
13.4,14.0,0.00,0.00,50,16.47,49,16.47,50,16.47
13.9,14.0,0.00,0.00,37,16.47,54,16.47,48,16.47
14.4,14.0,0.00,0.00,38,16.47,42,16.47,39,16.47
13.3,14.0,0.00,0.00,47,16.47,44,16.47,47,16.47
13.4,13.9,0.00,0.00,43,16.47,41,16.47,45,16.47
15.0,14.0,0.00,0.00,43,16.47,45,16.47,45,16.47
14.2,14.0,0.00,0.00,42,16.47,45,16.47,52,16.47
14.2,14.0,0.00,0.00,41,16.47,50,16.47,47,16.47
13.9,14.0,0.00,0.00,40,16.47,43,16.47,49,16.47
6.7,13.9,0.00,0.00,40,16.47,52,16.47,13,16.47
7.1,11.5,0.00,0.00,7,16.47,10,16.47,0,16.47
6.8,11.8,0.00,0.00,0,16.47,0,16.47,0,16.47
43.3,12.0,0.00,0.00,0,16.47,0,16.47,0,16.47
6.5,12.1,0.00,0.00,0,16.47,0,16.47,0,16.47
71.9,12.3,0.00,0.00,0,16.47,0,16.47,0,16.47
6.5,12.5,0.00,0.00,0,16.47,0,16.47,0,16.47
6.5,12.6,0.00,0.00,0,16.47,0,16.47,0,16.47
75.4,12.9,0.00,0.00,0,16.47,0,16.47,0,16.47
6.3,13.1,0.00,0.00,0,16.47,0,16.47,0,16.47
27.0,13.2,0.00,0.00,0,16.47,0,16.47,0,16.47
6.9,13.3,0.00,0.00,0,16.47,0,16.47,0,16.47
28.7,13.6,0.00,0.00,0,16.47,0,16.47,0,16.47
46.3,13.8,0.00,0.00,0,16.47,0,16.47,0,16.47
6.4,13.9,0.00,0.00,0,16.47,0,16.47,0,16.47
14.6,14.0,0.00,0.00,0,16.47,37,16.47,68,16.47
13.5,14.0,0.00,0.00,34,16.47,42,16.47,46,16.47
13.6,14.0,0.00,0.00,46,16.47,52,16.47,47,16.47
15.2,14.0,0.00,0.00,36,16.47,39,16.47,60,16.47
14.3,14.0,0.00,0.00,54,16.47,39,16.47,50,16.47
13.8,14.0,0.00,0.00,53,16.47,39,16.47,62,16.47
13.7,14.0,0.00,0.00,44,16.47,34,16.47,56,16.47
14.8,14.0,0.00,0.00,46,16.47,45,16.47,50,16.47
13.3,14.0,0.00,0.00,40,16.47,51,16.47,48,16.47
13.8,14.0,0.00,0.00,40,16.47,55,16.47,48,16.47
13.5,14.0,0.00,0.00,45,16.47,56,16.47,59,16.47
14.5,14.0,0.00,0.00,33,16.47,62,16.47,61,16.47
13.9,14.0,0.00,0.00,44,16.47,45,16.47,54,16.47
13.5,14.0,0.00,0.00,38,16.47,37,16.47,65,16.47
13.5,14.0,0.00,0.00,37,16.47,55,16.47,69,16.47
14.2,14.0,0.00,0.00,30,16.47,49,16.47,62,16.47
14.3,14.0,0.00,0.00,46,16.47,45,16.47,58,16.47
14.7,14.0,0.00,0.00,47,16.47,60,16.47,59,16.47
14.7,14.0,0.00,0.00,35,16.47,46,16.47,47,16.47
13.5,14.0,0.00,0.00,41,16.47,53,16.47,42,16.47
18.7,14.0,0.00,0.00,48,16.47,39,16.47,44,16.47
6.3,11.5,0.00,0.00,39,16.11,0,16.15,0,14.14
5.0,7.5,0.00,0.00,0,2.2,0,14.18,2,2.2
2.1,5.4,0.00,0.00,4,2.2,4,2.2,2,2.2
0.4,5.3,0.00,0.00,0,2.2,0,2.2,0,2.2
0.4,5.3,0.00,0.00,0,2.2,0,2.2,0,2.2
2.5,5.3,0.00,0.00,0,2.2,0,2.2,0,2.2
2.1,5.4,0.00,0.00,0,2.2,0,2.2,0,2.2
3.3,5.4,0.00,0.00,0,2.2,0,2.2,0,2.2
6.2,5.7,0.00,0.00,0,2.2,0,2.2,0,2.2
62.1,5.9,0.00,0.00,0,2.2,0,2.2,0,2.2
4.0,6.0,0.00,0.00,0,2.2,0,2.2,0,2.2
7.1,6.0,0.00,0.00,0,2.2,0,2.2,0,2.31
5.0,6.9,0.00,0.00,0,4.92,1,5.74,1,6.59
6.7,8.6,0.00,0.00,2,9.58,5,13.57,5,13.57
6.7,8.8,0.00,0.00,6,13.57,6,13.57,5,13.57
6.7,9.1,0.00,0.00,3,13.57,0,13.57,0,13.57
6.4,9.2,0.00,0.00,0,13.57,0,13.57,0,13.57
6.4,9.4,0.00,0.00,0,13.57,0,13.57,0,13.57
6.2,9.6,0.00,0.00,0,13.57,0,13.57,0,13.57
53.0,9.8,0.00,0.00,0,13.57,0,13.57,0,13.57
7.1,10.0,0.00,0.00,0,13.57,0,13.57,0,13.57
6.4,10.2,0.00,0.00,0,13.57,0,13.57,0,13.57
40.6,10.4,0.00,0.00,0,13.57,0,13.57,0,13.57
6.4,10.5,0.00,0.00,0,13.57,0,13.57,0,13.57
98.3,10.8,0.00,0.00,0,13.57,0,13.57,0,13.57
6.8,10.9,0.00,0.00,0,13.57,0,13.57,0,13.57
6.6,11.1,0.00,0.00,0,13.71,0,14.16,0,14.41
6.3,12.4,0.00,0.00,1,16.82,3,17.26,3,20.19
9.6,13.8,0.00,0.00,4,24.62,50,24.62,45,24.62
12.9,13.8,0.00,0.00,87,24.62,97,24.62,97,24.62
13.7,13.8,0.00,0.00,99,24.62,97,24.62,97,24.62
12.7,13.8,0.00,0.00,99,24.62,97,24.62,98,24.62
12.7,13.8,0.00,0.00,98,24.62,97,24.62,98,24.62
13.3,13.8,0.00,0.00,98,24.62,97,24.62,97,24.62
13.7,13.8,0.00,0.00,98,24.62,98,24.62,97,24.62
12.9,13.8,0.00,0.00,97,24.62,98,24.62,97,24.62
12.7,13.8,0.00,0.00,98,24.62,98,24.62,97,24.62
13.3,13.8,0.00,0.00,98,24.62,97,24.62,97,24.62
13.4,13.8,0.00,0.00,98,24.62,97,24.62,98,24.62
13.5,13.8,0.00,0.00,98,24.62,97,24.62,97,24.62
13.3,13.8,0.00,0.00,98,24.62,97,24.62,97,24.62
12.5,13.8,0.00,0.00,98,24.62,97,24.62,97,24.62
14.1,13.8,0.00,0.00,99,24.62,98,24.62,98,24.62
12.3,13.8,0.00,0.00,99,24.62,96,24.62,96,24.62
13.2,13.8,0.00,0.00,97,24.62,98,24.62,97,24.62
13.2,13.8,0.00,0.00,98,24.62,98,24.62,98,24.62
13.7,13.8,0.00,0.00,98,24.62,98,24.62,98,24.62
12.9,13.8,0.00,0.00,98,24.62,98,24.62,98,24.62
13.3,13.8,0.00,0.00,98,24.62,98,24.62,98,24.62
13.2,13.8,0.00,0.00,98,24.62,97,24.62,97,24.62
6.8,13.8,0.00,0.00,98,24.62,98,24.62,98,24.62
15.4,11.7,0.00,0.00,98,24.62,34,24.62,24,24.62
58.8,11.6,0.00,0.00,0,24.62,0,24.62,0,24.62
6.5,11.8,0.00,0.00,0,24.62,0,24.62,0,24.62
6.9,11.9,0.00,0.00,0,24.62,0,24.62,0,24.62
61.6,12.2,0.00,0.00,0,24.62,0,24.62,0,24.62
6.6,12.4,0.00,0.00,0,24.62,0,24.62,0,24.62
6.9,12.5,0.00,0.00,0,24.62,0,24.62,0,24.62
7.3,12.7,0.00,0.00,0,24.62,0,24.62,0,24.62
6.7,12.9,0.00,0.00,0,24.62,0,24.62,0,24.62
91.7,13.0,0.00,0.00,0,24.62,0,24.62,0,24.62
31.7,13.2,0.00,0.00,0,24.62,0,24.62,0,24.62
5.9,13.5,0.00,0.00,0,24.62,0,24.62,0,24.62
6.7,13.6,0.00,0.00,0,24.62,0,24.62,0,24.62
6.1,13.8,0.00,0.00,0,24.62,0,24.62,0,24.62
12.7,13.9,0.00,0.00,74,24.62,93,24.62,64,24.62
13.1,13.9,0.00,0.00,98,24.62,98,24.62,98,24.62
13.9,13.9,0.00,0.00,98,24.62,97,24.62,98,24.62
12.9,13.9,0.00,0.00,98,24.62,97,24.62,98,24.62
12.7,13.9,0.00,0.00,98,24.62,97,24.62,98,24.62
12.9,13.9,0.00,0.00,98,24.62,98,24.62,97,24.62
13.1,13.9,0.00,0.00,98,24.62,98,24.62,97,24.62
13.1,13.9,0.00,0.00,98,24.62,97,24.62,97,24.62
12.9,13.9,0.00,0.00,98,24.62,98,24.62,98,24.62
12.7,13.9,0.00,0.00,98,24.62,97,24.62,98,24.62
13.7,13.9,0.00,0.00,98,24.62,98,24.62,98,24.62
12.9,13.9,0.00,0.00,97,24.62,98,24.62,98,24.62
12.9,13.9,0.00,0.00,98,24.62,98,24.62,98,24.62
13.7,13.9,0.00,0.00,98,24.62,98,24.62,97,24.62
13.7,13.9,0.00,0.00,98,24.62,98,24.62,98,24.62
13.2,13.9,0.00,0.00,98,24.62,98,24.62,98,24.62
12.5,13.9,0.00,0.00,97,24.62,98,24.62,98,24.62
12.9,13.9,0.00,0.00,97,24.62,98,24.62,98,24.62
14.0,13.9,0.00,0.00,98,24.62,97,24.62,98,24.62
12.9,13.9,0.00,0.00,98,24.62,98,24.62,97,24.62
12.9,13.9,0.00,0.00,98,24.62,97,24.62,98,24.62
13.3,13.9,0.00,0.00,98,24.62,97,24.62,97,24.62
25.4,13.9,0.00,0.00,98,24.62,98,24.62,95,24.62
6.8,11.5,0.00,0.00,0,24.62,10,24.62,0,24.62
6.5,11.7,0.00,0.00,0,24.62,0,24.62,0,24.62
26.3,11.8,0.00,0.00,0,24.62,0,24.62,0,24.62
19.8,12.0,0.00,0.00,0,24.62,0,24.62,0,24.62
6.4,12.2,0.00,0.00,0,24.62,0,24.62,0,24.62
28.6,12.4,0.00,0.00,0,24.62,0,24.62,0,24.62
14.3,12.6,0.00,0.00,0,24.62,0,24.62,0,24.62
96.3,12.8,0.00,0.00,0,24.62,0,24.62,0,24.62
6.5,13.0,0.00,0.00,0,24.62,0,24.62,0,24.62
6.7,13.1,0.00,0.00,0,24.62,0,24.62,0,24.62
56.7,13.3,0.00,0.00,0,24.62,0,24.62,0,24.62
6.2,13.6,0.00,0.00,0,24.62,0,24.62,0,24.62
34.7,13.7,0.00,0.00,0,24.62,0,24.62,0,24.62
14.2,13.9,0.00,0.00,0,24.62,41,24.62,33,24.62
13.4,13.9,0.00,0.00,94,24.62,98,24.62,98,24.62
13.9,13.9,0.00,0.00,99,24.62,98,24.62,97,24.62
12.9,13.9,0.00,0.00,98,24.62,98,24.62,98,24.62
13.4,13.9,0.00,0.00,98,24.62,97,24.62,98,24.62
12.5,13.9,0.00,0.00,98,24.62,98,24.62,97,24.62
12.3,13.9,0.00,0.00,98,24.62,97,24.62,97,24.62
13.1,13.9,0.00,0.00,98,24.62,97,24.62,97,24.62
13.3,13.9,0.00,0.00,98,24.62,97,24.62,97,24.62
12.6,13.9,0.00,0.00,98,24.62,97,24.62,97,24.62
12.7,13.9,0.00,0.00,98,24.62,97,24.62,97,24.62
13.3,13.9,0.00,0.00,98,24.62,97,24.62,97,24.62
13.3,13.9,0.00,0.00,98,24.62,97,24.62,98,24.62
12.7,13.9,0.00,0.00,98,24.62,98,24.62,98,24.62
13.5,13.9,0.00,0.00,98,24.62,97,24.62,97,24.62
13.7,13.9,0.00,0.00,98,24.62,98,24.62,97,24.62
13.5,13.9,0.00,0.00,98,24.62,98,24.62,98,24.62
13.1,13.9,0.00,0.00,98,24.62,97,24.62,98,24.62
12.9,13.9,0.00,0.00,98,24.62,97,24.62,98,24.62
12.7,13.9,0.00,0.00,99,24.62,98,24.62,98,24.62
13.9,13.9,0.00,0.00,98,24.62,98,24.62,98,24.62
13.4,13.9,0.00,0.00,98,24.62,97,24.62,98,24.62
6.5,13.9,0.00,0.00,98,24.62,97,24.62,98,24.62
14.7,11.4,0.00,0.00,98,24.62,45,24.62,34,24.62
6.8,11.6,0.00,0.00,0,24.62,0,24.62,0,24.62
7.0,11.8,0.00,0.00,0,24.62,0,24.62,0,24.62
13.0,11.9,0.00,0.00,0,24.62,0,24.62,0,24.62
6.5,12.2,0.00,0.00,0,24.62,0,24.62,0,24.62
6.3,12.4,0.00,0.00,0,24.62,0,24.62,0,24.62
5.8,12.5,0.00,0.00,0,24.62,0,24.62,0,24.62
90.0,12.7,0.00,0.00,0,24.62,0,24.62,0,24.62
6.6,12.9,0.00,0.00,0,24.62,0,24.62,0,24.62
6.2,13.1,0.00,0.00,0,24.62,0,24.62,0,24.62
6.8,13.3,0.00,0.00,0,24.62,0,24.62,0,24.62
6.4,13.5,0.00,0.00,0,24.62,0,24.62,0,24.62
37.8,13.7,0.00,0.00,0,24.62,0,24.62,0,24.62
6.5,13.8,0.00,0.00,0,24.62,0,24.62,10,24.62
13.3,13.9,0.00,0.00,83,24.62,80,24.62,98,24.62
13.3,13.9,0.00,0.00,98,24.62,97,24.62,97,24.62
12.9,13.9,0.00,0.00,98,24.62,98,24.62,98,24.62
12.7,13.9,0.00,0.00,98,24.62,97,24.62,98,24.62
13.2,13.9,0.00,0.00,98,24.62,98,24.62,97,24.62
13.3,13.9,0.00,0.00,98,24.62,98,24.62,98,24.62
12.9,13.9,0.00,0.00,98,24.62,97,24.62,98,24.62
13.1,13.9,0.00,0.00,98,24.62,97,24.62,97,24.62
12.6,13.9,0.00,0.00,98,24.62,97,24.62,98,24.62
12.5,13.9,0.00,0.00,98,24.62,97,24.62,97,24.62
13.1,13.9,0.00,0.00,98,24.62,97,24.62,97,24.62
12.9,13.9,0.00,0.00,98,24.62,97,24.62,98,24.62
14.2,13.9,0.00,0.00,98,24.62,98,24.62,97,24.62
13.1,13.9,0.00,0.00,98,24.62,98,24.62,97,24.62
12.9,13.9,0.00,0.00,98,24.62,97,24.62,97,24.62
13.1,13.9,0.00,0.00,98,24.62,97,24.62,98,24.62
13.3,13.8,0.00,0.00,98,24.62,97,24.62,97,24.62
12.9,13.8,0.00,0.00,98,24.62,98,24.62,97,24.62
12.5,13.9,0.00,0.00,98,24.62,97,24.62,98,24.62
12.7,13.8,0.00,0.00,98,24.62,97,24.62,98,24.62
14.3,13.9,0.00,0.00,98,24.62,95,24.62,96,24.62
14.1,13.9,0.00,0.00,98,24.62,98,24.62,98,24.62
25.1,13.9,0.00,0.00,59,24.62,82,24.62,0,24.62
99.8,11.6,0.00,0.00,0,24.62,0,24.62,0,24.62
6.4,11.8,0.00,0.00,0,24.62,0,24.62,0,24.62
6.3,11.9,0.00,0.00,0,24.62,0,24.62,0,24.62
22.1,12.1,0.00,0.00,0,24.62,0,24.62,0,24.62
6.7,12.3,0.00,0.00,0,24.62,0,24.62,0,24.62
6.7,12.5,0.00,0.00,0,24.62,0,24.62,0,24.62
7.1,12.7,0.00,0.00,0,24.62,0,24.62,0,24.62
6.4,12.9,0.00,0.00,0,24.62,0,24.62,0,24.62
6.0,13.0,0.00,0.00,0,24.62,0,24.62,0,24.62
6.4,13.2,0.00,0.00,0,24.62,0,24.62,0,24.62
48.5,13.4,0.00,0.00,0,24.62,0,24.62,0,24.62
54.6,13.6,0.00,0.00,0,24.62,0,24.62,0,24.62
61.9,13.7,0.00,0.00,0,24.62,0,24.62,0,24.62
14.3,13.9,0.00,0.00,23,24.62,5,24.62,49,24.62
14.3,13.9,0.00,0.00,99,24.62,98,24.62,97,24.62
13.3,13.9,0.00,0.00,98,24.62,98,24.62,97,24.62
13.1,13.9,0.00,0.00,98,24.62,98,24.62,98,24.62
13.1,13.9,0.00,0.00,98,24.62,98,24.62,98,24.62
13.1,13.9,0.00,0.00,98,24.62,98,24.62,98,24.62
13.2,13.9,0.00,0.00,98,24.62,97,24.62,98,24.62
12.9,13.9,0.00,0.00,98,24.62,98,24.62,97,24.62
13.9,13.9,0.00,0.00,98,24.62,98,24.62,98,24.62
13.5,13.9,0.00,0.00,98,24.62,98,24.62,98,24.62
13.3,13.9,0.00,0.00,98,24.62,98,24.62,97,24.62
13.3,13.9,0.00,0.00,98,24.62,97,24.62,98,24.62
14.0,13.9,0.00,0.00,97,24.62,98,24.62,98,24.62
13.7,13.9,0.00,0.00,98,24.62,98,24.62,98,24.62
13.7,13.9,0.00,0.00,98,24.62,97,24.62,98,24.62
12.9,13.9,0.00,0.00,98,24.62,98,24.62,98,24.62
12.9,13.9,0.00,0.00,98,24.62,98,24.62,98,24.62
13.7,13.9,0.00,0.00,98,24.62,98,24.62,98,24.62
13.5,13.9,0.00,0.00,98,24.62,97,24.62,98,24.62
12.9,13.9,0.00,0.00,98,24.62,98,24.62,98,24.62
14.6,13.9,0.00,0.00,98,24.62,98,24.62,98,24.62
14.0,13.9,0.00,0.00,98,24.62,98,24.62,98,24.62
6.7,13.9,0.00,0.00,98,24.62,97,24.62,42,24.62
7.8,11.4,0.00,0.00,31,24.58,53,24.33,0,22.57
5.8,9.1,0.00,0.00,0,2.2,0,22.52,7,2.2
2.3,5.4,0.00,0.00,6,2.2,1,2.2,0,2.2
0.8,5.3,0.00,0.00,0,2.2,6,2.2,0,2.2
1.2,5.3,0.00,0.00,0,2.2,0,2.2,0,2.2
0.0,5.3,0.00,0.00,0,2.2,0,2.2,0,2.2
2.5,5.3,0.00,0.00,0,2.2,0,2.2,0,2.2
2.3,5.4,0.00,0.00,0,2.2,0,2.2,0,2.2
1.7,5.4,0.00,0.00,0,2.2,0,2.2,0,2.2
4.2,5.5,0.00,0.00,0,2.2,0,2.2,0,2.2
4.6,5.7,0.00,0.00,0,2.2,0,2.2,0,2.2
4.6,5.8,0.00,0.00,0,2.2,0,2.2,0,2.2
3.1,6.0,0.00,0.00,0,4.6,0,5.74,0,2.2
4.2,7.3,0.00,0.00,5,7.78,4,7.84,0,2.2
4.8,7.7,0.00,0.00,2,7.84,3,7.84,0,2.2
5.4,7.8,0.00,0.00,0,7.84,0,7.84,0,2.2
4.8,7.9,0.00,0.00,0,7.84,0,7.84,0,2.2
4.4,8.1,0.00,0.00,0,7.84,0,7.84,0,2.2
4.2,8.2,0.00,0.00,0,7.84,0,7.84,0,2.2
4.6,8.3,0.00,0.00,0,7.84,0,7.84,0,2.2
4.2,8.5,0.00,0.00,0,7.84,0,7.84,0,2.2
4.6,8.7,0.00,0.00,0,7.84,0,7.84,0,2.2
4.4,8.7,0.00,0.00,0,7.84,0,7.84,0,2.2
4.4,8.9,0.00,0.00,0,7.84,0,7.84,0,2.2
4.2,9.0,0.00,0.00,0,7.84,0,7.84,0,2.2
4.2,9.1,0.00,0.00,0,7.84,0,7.84,0,2.2
5.4,9.6,0.00,0.00,0,9.67,0,10.23,0,2.2
4.6,10.9,0.00,0.00,2,20.32,4,20.37,0,2.2
14.3,11.2,0.00,0.00,7,20.37,37,20.37,0,2.2
12.3,11.2,0.00,0.00,72,20.37,52,20.37,0,2.2
12.4,11.2,0.00,0.00,63,20.37,64,20.37,0,2.2
14.5,11.2,0.00,0.00,55,20.37,59,20.37,0,2.2
14.3,11.2,0.00,0.00,55,20.37,56,20.37,0,2.2
13.3,11.2,0.00,0.00,70,20.37,59,20.37,0,2.2
13.6,11.2,0.00,0.00,52,20.37,64,20.37,0,2.2
14.4,11.2,0.00,0.00,62,20.37,62,20.37,0,2.2
14.3,11.2,0.00,0.00,62,20.37,56,20.37,0,2.2
13.1,11.2,0.00,0.00,59,20.37,55,20.37,0,2.2
14.8,11.2,0.00,0.00,48,20.37,50,20.37,0,2.2
13.3,11.2,0.00,0.00,51,20.37,61,20.37,0,2.2
13.5,11.2,0.00,0.00,51,20.37,64,20.37,0,2.2
13.1,11.2,0.00,0.00,54,20.37,55,20.37,0,2.2
12.5,11.2,0.00,0.00,66,20.37,54,20.37,0,2.2
12.7,11.2,0.00,0.00,61,20.37,52,20.37,0,2.2
17.1,11.2,0.00,0.00,54,20.37,7,20.37,0,2.2
98.3,9.6,0.00,0.00,0,20.37,0,20.37,0,2.2
4.4,9.8,0.00,0.00,0,20.37,0,20.37,0,2.2
4.6,9.9,0.00,0.00,0,20.37,0,20.37,0,2.2
61.4,10.1,0.00,0.00,0,20.37,0,20.37,0,2.2
4.8,10.2,0.00,0.00,0,20.37,0,20.37,0,2.2
4.8,10.3,0.00,0.00,0,20.37,0,20.37,0,2.2
70.7,10.5,0.00,0.00,0,20.37,0,20.37,0,2.2
4.2,10.6,0.00,0.00,0,20.37,0,20.37,0,2.2
4.4,10.7,0.00,0.00,0,20.37,0,20.37,0,2.2
65.3,10.9,0.00,0.00,0,20.37,0,20.37,0,2.2
4.8,11.0,0.00,0.00,0,20.37,0,20.37,0,2.2
4.4,11.1,0.00,0.00,0,20.37,0,20.37,0,2.2
13.8,11.2,0.00,0.00,0,20.37,31,20.37,0,2.2
13.4,11.2,0.00,0.00,74,20.37,58,20.37,0,2.2
14.6,11.2,0.00,0.00,74,20.37,56,20.37,0,2.2
14.7,11.2,0.00,0.00,60,20.37,61,20.37,0,2.2
12.5,11.2,0.00,0.00,56,20.37,66,20.37,0,2.2
12.7,11.2,0.00,0.00,54,20.37,71,20.37,0,2.2
12.7,11.2,0.00,0.00,56,20.37,64,20.37,0,2.2
14.4,11.2,0.00,0.00,49,20.37,68,20.37,0,2.2
13.9,11.2,0.00,0.00,57,20.37,73,20.37,0,2.2
13.7,11.2,0.00,0.00,55,20.37,68,20.37,0,2.2
12.1,11.2,0.00,0.00,52,20.37,68,20.37,0,2.2
12.5,11.2,0.00,0.00,53,20.37,70,20.37,0,2.2
12.9,11.2,0.00,0.00,56,20.37,67,20.37,0,2.2
14.1,11.2,0.00,0.00,56,20.37,63,20.37,0,2.2
13.9,11.2,0.00,0.00,58,20.37,63,20.37,0,2.2
17.7,11.2,0.00,0.00,60,20.37,25,20.37,0,2.2
4.2,9.4,0.00,0.00,9,18.06,0,2.2,0,2.2
2.3,5.2,0.00,0.00,1,2.2,5,2.2,0,2.2
0.2,5.2,0.00,0.00,5,2.2,0,2.2,0,2.2
0.2,5.2,0.00,0.00,0,2.2,0,2.2,0,2.2
0.6,5.2,0.00,0.00,0,2.2,0,2.2,0,2.2
40.2,5.2,0.00,0.00,0,2.2,0,2.2,0,2.2
0.2,5.2,0.00,0.00,0,2.2,0,2.2,0,2.2
0.2,5.2,0.00,0.00,0,2.2,0,2.2,0,2.2
0.4,5.2,0.00,0.00,0,2.2,0,2.2,0,2.2
0.6,5.2,0.00,0.00,0,2.2,0,2.2,0,2.2
4.8,5.3,0.00,0.00,0,2.2,0,2.2,0,2.2
5.0,5.5,0.00,0.00,0,2.2,0,2.2,0,2.2
4.8,5.6,0.00,0.00,0,2.2,0,2.2,0,2.2
69.7,5.8,0.00,0.00,0,2.2,0,2.2,0,2.2
6.7,6.0,0.00,0.00,0,2.2,0,2.2,0,2.2
6.4,6.1,0.00,0.00,0,2.2,0,2.2,0,2.2
2.1,6.3,0.00,0.00,0,2.2,0,2.2,0,6.2
3.3,7.0,0.00,0.00,0,4.3,2,5.23,4,9.98
6.3,8.4,0.00,0.00,3,7.2,4,7.68,3,9.98
6.3,9.0,0.00,0.00,4,7.84,1,7.84,0,9.98
6.2,9.2,0.00,0.00,0,7.84,0,7.84,0,9.98
71.9,9.4,0.00,0.00,0,7.84,0,7.84,0,9.98
15.4,9.6,0.00,0.00,0,7.84,0,7.84,0,9.98
50.5,9.8,0.00,0.00,0,7.84,0,7.84,0,9.98
6.4,10.0,0.00,0.00,0,7.84,0,7.84,0,9.98
6.2,10.1,0.00,0.00,0,7.84,0,7.84,0,9.98
79.7,10.3,0.00,0.00,0,7.84,0,7.84,0,9.98
7.1,10.5,0.00,0.00,0,7.84,0,7.84,0,9.98
6.5,10.7,0.00,0.00,0,7.84,0,7.84,0,9.98
5.8,10.9,0.00,0.00,0,7.84,0,7.84,0,9.98
6.4,11.1,0.00,0.00,0,7.84,0,7.84,0,11.33
6.2,11.6,0.00,0.00,0,7.84,0,7.84,3,18.45
7.7,12.5,0.00,0.00,0,9.19,7,10.18,31,20.12
9.1,13.7,0.00,0.00,3,15.24,11,16.47,78,20.12
14.1,14.1,0.00,0.00,17,16.47,19,16.47,76,20.12
13.7,14.1,0.00,0.00,38,16.47,50,16.47,71,20.12
13.8,14.1,0.00,0.00,47,16.47,39,16.47,74,20.12
13.4,14.1,0.00,0.00,39,16.47,42,16.47,73,20.12
12.7,14.1,0.00,0.00,33,16.47,65,16.47,74,20.12
13.2,14.1,0.00,0.00,32,16.47,47,16.47,76,20.12
13.6,14.1,0.00,0.00,45,16.47,40,16.47,70,20.12
14.3,14.1,0.00,0.00,43,16.47,37,16.47,69,20.12
13.8,14.1,0.00,0.00,46,16.47,42,16.47,77,20.12
13.4,14.1,0.00,0.00,42,16.47,45,16.47,70,20.12
13.1,14.1,0.00,0.00,40,16.47,36,16.47,68,20.12
13.7,14.1,0.00,0.00,46,16.47,47,16.47,72,20.12
14.1,14.1,0.00,0.00,39,16.47,48,16.47,74,20.12
13.4,14.1,0.00,0.00,38,16.47,46,16.47,73,20.12
13.5,14.1,0.00,0.00,40,16.47,35,16.47,67,20.12
16.1,14.1,0.00,0.00,48,16.47,36,16.47,78,20.12
14.8,14.1,0.00,0.00,41,16.47,43,16.47,77,20.12
14.6,14.1,0.00,0.00,44,16.47,38,16.47,77,20.12
13.8,14.1,0.00,0.00,51,16.47,38,16.47,78,20.12
14.2,14.1,0.00,0.00,45,16.47,39,16.47,79,20.12
13.5,14.1,0.00,0.00,43,16.47,43,16.47,78,20.12
14.2,14.1,0.00,0.00,58,16.47,34,16.47,80,20.12
13.9,14.1,0.00,0.00,54,16.47,36,16.47,78,20.12
13.5,14.1,0.00,0.00,54,16.47,37,16.47,73,20.12
12.7,14.1,0.00,0.00,53,16.47,39,16.47,74,20.12
14.6,14.1,0.00,0.00,49,16.47,42,16.47,78,20.12
12.9,14.1,0.00,0.00,45,16.47,34,16.47,75,20.12
13.8,14.1,0.00,0.00,56,16.47,41,16.47,69,20.12
14.2,14.1,0.00,0.00,43,16.47,57,16.47,72,20.12
21.0,14.1,0.00,0.00,37,16.55,30,16.55,75,20.12
8.6,12.4,0.00,0.00,23,16.18,0,14.21,74,20.12
6.7,10.4,0.00,0.00,0,14.25,5,2.2,80,20.12
7.1,8.3,0.00,0.00,1,2.2,0,2.2,81,20.12
751.15