1.3,8.1,0.00,0.00,0,2.95,0,2.95,0,2.95,0,2.95
3.2,8.1,0.00,0.00,0,2.95,0,2.95,0,2.95,0,2.95
3.8,8.1,0.00,0.00,0,2.95,0,2.95,0,2.95,0,2.95
0.6,8.1,0.00,0.00,0,2.95,0,2.95,0,2.95,0,2.95
0.2,8.1,0.00,0.00,0,2.95,0,2.95,0,2.95,0,2.95
0.6,8.1,0.00,0.00,0,2.95,0,2.95,0,2.95,0,2.95
6.0,8.3,0.00,0.00,0,2.95,0,2.95,0,2.95,0,2.95
5.5,8.5,0.00,0.00,0,2.95,0,2.95,0,2.95,0,2.95
9.0,9.0,0.00,0.00,0,2.95,0,2.95,0,2.95,0,2.95
5.4,9.4,0.00,0.00,0,2.95,0,2.95,0,2.95,0,2.95
2.3,9.7,0.00,0.00,0,2.95,0,2.95,0,2.95,0,2.95
8.1,12.2,0.00,0.00,0,2.95,0,2.95,0,3.07,0,2.95
14.8,14.3,0.00,0.00,1,7.33,2,8.72,3,15.44,0,2.95
18.8,15.8,0.00,0.00,12,28.94,19,28.94,9,28.94,0,2.95
10.6,17.0,0.00,0.00,8,28.94,0,28.94,0,28.94,0,2.95
10.8,17.7,0.00,0.00,0,28.94,0,28.94,0,28.94,0,10.4
10.8,20.6,0.00,0.00,0,28.94,0,28.94,0,28.94,4,19.7
72.4,23.2,0.00,0.00,0,28.94,0,28.94,0,28.94,0,19.7
17.6,24.7,0.00,0.00,0,28.94,0,28.94,0,28.94,0,19.7
61.4,25.8,0.00,0.00,0,28.94,0,28.94,0,28.94,0,19.7
25.1,28.3,0.00,0.00,0,28.94,0,28.94,0,28.94,0,19.7
25.3,29.8,0.00,0.00,0,28.94,0,28.94,0,29.12,0,21.86
10.9,34.8,0.00,0.00,0,36.78,6,39.88,10,44.05,4,27.73
30.7,48.9,0.00,0.00,13,72.37,31,84.26,89,84.26,6,39.03
23.3,52.1,0.00,0.00,99,84.26,99,84.26,100,84.26,6,54.29
23.4,52.1,0.00,0.00,100,84.26,97,84.26,99,84.26,0,56.15
23.7,53.9,0.00,0.00,100,84.26,100,84.26,98,84.26,3,65.23
28.2,56.1,0.00,0.00,100,84.26,100,84.26,99,84.26,80,65.23
30.4,57.0,0.00,0.00,100,84.26,100,84.26,99,84.26,10,65.23
50.4,58.0,0.00,0.00,99,84.26,100,84.26,99,84.26,11,65.23
26.0,58.5,0.00,0.00,99,84.26,99,84.26,100,84.26,16,65.23
89.2,59.6,0.00,0.00,100,84.26,99,84.26,99,84.26,19,65.23
21.7,60.2,0.00,0.00,100,84.26,100,84.26,99,84.26,73,68.16
44.8,62.3,0.00,0.00,100,84.87,100,85.87,99,87.04,69,77.1
58.3,68.1,0.00,0.00,100,89.73,100,99.86,100,99.86,93,77.1
47.8,68.3,0.00,0.00,100,99.86,99,99.86,99,96.69,24,77.1
26.6,55.2,0.00,0.00,99,73.77,99,73.77,99,73.77,25,77.1
24.2,54.1,0.00,0.00,100,73.77,100,73.77,100,73.77,25,77.1
26.6,54.7,0.00,0.00,100,73.77,100,73.77,100,73.77,28,77.1
25.9,55.5,0.00,0.00,100,73.77,100,73.77,99,73.77,53,77.1
30.5,56.0,0.00,0.00,100,73.77,100,73.77,100,73.77,95,77.1
30.0,56.9,0.00,0.00,100,73.77,100,73.77,100,73.77,97,77.1
94.3,56.4,0.00,0.00,100,73.77,100,66.63,1,2.95,6,2.95
