1.3,5.1,0.00,0.00,0,2.2,0,2.2,1,2.2
0.2,5.1,0.00,0.00,0,2.2,0,2.2,0,2.2
0.4,5.1,0.00,0.00,0,2.2,0,2.2,0,2.2
0.2,5.1,0.00,0.00,0,2.2,0,2.2,0,2.2
2.5,5.1,0.00,0.00,0,2.2,0,2.2,0,2.2
1.0,5.1,0.00,0.00,0,2.2,0,2.2,0,2.2
0.2,5.1,0.00,0.00,0,2.2,0,2.2,0,2.2
0.8,5.1,0.00,0.00,0,2.2,0,2.2,0,2.2
0.4,5.1,0.00,0.00,0,2.2,0,2.2,0,2.2
3.1,5.1,0.00,0.00,0,2.2,0,2.2,0,2.2
0.4,5.1,0.00,0.00,0,2.2,0,2.2,0,2.2
0.2,5.1,0.00,0.00,0,2.2,0,2.2,0,2.2
0.0,5.1,0.00,0.00,0,2.2,0,2.2,0,2.2
0.0,5.1,0.00,0.00,0,2.2,0,2.2,0,2.2
10.7,5.1,0.00,0.00,0,2.2,0,2.2,0,2.2
0.6,5.1,0.00,0.00,0,2.2,0,2.2,0,2.2
0.2,5.1,0.00,0.00,0,2.2,0,2.2,0,2.2
0.2,5.1,0.00,0.00,0,2.2,0,2.2,0,2.2
0.0,5.1,0.00,0.00,0,2.2,0,2.2,0,2.2
9.6,5.1,0.00,0.00,0,2.2,0,2.2,0,2.2
0.2,5.1,0.00,0.00,0,2.2,0,2.2,0,2.2
0.4,5.1,0.00,0.00,0,2.2,0,2.2,0,2.2
0.6,5.1,0.00,0.00,0,2.2,0,2.2,0,2.2
1.0,5.1,0.00,0.00,0,2.2,0,2.2,0,2.2
2.7,5.1,0.00,0.00,0,2.2,0,2.2,0,2.2
0.2,5.1,0.00,0.00,0,2.2,0,2.2,0,2.2
