system:Weave
schedule_strategy:BN-SRSF
node_kind:4*3090
validation:True
model_kind:all_model
MPS:True
Sync:True
overshared_factor:3.0
gpu_mem_percent:0.9
job_come_time_factor:1
job_duration_time_factor:1
job_ddl_factor:10
node_num:100
job_num:100
schedule_interval:10
makespan_real:0.16902875900268555
makespan:2064.6257493959524
job_come_num:100
succeed_job_num:100
failed_job_num:0
queue:[88, 88, 88, 88, 88, 88, 84, 84, 84, 84, 84, 84, 84, 82, 82, 82, 82, 82, 82, 82, 82, 77, 77, 76, 76, 76, 76, 73, 71, 71, 68, 66, 64, 64, 63, 63, 63, 63, 63, 63, 62, 62, 60, 60, 60, 60, 58, 57, 56, 56, 54, 54, 54, 54, 54, 53, 52, 52, 52, 50, 50, 50, 50, 50, 47, 46, 45, 44, 44, 42, 42, 42, 42, 42, 42, 41, 40, 40, 40, 40, 40, 40, 40, 40, 38, 34, 33, 32, 32, 31, 31, 31, 30, 30, 30, 30, 30, 28, 28, 26, 26, 26, 26, 26, 26, 26, 26, 24, 23, 22, 21, 20, 20, 20, 18, 18, 18, 17, 17, 17, 17, 17, 15, 15, 15, 15, 15, 15, 15, 15, 15, 15, 14, 13, 11, 10, 10, 9, 8, 8, 8, 6, 6, 6, 6, 5, 5, 5, 5, 5, 3, 3, 3, 3, 3, 3, 3, 3, 3, 3, 2, 1, 0]
job_wait_time_list:[10, 10, 10, 10, 70, 70, 70, 70, 10, 140, 10, 140, 10, 10, 10, 10, 10, 10, 220, 220, 220, 220, 220, 240, 280, 290, 290, 280, 310, 320, 320, 330, 330, 350, 310, 310, 410, 430, 430, 470, 470, 280, 480, 490, 510, 510, 560, 570, 600, 650, 650, 650, 600, 660, 670, 680, 700, 700, 760, 770, 850, 850, 860, 860, 860, 870, 880, 900, 860, 930, 980, 980, 1080, 1080, 1000, 1090, 1000, 1100, 1110, 1120, 1150, 1150, 1180, 1230, 1230, 1330, 1340, 1350, 1350, 1360, 1380, 1390, 1420, 1420, 1460, 1510, 1510, 1610, 1620, 1630]
job_complete_time_list:[63.242725247016644, 65.23067799955606, 65.47784527018666, 65.99742356559727, 135.34808150693425, 136.58906692732126, 142.5342630513478, 166.16783237694295, 204.71537911646067, 211.2873933664523, 212.85537911646065, 238.43851193334908, 242.79248438858428, 249.72553789848462, 260.5205084940884, 274.00297051727773, 282.0969836214557, 301.22333370332603, 318.4385119333491, 319.21153392829, 322.6054391638469, 327.79308411164675, 337.85677709028823, 348.8740048795007, 403.60325482382905, 424.5118703645887, 425.90366861526854, 439.9146403853083, 455.84517026761546, 465.84517026761546, 467.5058094681747, 477.5058094681747, 483.979833257774, 502.88665866851807, 520.5688722312013, 558.6536591301905, 567.7090766234323, 595.2539221490733, 601.4234153618366, 640.6540838321671, 647.4292765899003, 650.612492717104, 664.0472279055975, 674.4425719166175, 696.6789112444967, 703.2518286018819, 753.2518286018819, 765.0372475546528, 829.2656837589311, 849.9324502086363, 851.5259418042563, 852.8954347282835, 859.9449847561336, 862.8954347282835, 873.8338872357563, 891.6062252426054, 919.8568088150024, 927.3719009435409, 978.2524668778345, 996.8249669018114, 1077.4605068352423, 1079.1442112514071, 1089.1442112514071, 1095.1946356355795, 1095.2968088150024, 1106.9775236096175, 1116.9775236096175, 1141.5709257700946, 1148.5171773291565, 1174.4507257050136, 1225.1254716143012, 1225.1254716143012, 1327.4887977467151, 1333.7254710706206, 1341.6564599019475, 1343.7254710706206, 1349.4064599019475, 1356.3168846383778, 1375.5570101345425, 1387.5654021116322, 1417.5654021116322, 1418.6171038099565, 1451.062843506661, 1501.5590631321293, 1501.5590631321293, 1606.4153110259958, 1616.4153110259958, 1628.0137566882186, 1631.1422063382342, 1642.4421956864244, 1670.1001237276091, 1680.6455694481265, 1716.8070624447428, 1724.3085892450401, 1774.0938737188699, 1841.0795800195192, 1841.0795800195192, 1971.814629581811, 2054.6257493959524, 2064.6257493959524]
ali_trace_job_info_file_name:ali_trace_job_info_long.csv
ali_trace_node_info_file_name:sim_ali_trace_machine_info.csv
model_info_file_name:Full_model_info_12_27_21_27_41.txt
Bigstageresource_file_name:Analyzer-NVIDIA_GeForce_RTX_3090-tim_02_09_23_52_05.csv
Ministagetime_file_name:Muri_Analyzer-NVIDIA_GeForce_RTX_3090-tim_02_10_07_04_44.csv
job wait time: size-100, 	mean-663.2, 	min-10, 	max-1630, 	percentile50-625.0, 	percentile90-1362.0, 	percentile95-1462.5
job complete time(JCT): size-100, 	mean-877.18, 	min-63.24, 	max-2064.63, 	percentile50-850.73, 	percentile90-1645.21, 	percentile95-1777.44


