system:Weave
schedule_strategy:BN-SRSF
node_kind:4*3090
validation:True
model_kind:all_model
MPS:True
Sync:True
overshared_factor:3.0
gpu_mem_percent:0.9
job_come_time_factor:1
job_duration_time_factor:1
job_ddl_factor:10
node_num:1000
job_num:100
schedule_interval:10
makespan_real:0.11355853080749512
makespan:2035.5607626914978
job_come_num:100
succeed_job_num:100
failed_job_num:0
queue:[81, 81, 81, 81, 81, 81, 81, 81, 81, 81, 73, 71, 71, 71, 71, 68, 68, 66, 66, 66, 66, 66, 66, 66, 66, 66, 66, 66, 60, 58, 58, 58, 54, 54, 54, 54, 54, 54, 54, 54, 51, 51, 51, 51, 51, 51, 51, 51, 51, 51, 51, 47, 46, 44, 42, 42, 42, 38, 38, 38, 38, 38, 38, 38, 38, 38, 38, 35, 35, 34, 33, 33, 33, 33, 33, 33, 33, 33, 33, 33, 33, 33, 31, 31, 31, 28, 28, 28, 28, 28, 24, 22, 21, 18, 18, 18, 17, 17, 17, 17, 17, 17, 15, 13, 13, 12, 9, 9, 9, 9, 9, 9, 9, 9, 9, 9, 9, 9, 9, 9, 7, 7, 7, 7, 7, 7, 7, 7, 5, 5, 5, 5, 5, 4, 4, 4, 3, 3, 2, 2, 2, 2, 2, 2, 2, 2, 2, 2, 2, 2, 2, 2, 2, 1, 1, 0]
job_wait_time_list:[10, 10, 10, 10, 10, 10, 10, 10, 10, 10, 10, 10, 10, 10, 10, 10, 10, 10, 110, 110, 110, 110, 110, 10, 110, 120, 110, 160, 160, 180, 110, 180, 290, 290, 290, 300, 290, 290, 290, 300, 330, 330, 330, 330, 410, 410, 410, 520, 520, 520, 530, 540, 550, 520, 540, 580, 550, 580, 580, 580, 120, 680, 680, 700, 160, 710, 680, 830, 860, 830, 860, 860, 910, 910, 910, 910, 920, 920, 930, 940, 970, 1030, 1030, 1040, 1040, 940, 1060, 1070, 1070, 1070, 1340, 940, 1210, 1370, 1390, 1210, 1290, 1290, 1540, 1560]
job_complete_time_list:[104.48935769787059, 104.48935769787059, 104.48935769787059, 104.48935769787059, 108.08807643632754, 109.41522039920092, 112.94634528830647, 121.40333287874238, 152.85768079416303, 156.20726923894253, 172.59601583307378, 174.4221260434715, 176.47272240286694, 183.46038641812396, 190.3288169498206, 194.6897904949244, 203.144056478492, 206.23550785616973, 280.6022460117936, 280.6022460117936, 281.59565769080075, 296.01119267902106, 297.5162211926654, 303.20386739161796, 320.06901690475644, 325.54966295517517, 327.83364383950834, 371.6959006305784, 382.4858586828923, 405.07688068861296, 413.6451599231139, 427.66893812613694, 519.8011591448449, 528.2581467352808, 533.7760949824005, 546.7151343257167, 563.7182428712929, 563.7182428712929, 563.7182428712929, 575.8562893342228, 576.7151343257167, 614.2093788758386, 617.7501123006573, 617.7501123006573, 675.5104570427145, 693.7035440597916, 709.9164350980893, 827.4176950111548, 828.562147651306, 838.3088224506239, 852.8280226396397, 868.6567625345313, 878.6567625345313, 886.9009970243612, 907.5102960739284, 911.9966294499114, 917.5102960739284, 920.016678037867, 935.199488497441, 960.8912054366898, 1023.4522988179741, 1028.1989854109474, 1035.7567822271958, 1052.088190026331, 1063.4522988179742, 1066.056775213778, 1078.3325325922517, 1201.626660302485, 1241.7422144603509, 1244.048300376197, 1286.5595424973114, 1286.5595424973114, 1320.7036008547934, 1336.5595424973114, 1339.764068160142, 1340.2359959557652, 1344.3118737248703, 1354.8358714514063, 1366.6236341540357, 1383.5111429630313, 1415.4798359440872, 1490.3174068572, 1491.9750635754317, 1506.6492532641046, 1506.6492532641046, 1525.2420573571465, 1536.3575040331111, 1547.719191492349, 1551.6177238009382, 1576.0559714088217, 1616.3523350208998, 1642.360768756224, 1691.6177238009382, 1716.9054847717284, 1739.9583747774363, 1754.7257961628343, 1790.4176497969777, 1855.3689726939658, 1963.5644145339727, 2035.5607626914978]
ali_trace_job_info_file_name:ali_trace_job_info_sift_plan_gpu.csv
ali_trace_node_info_file_name:ali_trace_machine_info.csv
model_info_file_name:Full_model_info_12_27_21_27_41.txt
Bigstageresource_file_name:Analyzer-NVIDIA_GeForce_RTX_3090-tim_02_09_23_52_05.csv
Ministagetime_file_name:Muri_Analyzer-NVIDIA_GeForce_RTX_3090-tim_02_10_07_04_44.csv
job wait time: size-100, 	mean-526.5, 	min-10, 	max-1560, 	percentile50-520.0, 	percentile90-1070.0, 	percentile95-1292.5
job complete time(JCT): size-100, 	mean-851.79, 	min-104.49, 	max-2035.56, 	percentile50-845.57, 	percentile90-1580.09, 	percentile95-1740.7


