system:Normal
schedule_strategy:SRSF
node_kind:4*3090
validation:True
model_kind:all_model
MPS:True
Sync:True
overshared_factor:1
gpu_mem_percent:0.9
job_come_time_factor:1
job_duration_time_factor:1
job_ddl_factor:10
node_num:1000
job_num:100
schedule_interval:10
makespan_real:0.18593120574951172
makespan:4911.917943787764
job_come_num:100
succeed_job_num:100
failed_job_num:0
queue:[96, 96, 96, 96, 96, 96, 92, 92, 92, 92, 92, 92, 89, 88, 88, 88, 88, 88, 88, 88, 86, 85, 85, 84, 84, 84, 84, 84, 84, 84, 82, 81, 81, 80, 80, 80, 80, 80, 80, 80, 78, 77, 77, 77, 75, 75, 75, 75, 75, 75, 75, 74, 73, 73, 73, 73, 71, 71, 71, 71, 71, 71, 71, 70, 70, 69, 69, 69, 69, 67, 67, 67, 67, 67, 67, 67, 66, 66, 65, 65, 65, 65, 65, 63, 63, 63, 63, 63, 63, 63, 62, 62, 60, 60, 60, 60, 60, 59, 58, 58, 58, 58, 58, 58, 58, 58, 57, 57, 56, 56, 56, 56, 56, 55, 54, 54, 54, 54, 54, 54, 54, 54, 53, 53, 52, 52, 52, 52, 52, 51, 51, 50, 50, 50, 50, 50, 50, 50, 50, 50, 49, 49, 48, 48, 48, 48, 48, 47, 47, 46, 46, 46, 46, 46, 46, 46, 46, 46, 46, 45, 45, 44, 44, 44, 44, 44, 43, 43, 42, 42, 42, 42, 42, 42, 42, 42, 42, 42, 42, 41, 41, 40, 40, 40, 40, 40, 39, 39, 38, 38, 38, 38, 38, 38, 38, 38, 38, 38, 38, 37, 37, 37, 36, 36, 36, 36, 36, 35, 35, 34, 34, 34, 34, 34, 34, 34, 34, 34, 34, 34, 33, 33, 33, 33, 32, 32, 32, 32, 32, 31, 31, 31, 30, 30, 30, 30, 30, 30, 30, 30, 30, 30, 30, 29, 29, 29, 29, 29, 28, 28, 28, 28, 28, 27, 27, 27, 26, 26, 26, 26, 26, 26, 26, 26, 26, 26, 26, 25, 25, 25, 25, 25, 24, 24, 24, 24, 24, 23, 23, 23, 22, 22, 22, 22, 22, 22, 22, 22, 22, 22, 22, 22, 21, 21, 21, 21, 21, 20, 20, 20, 20, 20, 19, 19, 19, 18, 18, 18, 18, 18, 18, 18, 18, 18, 18, 18, 18, 17, 17, 17, 17, 17, 17, 16, 16, 16, 16, 16, 15, 15, 15, 14, 14, 14, 14, 14, 14, 14, 14, 14, 14, 14, 14, 13, 13, 13, 13, 13, 13, 13, 12, 12, 12, 12, 12, 11, 11, 11, 10, 10, 10, 10, 10, 10, 10, 10, 10, 10, 10, 10, 9, 9, 9, 9, 9, 9, 9, 9, 9, 9, 9, 9, 9, 9, 8, 8, 8, 8, 7, 7, 7, 7, 7, 7, 7, 7, 7, 7, 7, 7, 6, 6, 6, 6, 6, 6, 6, 6, 6, 6, 6, 6, 6, 6, 6, 6, 6, 5, 5, 5, 4, 4, 4, 4, 4, 4, 4, 4, 4, 4, 4, 4, 4, 4, 4, 4, 4, 3, 3, 3, 1, 1, 1, 1, 1, 1, 1, 1, 1, 1, 1, 1, 1, 1, 1, 1, 1, 1, 1, 1, 1, 0]
job_wait_time_list:[10, 10, 10, 10, 70, 70, 70, 70, 130, 130, 130, 140, 210, 210, 220, 240, 310, 310, 320, 340, 410, 410, 420, 450, 450, 520, 530, 570, 570, 640, 660, 700, 700, 770, 790, 840, 840, 910, 930, 930, 980, 990, 1070, 1090, 1140, 1150, 1230, 1250, 1300, 1320, 1410, 1430, 1480, 1500, 1600, 1620, 1670, 1690, 1800, 1820, 1870, 1890, 2000, 2030, 2080, 2100, 2210, 2250, 2300, 2330, 2440, 2490, 2540, 2570, 2680, 2730, 2780, 2810, 2930, 2980, 3030, 3060, 3180, 3240, 3290, 3320, 3440, 3510, 3560, 3590, 3850, 3710, 4010, 3890, 4180, 4210, 4380, 4620, 4410, 4410]
job_complete_time_list:[62.4940876099281, 62.4940876099281, 62.4940876099281, 62.4940876099281, 124.49337579795974, 125.23067799955606, 127.19241404905915, 131.8907404881902, 208.01744394581183, 209.36537821897946, 211.2262606883014, 230.3311199072632, 301.3456255797064, 302.4848457793705, 314.77902556210756, 334.77902556210756, 405.33092093933374, 410.1826760832337, 422.6054391638469, 443.339551488345, 514.1756784403697, 517.3022535991622, 529.019726586761, 564.1942571973195, 566.7050093915313, 637.6088336836547, 651.018691021949, 693.603254823829, 695.0427114936739, 767.5668813434022, 787.6673106360249, 832.365637075156, 835.4311638791114, 907.063963514287, 927.063963514287, 977.5938545145204, 987.5058094681747, 1062.0656904840516, 1082.0656904840516, 1082.0656904840516, 1133.2534940745682, 1147.6130800332176, 1227.8940993754659, 1249.861173500365, 1299.861173500365, 1316.6202417211607, 1400.7876083395304, 1421.4234153618368, 1476.838234694791, 1499.3489014664665, 1592.5870902969618, 1612.5870902969618, 1664.4425719166175, 1688.8981544654816, 1793.4438807838596, 1815.6045500146283, 1867.333049165245, 1887.6426567928866, 1997.80931956321, 2023.8338872357563, 2074.172386707738, 2094.172386707738, 2206.459255723603, 2241.6062252426054, 2292.079008033528, 2321.29585144014, 2438.168667141552, 2480.0268335423316, 2535.728818736039, 2566.9775236096175, 2676.9775236096175, 2726.9775236096175, 2778.7578156445234, 2809.019997753203, 2921.57548413967, 2972.568685641131, 3026.18662397773, 3056.3950794239063, 3177.488797746715, 3235.7318926984444, 3286.652813097462, 3319.2495851467247, 3439.2495851467247, 3504.643057796173, 3555.3995508290827, 3587.5654021116325, 3707.5654021116325, 3788.0098054427654, 3841.1422063382342, 3884.7305911625735, 4003.529075011611, 4012.6254423126857, 4178.691755512841, 4204.09387371887, 4372.725269317627, 4404.421319320798, 4615.313563629985, 4884.200423717499, 4911.917943787764, 4911.917943787764]
ali_trace_job_info_file_name:ali_trace_job_info_sift_plan_gpu.csv
ali_trace_node_info_file_name:ali_trace_machine_info.csv
model_info_file_name:Full_model_info_12_27_21_27_41.txt
Bigstageresource_file_name:Analyzer-NVIDIA_GeForce_RTX_3090-tim_02_09_23_52_05.csv
Ministagetime_file_name:Muri_Analyzer-NVIDIA_GeForce_RTX_3090-tim_02_10_07_04_44.csv
job wait time: size-100, 	mean-1664.9, 	min-10, 	max-4620, 	percentile50-1365.0, 	percentile90-3602.0, 	percentile95-4181.5
job complete time(JCT): size-100, 	mean-1843.33, 	min-62.49, 	max-4911.92, 	percentile50-1545.97, 	percentile90-3896.61, 	percentile95-4374.31


