****************************************************FIFO***********************************************************
    ^^^^    ^^^^    ^^^^    ^^^^    ^^^^    ^^^^    parameters in experiment    ^^^^    ^^^^    ^^^^    ^^^^    ^^^^    ^^^^    
system name:Weave, 	MPS:True, 	Sync:True
overshared_factor:1, 	max_cross:1, 	max_gpu_cross:1
clock_time_factor:1, 	job_time_factor:1, 	job_ddl_factor:10
model_name_list:['AlexNet', 'ResNet18', 'ResNet50', 'MobileNetv2', 'VGG16', 'Bert', 'Transformer', 'GCN', 'GraphSage']
batch_size_dict:{'AlexNet': [8, 16, 32, 64, 128], 'ResNet18': [8, 16, 32, 64, 128], 'ResNet50': [8, 16, 32, 64, 128], 'MobileNetv2': [8, 16, 32, 64, 128], 'VGG16': [8, 16, 32, 64, 128], 'Bert': [8, 16], 'Transformer': [8, 16, 32, 64], 'GCN': [8, 16, 32, 64, 128], 'GraphSage': [8, 16, 32, 64, 128]}
schedule_interval:360
ali_trace_job_info_file_name:sim_ali_trace_job_info.csv
ali_trace_node_info_file_name:sim_ali_trace_machine_info.csv
analyze_file_name:Analyzer-NVIDIA_GeForce_RTX_2080-tim_12_19_16_38_14.csv
    ^^^^    ^^^^    ^^^^    ^^^^    ^^^^    time info in following    ^^^^    ^^^^    ^^^^    ^^^^    ^^^^    
makespan real(s)249.56507062911987, 	 makespan:1457374.5297537846
all job num:2000, 	succeed job num:2000, 	failed job num:0
queue length[0, 0, 0, 0, 0, 0, 0, 0, 0, 0, 0, 0, 0, 0, 0, 0, 0, 0, 0, 0, 0, 0, 0, 0, 0, 0, 0, 0, 0, 0, 0, 0, 0, 0, 0, 0, 0, 0, 0, 0, 0, 0, 0, 0, 0, 0, 0, 0, 0, 0, 0, 0, 0, 0, 0, 0, 0, 0, 0, 0, 0, 0, 0, 0, 0, 0, 0, 0, 0, 0, 0, 0, 0, 0, 0, 0, 0, 0, 0, 0, 0, 0, 0, 0, 0, 0, 0, 0, 0, 0, 0, 0, 0, 0, 0, 0, 0, 0, 0, 0, 0, 0, 0, 0, 0, 0, 0, 0, 0, 0, 0, 0, 0, 0, 0, 0, 0, 0, 0, 0, 0, 0, 0, 0, 0, 0, 0, 0, 0, 0, 0, 0, 0, 0, 0, 0, 0, 0, 0, 0, 0, 0, 0, 0, 0, 0, 0, 0, 0, 0, 0, 0, 0, 0, 0, 0, 0, 0, 0, 0, 0, 0, 0, 0, 0, 0, 0, 0, 0, 0, 0, 0, 0, 0, 0, 0, 0, 0, 0, 0, 0, 0, 0, 0, 0, 0, 0, 0, 0, 0, 0, 0, 0, 0, 0, 0, 0, 0, 0, 0, 0, 0, 0, 0, 0, 0, 0, 0, 0, 0, 0, 0, 0, 0, 0, 0, 0, 0, 0, 0, 0, 0, 0, 0, 0, 0, 0, 0, 0, 0, 0, 0, 0, 0, 0, 0, 0, 0, 0, 0, 0, 0, 0, 0, 0, 0, 0, 0, 0, 0, 0, 0, 0, 0, 0, 0, 0, 0, 0, 0, 0, 0, 0, 0, 0, 0, 0, 0, 0, 0, 0, 0, 0, 0, 0, 0, 0, 0, 0, 0, 0, 0, 0, 0, 0, 0, 0, 0, 0, 0, 0, 0, 0, 0, 0, 0, 0, 0, 0, 0, 0, 0, 0, 0, 0, 0, 0, 0, 0, 0, 0, 0, 0, 0, 0, 0, 0, 0, 0, 0, 0, 0, 0, 0, 0, 0, 0, 0, 0, 0, 0, 0, 0, 0, 0, 0, 0, 0, 0, 0, 0, 0, 0, 0, 0, 0, 0, 0, 0, 0, 0, 0, 0, 0, 0, 0, 0, 0, 0, 0, 0, 0, 0, 0, 0, 0, 0, 0, 0, 0, 0, 0, 0, 0, 0, 0, 0, 0, 0, 0, 0, 0, 0, 0, 0, 0, 0, 0, 0, 0, 0, 0, 0, 0, 0, 0, 0, 0, 0, 0, 0, 0, 0, 0, 0, 0, 0, 0, 0, 0, 0, 0, 0, 0, 0, 0, 0, 0, 0, 0, 0, 0, 0, 0, 0, 0, 0, 0, 0, 0, 0, 0, 0, 0, 0, 0, 0, 0, 0, 0, 0, 0, 0, 0, 0, 0, 0, 0, 0, 0, 0, 0, 0, 0, 0, 0, 0, 0, 0, 0, 0, 0, 0, 0, 0, 0, 0, 0, 0, 0, 0, 0, 0, 0, 0, 0, 0, 0, 0, 0, 0, 0, 0, 0, 0, 0, 0, 0, 0, 0, 0, 0, 0, 0, 0, 0, 0, 0, 0, 0, 0, 0, 0, 0, 0, 0, 0, 0, 0, 0, 0, 0, 0, 0, 0, 0, 0, 0, 0, 0, 0, 0, 0, 0, 0, 0, 0, 0, 0, 0, 0, 0, 0, 0, 0, 0, 0, 0, 0, 0, 0, 0, 0, 0, 0, 0, 0, 0, 0, 0, 0, 0, 0, 0, 0, 0, 0, 0, 0, 0, 0, 0, 0, 0, 0, 0, 0, 0, 0, 0, 0, 0, 0, 0, 0, 0, 0, 0, 0, 0, 0, 0, 0, 0, 0, 0, 0, 0, 0, 0, 0, 0, 0, 0, 0, 0, 0, 0, 0, 0, 0, 0, 0, 0, 0, 0, 0, 0, 0, 0, 0, 0, 0, 0, 0, 0, 0, 0, 0, 0, 0, 0, 0, 0, 0, 0, 0, 0, 0, 0, 0, 0, 0, 0, 0, 0, 0, 0, 0, 0, 0, 0, 0, 0, 0, 0, 0, 0, 0, 0, 0, 0, 0, 0, 0, 0, 0, 0, 0, 0, 0, 0, 0, 0, 0, 0, 0, 0, 0, 0, 0, 0, 0, 0, 0, 0, 0, 0, 0, 0, 0, 0, 0, 0, 0, 0, 0, 0, 0, 0, 0, 0, 0, 0, 0, 0, 0, 0, 0, 0, 0, 0, 0, 0, 0, 0, 0, 0, 0, 0, 0, 0, 0, 0, 0, 0, 0, 0, 0, 0, 0, 0, 0, 0, 0, 0, 0, 0, 0, 0, 0, 0, 0, 0, 0, 0, 0, 0, 0, 0, 0, 0, 0, 0, 0, 0, 0, 0, 0, 0, 0, 0, 0, 0, 0, 0, 0, 0, 0, 0, 0, 0, 0, 0, 0, 0, 0, 0, 0, 0, 0, 0, 0, 0, 0, 0, 0, 0, 0, 0, 0, 0, 0, 0, 0, 0, 0, 0, 0, 0, 0, 0, 0, 0, 0, 0, 0, 0, 0, 0, 0, 0, 0, 0, 0, 0, 0, 0, 0, 0, 0, 0, 0, 0, 0, 0, 0, 0, 0, 0, 0, 0, 0, 0, 0, 0, 0, 0, 0, 0, 0, 0, 0, 0, 0, 0, 0, 0, 0, 0, 0, 0, 0, 0, 0, 0, 0, 0, 0, 0, 0, 0, 0, 0, 0, 0, 0, 0, 0, 0, 0, 0, 0, 0, 0, 0, 0, 0, 0, 0, 0, 0, 0, 0, 0, 0, 0, 0, 0, 0, 0, 0, 0, 0, 0, 0, 0, 0, 0, 0, 0, 0, 0, 0, 0, 0, 0, 0, 0, 0, 0, 0, 0, 0, 0, 0, 0, 0, 0, 0, 0, 0, 0, 0, 0, 0, 0, 0, 0, 0, 0, 0, 0, 0, 0, 0, 0, 0, 0, 0, 0, 0, 0, 0, 0, 0, 0, 0, 0, 0, 0, 0, 0, 0, 0, 0, 0, 0, 0, 0, 0, 0, 0, 0, 0, 0, 0, 0, 0, 0, 0, 0, 0, 0, 0, 0, 0, 0, 0, 0, 0, 0, 0, 0, 0, 0, 0, 0, 0, 0, 0, 0, 0, 0, 0, 0, 0, 0, 0, 0, 0, 0, 0, 0, 0, 0, 0, 0, 0, 0, 0, 0, 0, 0, 0, 0, 0, 0, 0, 0, 0, 0, 0, 0, 0, 0, 0, 0, 0, 0, 0, 0, 0, 0, 0, 0, 0, 0, 0, 0, 0, 0, 0, 0, 0, 0, 0, 0, 0, 0, 0, 0, 0, 0, 0, 0, 0, 0, 0, 0, 0, 0, 0, 0, 0, 0, 0, 0, 0, 0, 0, 0, 0, 0, 0, 0, 0, 0, 0, 0, 0, 0, 0, 0, 0, 0, 0, 0, 0, 0, 0, 0, 0, 0, 0, 0, 0, 0, 0, 0, 0, 0, 0, 0, 0, 0, 0, 0, 0, 0, 0, 0, 0, 0, 0, 0, 0, 0, 0, 0, 0, 0, 0, 0, 0, 0, 0, 0, 0, 0, 0, 0, 0, 0, 0, 0, 0, 0, 0, 0, 0, 0, 0, 0, 0, 0, 0, 0, 0, 0, 0, 0, 0, 0, 0, 0, 0, 0, 0, 0, 0, 0, 0, 0, 0, 0, 0, 0, 0, 0, 0, 0, 0, 0, 0, 0, 0, 0, 0, 0, 0, 0, 0, 0, 0, 0, 0, 0, 0, 0, 0, 0, 0, 0, 0, 0, 0, 0, 0, 0, 0, 0, 0, 0, 0, 0, 0, 0, 0, 0, 0, 0, 0, 0, 0, 0, 0, 0, 0, 0, 0, 0, 0, 0, 0, 0, 0, 0, 0, 0, 0, 0, 0, 0, 0, 0, 0, 0, 0, 0, 0, 0, 0, 0, 0, 0, 0, 0, 0, 0, 0, 0, 0, 0, 0, 0, 0, 0, 0, 0, 0, 0, 0, 0, 0, 0, 0, 0, 0, 0, 0, 0, 0, 0, 0, 0, 0, 0, 0, 1, 1, 1, 1, 1, 1, 1, 1, 1, 1, 1, 1, 1, 1, 1, 1, 1, 1, 1, 1, 1, 1, 1, 1, 1, 1, 1, 1, 1, 1, 1, 1, 1, 1, 1, 1, 1, 2, 2, 2, 2, 2, 3, 3, 3, 3, 3, 4, 4, 6, 6, 6, 6, 6, 6, 6, 7, 7, 8, 8, 8, 9, 9, 9, 9, 10, 10, 10, 10, 18, 19, 19, 19, 20, 20, 20, 20, 20, 20, 20, 20, 20, 20, 20, 20, 20, 20, 20, 20, 20, 20, 20, 20, 20, 21, 21, 21, 21, 21, 22, 22, 22, 22, 22, 22, 22, 22, 22, 22, 22, 22, 22, 22, 22, 22, 22, 22, 25, 25, 28, 29, 29, 29, 29, 29, 29, 29, 29, 29, 29, 30, 30, 30, 32, 32, 32, 33, 33, 34, 34, 34, 34, 35, 35, 37, 38, 38, 38, 38, 39, 39, 39, 40, 41, 41, 41, 42, 43, 43, 44, 45, 45, 45, 46, 46, 46, 46, 47, 47, 51, 52, 53, 53, 53, 53, 56, 56, 58, 58, 58, 58, 58, 58, 59, 59, 61, 62, 63, 63, 63, 63, 63, 63, 63, 63, 66, 66, 66, 66, 67, 67, 67, 67, 67, 67, 67, 67, 67, 67, 68, 68, 68, 68, 69, 69, 69, 70, 70, 70, 73, 73, 73, 74, 74, 75, 76, 76, 76, 76, 76, 77, 77, 78, 79, 79, 79, 81, 81, 81, 81, 81, 82, 83, 83, 83, 83, 86, 86, 86, 86, 86, 65, 68, 70, 70, 71, 71, 71, 71, 71, 71, 71, 120, 120, 120, 121, 121, 121, 121, 121, 121, 121, 122, 124, 125, 128, 161, 163, 164, 164, 164, 165, 170, 172, 172, 172, 172, 172, 173, 173, 173, 175, 176, 178, 178, 179, 179, 180, 181, 182, 182, 185, 186, 188, 188, 189, 190, 191, 191, 192, 192, 193, 193, 194, 194, 196, 196, 197, 198, 199, 200, 200, 200, 200, 200, 200, 200, 201, 201, 202, 202, 207, 208, 208, 208, 208, 209, 212, 212, 214, 276, 277, 277, 279, 281, 282, 287, 291, 293, 295, 300, 300, 352, 353, 355, 380, 382, 384, 384, 388, 408, 427, 452, 498, 526, 545, 597, 597, 602, 607, 609, 613, 631, 634, 638, 647, 661, 718, 728, 732, 766, 826, 836, 843, 868, 911, 969, 1000, 1031, 1092, 1131, 1161, 1188, 1231, 1265, 1285, 1313, 1344, 1367, 1373, 1380, 1385, 1389, 1399, 1404, 1440, 1441, 1444, 1449, 1453, 1476, 1478, 1484, 1491, 1509, 1514, 1518, 1520, 1528, 1546, 1552, 1575, 1577, 1585, 1606, 1618, 1624, 1642, 1677, 1716, 1723, 1752, 1774, 1784, 1801, 1807, 1817, 1830, 1839, 1851, 1862, 1870, 1882, 1883, 1906, 1907, 1907, 1907, 1907, 1907, 1907, 1907, 1907, 1907, 1907, 1907, 1907, 1907, 1907, 1907, 1907, 1907, 1907, 1907, 1907, 1907, 1907, 1907, 1907, 1907, 1907, 1907, 1907, 1907, 1907, 1907, 1907, 1907, 1907, 1907, 1907, 1907, 1907, 1907, 1907, 1907, 1907, 1907, 1907, 1907, 1907, 1907, 1907, 1907, 1907, 1907, 1907, 1907, 1907, 1907, 1907, 1907, 1907, 1907, 1907, 1907, 1907, 1907, 1907, 1907, 1907, 1907, 1907, 1907, 1907, 1907, 1907, 1907, 1907, 1907, 1907, 1907, 1907, 1907, 1907, 1907, 1907, 1907, 1907, 1907, 1907, 1907, 1907, 1907, 1907, 1907, 1907, 1907, 1907, 1907, 1907, 1907, 1907, 1907, 1907, 1907, 1907, 1907, 1907, 1907, 1907, 1907, 1907, 1907, 1907, 1907, 1907, 1907, 1907, 1907, 1907, 1907, 1907, 1907, 1907, 1907, 1907, 1907, 1907, 1907, 1907, 1907, 1907, 1907, 1907, 1907, 1907, 1907, 1907, 1907, 1907, 1907, 1907, 1907, 1907, 1907, 1907, 1907, 1907, 1907, 1907, 1907, 1907, 1907, 1907, 1907, 1907, 1907, 1907, 1907, 1907, 1907, 1907, 1907, 1907, 1907, 1907, 1907, 1907, 1907, 1907, 1907, 1907, 1907, 1907, 1907, 1907, 1907, 1907, 1907, 1907, 1907, 1907, 1907, 1907, 1907, 1907, 1907, 1907, 1907, 1907, 1907, 1907, 1907, 1907, 1907, 1907, 1906, 1906, 1906, 1906, 1906, 1906, 1906, 1906, 1906, 1906, 1906, 1906, 1906, 1906, 1906, 1906, 1906, 1852, 1846, 1846, 1846, 1846, 1846, 1846, 1846, 1846, 1846, 1734, 1734, 1734, 1734, 1734, 1734, 1734, 1734, 1734, 1734, 1734, 1734, 1734, 1734, 1734, 1734, 1734, 1734, 1734, 1734, 1734, 1734, 1734, 1734, 1734, 1734, 1734, 1734, 1734, 1734, 1734, 1734, 1734, 1734, 1728, 1728, 1728, 1728, 1728, 1728, 1728, 1728, 1728, 1728, 1728, 1728, 1728, 1728, 1728, 1728, 1728, 1728, 1728, 1728, 1728, 1728, 1728, 1728, 1728, 1728, 1728, 1728, 1728, 1728, 1728, 1728, 1728, 1728, 1727, 1727, 1727, 1727, 1727, 1727, 1727, 1727, 1727, 1727, 1727, 1727, 1727, 1727, 1727, 1727, 1727, 1727, 1727, 1727, 1727, 1727, 1727, 1727, 1727, 1727, 1727, 1727, 1727, 1727, 1727, 1727, 1727, 1727, 1727, 1727, 1727, 1727, 1727, 1727, 1727, 1727, 1727, 1727, 1727, 1727, 1727, 1727, 1727, 1727, 1727, 1727, 1727, 1727, 1727, 1727, 1727, 1727, 1727, 1727, 1727, 1727, 1727, 1727, 1727, 1727, 1727, 1727, 1727, 1727, 1727, 1727, 1727, 1727, 1727, 1727, 1727, 1727, 1727, 1727, 1727, 1727, 1727, 1727, 1727, 1727, 1727, 1727, 1727, 1727, 1727, 1727, 1727, 1727, 1727, 1727, 1727, 1727, 1727, 1727, 1727, 1723, 1723, 1723, 1723, 1723, 1723, 1723, 1723, 1723, 1723, 1723, 1723, 1721, 1721, 1721, 1721, 1721, 1721, 1721, 1721, 1721, 1721, 1721, 1721, 1721, 1721, 1721, 1721, 1721, 1721, 1721, 1721, 1721, 1721, 1721, 1721, 1721, 1721, 1721, 1721, 1721, 1721, 1721, 1721, 1721, 1721, 1721, 1721, 1721, 1721, 1721, 1721, 1721, 1721, 1721, 1721, 1721, 1721, 1719, 1719, 1719, 1719, 1719, 1719, 1719, 1719, 1719, 1719, 1719, 1719, 1719, 1719, 1719, 1719, 1719, 1719, 1719, 1719, 1719, 1719, 1719, 1719, 1719, 1719, 1719, 1719, 1719, 1719, 1719, 1719, 1719, 1719, 1719, 1719, 1719, 1719, 1719, 1719, 1719, 1719, 1719, 1719, 1719, 1719, 1719, 1719, 1710, 1710, 1710, 1710, 1710, 1710, 1710, 1710, 1710, 1710, 1710, 1710, 1710, 1710, 1710, 1710, 1710, 1710, 1710, 1710, 1710, 1710, 1710, 1710, 1710, 1710, 1710, 1710, 1710, 1710, 1710, 1710, 1710, 1710, 1710, 1710, 1710, 1710, 1710, 1710, 1710, 1710, 1710, 1710, 1710, 1710, 1710, 1710, 1710, 1710, 1710, 1710, 1710, 1710, 1710, 1710, 1710, 1699, 1699, 1699, 1699, 1699, 1699, 1699, 1699, 1699, 1699, 1699, 1699, 1699, 1699, 1699, 1699, 1699, 1699, 1699, 1699, 1699, 1699, 1699, 1699, 1699, 1699, 1699, 1699, 1699, 1699, 1699, 1699, 1699, 1699, 1693, 1683, 1683, 1683, 1683, 1683, 1683, 1683, 1683, 1683, 1683, 1683, 1683, 1683, 1683, 1683, 1683, 1683, 1683, 1683, 1683, 1683, 1683, 1683, 1683, 1683, 1683, 1683, 1683, 1683, 1683, 1683, 1683, 1683, 1683, 1683, 1683, 1683, 1683, 1683, 1683, 1683, 1683, 1683, 1683, 1683, 1683, 1683, 1683, 1683, 1683, 1683, 1683, 1683, 1683, 1683, 1683, 1683, 1683, 1683, 1683, 1683, 1683, 1683, 1683, 1622, 1622, 1622, 1622, 1622, 1622, 1622, 1622, 1622, 1622, 1622, 1622, 1622, 1622, 1622, 1622, 1622, 1622, 1622, 1622, 1622, 1622, 1622, 1622, 1622, 1622, 1622, 1622, 1622, 1622, 1622, 1622, 1622, 1622, 1622, 1622, 1622, 1622, 1622, 1622, 1622, 1622, 1622, 1622, 1622, 1622, 1622, 1622, 1622, 1617, 1617, 1617, 1617, 1617, 1617, 1617, 1617, 1617, 1617, 1617, 1617, 1611, 1611, 1611, 1611, 1611, 1611, 1611, 1611, 1611, 1611, 1611, 1609, 1609, 1609, 1609, 1609, 1603, 1603, 1603, 1603, 1603, 1561, 1561, 1561, 1561, 1561, 1561, 1559, 1559, 1559, 1559, 1559, 1559, 1559, 1559, 1559, 1559, 1559, 1559, 1559, 1559, 1559, 1559, 1559, 1559, 1559, 1559, 1559, 1559, 1559, 1559, 1559, 1559, 1559, 1547, 1547, 1547, 1545, 1545, 1545, 1545, 1545, 1545, 1545, 1523, 1523, 1523, 1523, 1523, 1523, 1523, 1523, 1523, 1523, 1521, 1521, 1521, 1521, 1521, 1521, 1521, 1521, 1521, 1521, 1521, 1521, 1521, 1521, 1521, 1521, 1521, 1521, 1521, 1521, 1521, 1521, 1496, 1496, 1496, 1496, 1496, 1496, 1486, 1486, 1486, 1486, 1486, 1432, 1432, 1432, 1432, 1432, 1432, 1432, 1432, 1432, 1344, 1344, 1344, 1344, 1344, 1344, 1344, 1344, 1344, 1344, 1344, 1344, 1344, 1344, 1344, 1344, 1344, 1344, 1344, 1344, 1344, 1344, 1344, 1344, 1344, 1344, 1344, 1344, 1344, 1344, 1344, 1344, 1344, 1344, 1344, 1344, 1344, 1344, 1344, 1344, 1344, 1344, 1344, 1344, 1344, 1344, 1344, 1344, 1344, 1344, 1344, 1344, 1344, 1344, 1344, 1344, 1344, 1344, 1344, 1344, 1344, 1344, 1344, 1344, 1344, 1344, 1344, 1344, 1344, 1344, 1344, 1344, 1344, 1344, 1344, 1344, 1344, 1344, 1344, 1344, 1344, 1344, 1344, 1344, 1344, 1344, 1344, 1344, 1344, 1344, 1344, 1344, 1344, 1344, 1344, 1344, 1344, 1344, 1344, 1344, 1344, 1344, 1344, 1344, 1344, 1344, 1344, 1344, 1344, 1344, 1344, 1344, 1344, 1344, 1344, 1344, 1344, 1344, 1344, 1344, 1344, 1344, 1344, 1344, 1344, 1344, 1344, 1344, 1344, 1344, 1344, 1344, 1344, 1344, 1344, 1344, 1344, 1344, 1344, 1344, 1344, 1344, 1344, 1344, 1344, 1344, 1344, 1325, 1325, 1325, 1325, 1325, 1325, 1325, 1325, 1325, 1325, 1325, 1325, 1325, 1325, 1325, 1325, 1325, 1325, 1325, 1325, 1325, 1325, 1325, 1325, 1325, 1325, 1325, 1325, 1325, 1325, 1325, 1325, 1325, 1325, 1325, 1325, 1325, 1325, 1325, 1325, 1325, 1325, 1325, 1325, 1325, 1325, 1325, 1325, 1325, 1325, 1325, 1325, 1325, 1325, 1325, 1325, 1325, 1325, 1325, 1325, 1325, 1325, 1325, 1142, 1142, 1142, 1142, 1142, 1142, 1142, 1132, 1076, 1076, 1076, 1076, 1076, 1076, 1076, 1076, 1076, 1076, 1076, 1076, 1076, 1076, 1076, 1076, 1063, 1063, 1063, 1063, 1063, 1063, 1063, 969, 969, 969, 950, 950, 948, 948, 948, 948, 948, 940, 869, 869, 869, 869, 869, 869, 869, 869, 869, 869, 869, 869, 869, 869, 869, 869, 869, 869, 869, 869, 869, 869, 869, 869, 869, 866, 866, 866, 866, 866, 866, 866, 866, 866, 866, 866, 866, 866, 866, 866, 866, 866, 866, 866, 866, 866, 866, 866, 866, 803, 803, 803, 803, 803, 803, 803, 803, 803, 803, 803, 803, 803, 803, 803, 803, 803, 749, 749, 749, 749, 749, 749, 749, 731, 731, 731, 731, 731, 731, 731, 731, 731, 731, 731, 731, 713, 713, 713, 713, 713, 713, 713, 713, 713, 713, 713, 713, 713, 713, 713, 713, 713, 713, 713, 713, 713, 713, 695, 695, 695, 695, 683, 683, 683, 683, 683, 683, 683, 683, 683, 683, 683, 640, 640, 640, 622, 622, 622, 622, 578, 578, 578, 578, 558, 558, 528, 528, 528, 467, 467, 467, 467, 467, 467, 467, 465, 465, 463, 463, 463, 463, 463, 463, 463, 463, 463, 463, 463, 463, 463, 463, 463, 463, 463, 463, 463, 463, 463, 463, 463, 463, 463, 463, 463, 463, 463, 463, 463, 456, 456, 456, 456, 456, 456, 424, 424, 424, 424, 424, 424, 424, 424, 412, 412, 412, 412, 412, 412, 412, 412, 412, 412, 410, 410, 410, 410, 410, 410, 410, 410, 410, 410, 410, 410, 410, 410, 410, 410, 410, 410, 410, 410, 410, 410, 410, 410, 410, 410, 410, 410, 410, 410, 410, 410, 410, 410, 410, 410, 410, 410, 410, 410, 391, 391, 339, 339, 339, 339, 339, 339, 339, 339, 339, 339, 339, 339, 339, 339, 339, 339, 339, 339, 339, 339, 339, 283, 283, 283, 283, 283, 283, 283, 283, 283, 283, 283, 283, 283, 283, 283, 283, 283, 283, 283, 283, 283, 283, 283, 283, 283, 283, 283, 283, 283, 283, 283, 283, 283, 283, 283, 283, 240, 240, 240, 240, 240, 238, 238, 208, 208, 208, 187, 187, 174, 174, 174, 174, 174, 158, 158, 138, 128, 120, 120, 120, 120, 120, 116, 98, 88, 71, 71, 71, 71, 0]
job wait time: size-2000, 	mean-372667.85, 	min-1.0, 	max-511598.0, 	percentile50-406385.0, 	percentile90-506274.1, 	percentile95-509138.05
job complete time(JCT): size-2000, 	mean-416355.14, 	min-1328.65, 	max-927200.27, 	percentile50-432944.14, 	percentile90-518569.03, 	percentile95-544969.47


