system:Weave
schedule_strategy:SRSF
node_kind:4*3090
validation:True
model_kind:all_model
MPS:True
Sync:True
overshared_factor:3.0
gpu_mem_percent:0.9
job_come_time_factor:1
job_duration_time_factor:1
job_ddl_factor:10
node_num:1000
job_num:100
schedule_interval:10
makespan_real:0.1117696762084961
makespan:2483.452298817974
job_come_num:100
succeed_job_num:100
failed_job_num:0
queue:[85, 85, 85, 85, 85, 85, 85, 85, 85, 85, 76, 74, 72, 72, 72, 71, 71, 70, 70, 70, 70, 70, 70, 70, 70, 70, 70, 70, 66, 61, 60, 60, 59, 59, 59, 59, 59, 59, 55, 55, 54, 54, 54, 54, 54, 54, 54, 54, 54, 54, 54, 51, 50, 48, 47, 47, 46, 46, 46, 46, 45, 45, 45, 45, 45, 45, 45, 38, 38, 38, 38, 38, 38, 38, 38, 38, 38, 38, 38, 38, 38, 38, 36, 36, 36, 34, 29, 29, 26, 26, 26, 25, 25, 25, 25, 24, 24, 24, 24, 24, 24, 24, 24, 20, 16, 16, 16, 16, 16, 16, 16, 16, 16, 16, 16, 16, 16, 16, 16, 16, 12, 12, 12, 12, 10, 9, 9, 9, 9, 6, 6, 6, 6, 6, 6, 6, 6, 6, 6, 6, 6, 6, 6, 6, 6, 6, 6, 6, 5, 5, 5, 4, 4, 4, 4, 4, 4, 1, 1, 1, 1, 1, 1, 1, 1, 1, 1, 1, 0]
job_wait_time_list:[10, 10, 10, 10, 10, 10, 10, 10, 10, 10, 10, 10, 10, 10, 110, 110, 110, 110, 110, 110, 110, 110, 10, 110, 120, 120, 130, 130, 160, 180, 290, 290, 290, 290, 300, 300, 300, 300, 300, 310, 330, 390, 390, 390, 390, 410, 520, 520, 520, 530, 540, 540, 550, 570, 610, 680, 680, 680, 680, 680, 680, 680, 830, 830, 860, 860, 870, 870, 870, 870, 870, 890, 890, 890, 920, 960, 1040, 1040, 1050, 1050, 1050, 1050, 1300, 1300, 1040, 1210, 1210, 1210, 1210, 1040, 1250, 1250, 1260, 1490, 1300, 1520, 1580, 1690, 1580, 1580]
job_complete_time_list:[104.48935769787059, 104.48935769787059, 104.48935769787059, 104.48935769787059, 108.08807643632754, 109.41522039920092, 112.94634528830647, 121.40333287874238, 152.85768079416303, 156.20726923894253, 172.59601583307378, 174.4221260434715, 176.47272240286694, 183.46038641812396, 280.6022460117936, 280.6022460117936, 281.59565769080075, 290.32881694982063, 294.6897904949244, 296.01119267902106, 297.5162211926654, 303.14405647849196, 303.20386739161796, 306.23550785616976, 325.54966295517517, 330.06901690475644, 341.6959006305784, 347.83364383950834, 382.4858586828923, 405.07688068861296, 519.8011591448449, 528.2581467352808, 533.7760949824005, 536.7151343257167, 546.7151343257167, 547.6689381261369, 565.5104570427145, 573.7182428712929, 573.7182428712929, 583.7182428712929, 605.8562893342228, 673.7035440597916, 674.2093788758386, 677.7501123006573, 677.7501123006573, 709.9164350980893, 827.4176950111548, 828.562147651306, 838.3088224506239, 852.8280226396397, 868.6567625345313, 868.6567625345313, 881.9966294499114, 910.016678037867, 958.1989854109474, 1032.088190026331, 1035.199488497441, 1035.7567822271958, 1036.056775213778, 1046.9009970243612, 1047.5102960739284, 1047.5102960739284, 1201.626660302485, 1210.8912054366897, 1241.7422144603509, 1258.3325325922517, 1280.7036008547934, 1284.048300376197, 1294.3118737248703, 1296.5595424973114, 1296.5595424973114, 1316.5595424973114, 1319.764068160142, 1320.2359959557652, 1354.8358714514063, 1396.6236341540357, 1483.5111429630313, 1485.4798359440872, 1510.3174068572, 1511.9750635754317, 1516.6492532641046, 1516.6492532641046, 1576.3523350208998, 1603.6451599231139, 1625.2420573571465, 1686.3575040331111, 1687.719191492349, 1691.6177238009382, 1691.6177238009382, 1742.360768756224, 1750.4176497969777, 1756.0559714088217, 1804.7257961628343, 1836.9054847717284, 1865.3689726939658, 1869.9583747774363, 2003.5644145339727, 2165.560762691498, 2483.452298817974, 2483.452298817974]
ali_trace_job_info_file_name:ali_trace_job_info_sift_plan_gpu.csv
ali_trace_node_info_file_name:ali_trace_machine_info.csv
model_info_file_name:Full_model_info_12_27_21_27_41.txt
Bigstageresource_file_name:Analyzer-NVIDIA_GeForce_RTX_3090-tim_02_09_23_52_05.csv
Ministagetime_file_name:Muri_Analyzer-NVIDIA_GeForce_RTX_3090-tim_02_10_07_04_44.csv
job wait time: size-100, 	mean-594.9, 	min-10, 	max-1690, 	percentile50-535.0, 	percentile90-1251.0, 	percentile95-1491.5
job complete time(JCT): size-100, 	mean-920.19, 	min-104.49, 	max-2483.45, 	percentile50-860.74, 	percentile90-1743.17, 	percentile95-1865.6


