****************************************************FIFO***********************************************************
    ^^^^    ^^^^    ^^^^    ^^^^    ^^^^    ^^^^    parameters in experiment    ^^^^    ^^^^    ^^^^    ^^^^    ^^^^    ^^^^    
system name:Weave, 	MPS:True, 	Sync:True
overshared_factor:1, 	max_cross:1, 	max_gpu_cross:1
clock_time_factor:1, 	job_time_factor:1, 	job_ddl_factor:10
model_name_list:['AlexNet', 'ResNet18', 'ResNet50', 'MobileNetv2', 'VGG16', 'Bert', 'Transformer', 'GCN', 'GraphSage']
batch_size_dict:{'AlexNet': [8, 16, 32, 64, 128], 'ResNet18': [8, 16, 32, 64, 128], 'ResNet50': [8, 16, 32, 64, 128], 'MobileNetv2': [8, 16, 32, 64, 128], 'VGG16': [8, 16, 32, 64, 128], 'Bert': [8, 16], 'Transformer': [8, 16, 32, 64], 'GCN': [8, 16, 32, 64, 128], 'GraphSage': [8, 16, 32, 64, 128]}
schedule_interval:360
ali_trace_job_info_file_name:sim_ali_trace_job_info.csv
ali_trace_node_info_file_name:sim_ali_trace_machine_info.csv
analyze_file_name:Analyzer-NVIDIA_GeForce_RTX_2080-tim_12_19_16_38_14.csv
    ^^^^    ^^^^    ^^^^    ^^^^    ^^^^    time info in following    ^^^^    ^^^^    ^^^^    ^^^^    ^^^^    
makespan real(s)0.06463313102722168, 	 makespan:617255.556367803
all job num:10, 	succeed job num:10, 	failed job num:0
queue length[0, 0, 0, 0, 0, 0, 0, 0, 0, 0, 0, 0, 0, 0, 0, 0, 0, 0, 0, 0, 0, 0, 0, 0, 0, 0, 0, 0, 0, 0, 0, 0, 0, 0, 0, 0, 0, 0, 0, 0, 0, 0, 0, 0, 0, 0, 0, 0, 0, 0, 0, 0, 0, 0, 0, 0, 0, 0, 0, 0, 0, 0, 0, 0, 0, 0, 0, 0, 0, 0, 0, 0, 0, 0, 0, 0, 0, 0, 0, 0, 0, 0, 0, 0, 0, 0, 0, 0, 0, 0, 0, 0, 0, 0, 0, 0, 0, 0, 0, 0, 0, 0, 0, 0, 0, 0, 0, 0, 0, 0, 0, 0, 0, 0, 0, 0, 0, 0, 0, 0, 0, 0, 0, 0, 0, 0, 0, 0, 0, 0, 0, 0, 0, 0, 0, 0, 0, 0, 0, 0, 0, 0, 0, 0, 0, 0, 0, 0, 0, 0, 0, 0, 0, 0, 0, 0, 0, 0, 0, 0, 0, 0, 0, 0, 0, 0, 0, 0, 0, 0, 0, 0, 0, 0, 0, 0, 0, 0, 0, 0, 0, 0, 0, 0, 0, 0, 0, 0, 0, 0, 0, 0, 0, 0, 0, 0, 0, 0, 0, 0, 0, 0, 0, 0, 0, 0, 0, 0, 0, 0, 0, 0, 0, 0, 0, 0, 0, 0, 0, 0, 0, 0, 0, 0, 0, 0, 0, 0, 0, 0, 0, 0, 0, 0, 0, 0, 0, 0, 0, 0, 0, 0, 0, 0, 0, 0, 0, 0, 0, 0, 0, 0, 0, 0, 0, 0, 0, 0, 0, 0, 0, 0, 0, 0, 0, 0, 0, 0, 0, 0, 0, 0, 0, 0, 0, 0, 0, 0, 0, 0, 0, 0, 0, 0, 0, 0, 0, 0, 0, 0, 0, 0, 0, 0, 0, 0, 0, 0, 0, 0, 0, 0, 0, 0, 0, 0, 0, 0, 0, 0, 0, 0, 0, 0, 0, 0, 0, 0, 0, 0, 0, 0, 0, 0, 0, 0, 0, 0, 0, 0, 0, 0, 0, 0, 0, 0, 0, 0, 0, 0, 0, 0, 0, 0, 0, 0, 0, 0, 0, 0, 0, 0, 0, 0, 0, 0, 0, 0, 0, 0, 0, 0, 0, 0, 0, 0, 0, 0, 0, 0, 0, 0, 0, 0, 0, 0, 0, 0, 0, 0, 0, 0, 0, 0, 0, 0, 0, 0, 0, 0, 0, 0, 0, 0, 0, 0, 0, 0, 0, 0, 0, 0, 0, 0, 0, 0, 0, 0, 0, 0, 0, 0, 0, 0, 0, 0, 0, 0, 0, 0, 0, 0, 0, 0, 0, 0, 0, 0, 0, 0, 0, 0, 0, 0, 0, 0, 0, 0, 0, 0, 0, 0, 0, 0, 0, 0, 0, 0, 0, 0, 0, 0, 0, 0, 0, 0, 0, 0, 0, 0, 0, 0, 0, 0, 0, 0, 0, 0, 0, 0, 0, 0, 0, 0, 0, 0, 0, 0, 0, 0, 0, 0, 0, 0, 0, 0, 0, 0, 0, 0, 0, 0, 0, 0, 0, 0, 0, 0, 0, 0, 0, 0, 0, 0, 0, 0, 0, 0, 0, 0, 0, 0, 0, 0, 0, 0, 0, 0, 0, 0, 0, 0, 0, 0, 0, 0, 0, 0, 0, 0, 0, 0, 0, 0, 0, 0, 0, 0, 0, 0, 0, 0, 0, 0, 0, 0, 0, 0, 0, 0, 0, 0, 0, 0, 0, 0, 0, 0, 0, 0, 0, 0, 0, 0, 0, 0, 0, 0, 0, 0, 0, 0, 0, 0, 0, 0, 0, 0, 0, 0, 0, 0, 0, 0, 0, 0, 0, 0, 0, 0]
job wait time: size-10, 	mean-221.2, 	min-60.0, 	max-360.0, 	percentile50-262.5, 	percentile90-356.4, 	percentile95-358.2
job complete time(JCT): size-10, 	mean-128343.71, 	min-2264.26, 	max-592411.56, 	percentile50-11590.5, 	percentile90-509347.27, 	percentile95-550879.41


