****************************************************BN-SRSF***********************************************************
    ^^^^    ^^^^    ^^^^    ^^^^    ^^^^    ^^^^    parameters in experiment    ^^^^    ^^^^    ^^^^    ^^^^    ^^^^    ^^^^    
system name:Weave, 	MPS:True, 	Sync:True
overshared_factor:1, 	max_cross:1, 	max_gpu_cross:1
clock_time_factor:1, 	job_time_factor:1, 	job_ddl_factor:10
model_name_list:['AlexNet', 'ResNet18', 'ResNet50', 'MobileNetv2', 'VGG16', 'Bert', 'Transformer', 'GCN', 'GraphSage']
batch_size_dict:{'AlexNet': [8, 16, 32, 64, 128], 'ResNet18': [8, 16, 32, 64, 128], 'ResNet50': [8, 16, 32, 64, 128], 'MobileNetv2': [8, 16, 32, 64, 128], 'VGG16': [8, 16, 32, 64, 128], 'Bert': [8, 16], 'Transformer': [8, 16, 32, 64], 'GCN': [8, 16, 32, 64, 128], 'GraphSage': [8, 16, 32, 64, 128]}
schedule_interval:360
ali_trace_job_info_file_name:sim_ali_trace_job_info.csv
ali_trace_node_info_file_name:sim_ali_trace_machine_info.csv
analyze_file_name:Analyzer-NVIDIA_GeForce_RTX_2080-tim_12_19_16_38_14.csv
    ^^^^    ^^^^    ^^^^    ^^^^    ^^^^    time info in following    ^^^^    ^^^^    ^^^^    ^^^^    ^^^^    
makespan real(s)28.914706468582153, 	 makespan:1393611.4679355249
all job num:2000, 	succeed job num:2000, 	failed job num:0
queue length[0, 0, 0, 0, 0, 0, 0, 0, 0, 0, 0, 0, 0, 0, 0, 0, 0, 0, 0, 0, 0, 0, 0, 0, 0, 0, 0, 0, 0, 0, 0, 0, 0, 0, 0, 0, 0, 0, 0, 0, 0, 0, 0, 0, 0, 0, 0, 0, 0, 0, 0, 0, 0, 0, 0, 0, 0, 0, 0, 0, 0, 0, 0, 0, 0, 0, 0, 0, 0, 0, 0, 0, 0, 0, 0, 0, 0, 0, 0, 0, 0, 0, 0, 0, 0, 0, 0, 0, 0, 0, 0, 0, 0, 0, 0, 0, 0, 0, 0, 0, 0, 0, 0, 0, 0, 0, 0, 0, 0, 0, 0, 0, 0, 0, 0, 0, 0, 0, 0, 0, 0, 0, 0, 0, 0, 0, 0, 0, 0, 0, 0, 0, 0, 0, 0, 0, 0, 0, 0, 0, 0, 0, 0, 0, 0, 0, 0, 0, 0, 0, 0, 0, 0, 0, 0, 0, 0, 0, 0, 0, 0, 0, 0, 0, 0, 0, 0, 0, 0, 0, 0, 0, 0, 0, 0, 0, 0, 0, 0, 0, 0, 0, 0, 0, 0, 0, 0, 0, 0, 0, 0, 0, 0, 0, 0, 0, 0, 0, 0, 0, 0, 0, 0, 0, 0, 0, 0, 0, 0, 0, 0, 0, 0, 0, 0, 0, 0, 0, 0, 0, 0, 0, 0, 0, 0, 0, 0, 0, 0, 0, 0, 0, 0, 0, 0, 0, 0, 0, 0, 0, 0, 0, 0, 0, 0, 0, 0, 0, 0, 0, 0, 0, 0, 0, 0, 0, 0, 0, 0, 0, 0, 0, 0, 0, 0, 0, 0, 0, 0, 0, 0, 0, 0, 0, 0, 0, 0, 0, 0, 0, 0, 0, 0, 0, 0, 0, 0, 0, 0, 0, 0, 0, 0, 0, 0, 0, 0, 0, 0, 0, 0, 0, 0, 0, 0, 0, 0, 0, 0, 0, 0, 0, 0, 0, 0, 0, 0, 0, 0, 0, 0, 0, 0, 0, 0, 0, 0, 0, 0, 0, 0, 0, 0, 0, 0, 0, 0, 0, 0, 0, 0, 0, 0, 0, 0, 0, 0, 0, 0, 0, 0, 0, 0, 0, 0, 0, 0, 0, 0, 0, 0, 0, 0, 0, 0, 0, 0, 0, 0, 0, 0, 0, 0, 0, 0, 0, 0, 0, 0, 0, 0, 0, 0, 0, 0, 0, 0, 0, 0, 0, 0, 0, 0, 0, 0, 0, 0, 0, 0, 0, 0, 0, 0, 0, 0, 0, 0, 0, 0, 0, 0, 0, 0, 0, 0, 0, 0, 0, 0, 0, 0, 0, 0, 0, 0, 0, 0, 0, 0, 0, 0, 0, 0, 0, 0, 0, 0, 0, 0, 0, 0, 0, 0, 0, 0, 0, 0, 0, 0, 0, 0, 0, 0, 0, 0, 0, 0, 0, 0, 0, 0, 0, 0, 0, 0, 0, 0, 0, 0, 0, 0, 0, 0, 0, 0, 0, 0, 0, 0, 0, 0, 0, 0, 0, 0, 0, 0, 0, 0, 0, 0, 0, 0, 0, 0, 0, 0, 0, 0, 0, 0, 0, 0, 0, 0, 0, 0, 0, 0, 0, 0, 0, 0, 0, 0, 0, 0, 0, 0, 0, 0, 0, 0, 0, 0, 0, 0, 0, 0, 0, 0, 0, 0, 0, 0, 0, 0, 0, 0, 0, 0, 0, 0, 0, 0, 0, 0, 0, 0, 0, 0, 0, 0, 0, 0, 0, 0, 0, 0, 0, 0, 0, 0, 0, 0, 0, 0, 0, 0, 0, 0, 0, 0, 0, 0, 0, 0, 0, 0, 0, 0, 0, 0, 0, 0, 0, 0, 0, 0, 0, 0, 0, 0, 0, 0, 0, 0, 0, 0, 0, 0, 0, 0, 0, 0, 0, 0, 0, 0, 0, 0, 0, 0, 0, 0, 0, 0, 0, 0, 0, 0, 0, 0, 0, 0, 0, 0, 0, 0, 0, 0, 0, 0, 0, 0, 0, 0, 0, 0, 0, 0, 0, 0, 0, 0, 0, 0, 0, 0, 0, 0, 0, 0, 0, 0, 0, 0, 0, 0, 0, 0, 0, 0, 0, 0, 0, 0, 0, 0, 0, 0, 0, 0, 0, 0, 0, 0, 0, 0, 0, 0, 0, 0, 0, 0, 0, 0, 0, 0, 0, 0, 0, 0, 0, 0, 0, 0, 0, 0, 0, 0, 0, 0, 0, 0, 0, 0, 0, 0, 0, 0, 0, 0, 0, 0, 0, 0, 0, 0, 0, 0, 0, 0, 0, 0, 0, 0, 0, 0, 0, 0, 0, 0, 0, 0, 0, 0, 0, 0, 0, 0, 0, 0, 0, 0, 0, 0, 0, 0, 0, 0, 0, 0, 0, 0, 0, 0, 0, 0, 0, 0, 0, 0, 0, 0, 0, 0, 0, 0, 0, 0, 0, 0, 0, 0, 0, 0, 0, 0, 0, 0, 0, 0, 0, 0, 0, 0, 0, 0, 0, 0, 0, 0, 0, 0, 0, 0, 0, 0, 0, 0, 0, 0, 0, 0, 0, 0, 0, 0, 0, 0, 0, 0, 0, 0, 0, 0, 0, 0, 0, 0, 0, 0, 0, 0, 0, 0, 0, 0, 0, 0, 0, 0, 0, 0, 0, 0, 0, 0, 0, 0, 0, 0, 0, 0, 0, 0, 0, 0, 0, 0, 0, 0, 0, 0, 0, 0, 0, 0, 0, 0, 0, 0, 0, 0, 0, 0, 0, 0, 0, 0, 0, 0, 0, 0, 0, 0, 0, 0, 0, 0, 0, 0, 0, 0, 0, 0, 0, 0, 0, 0, 0, 0, 0, 0, 0, 0, 0, 0, 0, 0, 0, 0, 0, 0, 0, 0, 0, 0, 0, 0, 0, 0, 0, 0, 0, 0, 0, 0, 0, 0, 0, 0, 0, 0, 0, 0, 0, 0, 0, 0, 0, 0, 0, 0, 0, 0, 0, 0, 0, 0, 0, 0, 0, 0, 0, 0, 0, 0, 0, 0, 0, 0, 0, 0, 0, 0, 0, 0, 0, 0, 0, 0, 0, 0, 0, 0, 0, 0, 0, 0, 0, 0, 0, 0, 0, 0, 0, 0, 0, 0, 0, 0, 0, 0, 0, 0, 0, 0, 0, 0, 0, 0, 0, 0, 0, 0, 0, 0, 0, 0, 0, 0, 0, 0, 0, 0, 0, 0, 0, 0, 0, 0, 0, 0, 0, 0, 0, 0, 0, 0, 0, 0, 0, 0, 0, 0, 0, 0, 0, 0, 0, 0, 0, 0, 0, 0, 0, 0, 0, 0, 0, 0, 0, 0, 0, 0, 0, 0, 0, 0, 0, 0, 0, 0, 0, 0, 0, 0, 0, 0, 0, 0, 0, 0, 0, 0, 0, 0, 0, 0, 0, 0, 0, 0, 0, 0, 0, 0, 0, 0, 0, 0, 0, 0, 0, 0, 0, 0, 0, 0, 0, 0, 0, 0, 0, 0, 0, 0, 0, 0, 0, 0, 0, 0, 0, 0, 0, 0, 0, 0, 0, 0, 0, 0, 0, 0, 0, 0, 0, 0, 0, 0, 0, 0, 0, 0, 0, 0, 0, 0, 0, 0, 0, 0, 0, 0, 0, 0, 0, 0, 0, 0, 0, 0, 0, 0, 0, 0, 0, 0, 0, 0, 0, 0, 0, 0, 0, 0, 0, 0, 0, 0, 0, 0, 0, 0, 0, 0, 0, 0, 0, 0, 0, 0, 0, 0, 0, 0, 0, 0, 0, 0, 0, 0, 0, 0, 0, 0, 0, 0, 0, 0, 0, 0, 0, 0, 0, 0, 0, 0, 0, 0, 0, 0, 0, 0, 0, 0, 0, 0, 0, 0, 0, 0, 0, 0, 0, 0, 0, 0, 0, 0, 0, 0, 0, 0, 0, 0, 0, 0, 0, 0, 0, 0, 0, 0, 0, 0, 0, 0, 0, 0, 0, 0, 0, 0, 0, 0, 0, 0, 0, 0, 0, 0, 0, 0, 0, 0, 0, 0, 0, 0, 0, 0, 0, 0, 0, 0, 1, 1, 1, 1, 1, 1, 1, 1, 1, 1, 1, 1, 1, 1, 1, 1, 1, 1, 1, 1, 1, 1, 1, 1, 1, 1, 1, 1, 1, 1, 1, 1, 1, 1, 1, 1, 1, 2, 2, 2, 2, 2, 3, 3, 3, 3, 3, 4, 4, 6, 6, 6, 6, 6, 6, 6, 7, 7, 8, 8, 8, 9, 9, 9, 9, 10, 10, 10, 10, 18, 19, 19, 19, 20, 20, 20, 20, 20, 20, 20, 20, 20, 20, 20, 20, 20, 20, 20, 20, 20, 20, 20, 20, 20, 21, 21, 21, 21, 21, 22, 22, 22, 22, 22, 22, 22, 22, 22, 22, 22, 22, 22, 22, 22, 22, 22, 22, 25, 25, 28, 29, 29, 29, 29, 29, 29, 29, 29, 29, 29, 30, 30, 30, 32, 32, 32, 33, 33, 34, 34, 34, 34, 35, 35, 37, 38, 38, 38, 38, 39, 39, 39, 40, 41, 41, 41, 42, 43, 43, 44, 45, 45, 45, 46, 46, 46, 46, 47, 47, 51, 52, 53, 53, 53, 53, 56, 56, 58, 58, 58, 58, 58, 58, 59, 59, 61, 62, 63, 63, 63, 63, 63, 63, 63, 63, 66, 66, 66, 66, 67, 67, 67, 67, 67, 67, 67, 67, 67, 67, 68, 68, 68, 68, 69, 69, 69, 70, 70, 70, 73, 73, 73, 74, 74, 75, 76, 76, 76, 76, 76, 77, 77, 78, 79, 79, 79, 81, 81, 81, 81, 81, 82, 83, 83, 83, 83, 86, 86, 86, 86, 86, 86, 36, 38, 38, 39, 39, 39, 39, 39, 39, 39, 88, 88, 88, 89, 89, 89, 89, 89, 89, 89, 90, 92, 93, 96, 129, 131, 132, 132, 132, 133, 138, 140, 140, 140, 140, 140, 141, 141, 141, 143, 144, 146, 146, 147, 147, 148, 149, 150, 150, 153, 154, 156, 156, 157, 158, 159, 159, 160, 160, 161, 161, 162, 162, 164, 164, 165, 166, 167, 168, 168, 168, 168, 168, 168, 168, 169, 169, 170, 170, 175, 176, 176, 176, 176, 177, 180, 180, 182, 244, 245, 245, 247, 249, 250, 255, 259, 261, 263, 268, 268, 320, 321, 323, 348, 350, 352, 352, 356, 376, 395, 420, 466, 494, 513, 565, 565, 570, 575, 577, 581, 599, 602, 606, 615, 629, 686, 696, 700, 734, 794, 804, 811, 836, 879, 937, 968, 999, 1060, 1099, 1129, 1156, 1199, 1233, 1253, 1281, 1312, 1335, 1341, 1348, 1353, 1357, 1367, 1372, 1408, 1409, 1412, 1417, 1421, 1444, 1446, 1452, 1459, 1477, 1482, 1486, 1002, 1010, 1028, 1034, 1057, 1059, 1067, 1088, 1100, 1106, 1124, 1159, 1198, 1205, 1234, 1256, 1266, 1283, 1289, 1299, 1312, 1321, 1333, 1344, 1352, 1364, 1365, 1388, 1389, 1389, 1389, 1389, 1389, 1389, 1389, 1389, 1389, 1389, 1389, 1389, 1389, 1389, 1389, 1389, 1389, 1389, 1389, 1389, 1389, 1389, 1389, 1389, 1389, 1389, 1389, 1389, 1389, 1389, 1389, 1389, 1389, 1389, 1389, 1389, 1389, 1389, 1389, 1389, 1389, 1389, 1389, 1389, 1389, 1389, 1389, 1389, 1389, 1389, 1389, 1389, 1389, 1389, 1389, 1389, 1389, 1389, 1389, 1389, 1389, 1389, 1389, 1389, 1389, 1389, 1389, 1389, 1389, 1389, 1389, 1389, 1389, 1389, 1389, 1389, 1389, 1389, 1389, 1389, 1389, 1389, 1389, 1389, 1389, 1389, 1389, 1389, 1389, 1389, 1389, 1389, 1389, 1389, 1389, 1389, 1389, 1389, 1389, 1389, 1389, 1389, 1389, 1389, 1389, 1389, 1389, 1389, 1389, 1389, 1389, 1389, 1389, 1389, 1389, 1389, 1389, 1389, 1389, 1389, 1389, 1389, 1389, 1389, 1389, 1389, 1389, 1389, 1389, 1389, 1389, 1389, 1389, 1389, 1389, 1389, 1389, 1389, 1389, 1389, 1389, 1389, 1389, 1389, 1389, 1389, 1389, 1389, 1389, 1389, 1389, 1389, 1389, 1389, 1389, 1389, 1389, 1389, 1389, 1389, 1389, 1389, 1389, 1389, 1389, 1389, 1389, 1389, 1389, 1389, 1389, 1389, 1389, 1389, 1389, 1389, 1389, 1389, 1389, 1389, 1389, 1389, 1389, 1389, 1389, 1389, 1389, 1389, 1389, 1389, 1389, 1389, 1389, 1389, 1389, 1389, 1389, 1389, 1389, 1389, 1389, 1389, 1389, 1389, 1389, 1389, 1389, 1389, 1389, 1389, 1389, 1389, 1389, 1389, 1389, 1389, 1389, 1389, 1389, 1389, 1389, 1389, 1389, 1389, 1389, 1389, 1389, 1389, 1389, 1389, 1389, 1389, 1389, 1389, 1389, 1389, 1389, 1389, 1389, 1389, 1389, 1389, 1389, 1389, 1389, 1389, 1389, 1389, 1389, 1389, 1389, 1389, 1389, 1389, 1389, 1389, 1389, 1389, 1389, 1022, 1022, 1022, 1022, 1022, 1022, 1022, 1022, 1022, 1022, 921, 921, 905, 905, 905, 905, 905, 905, 905, 905, 905, 905, 905, 905, 905, 905, 905, 905, 905, 905, 905, 905, 905, 905, 905, 905, 905, 905, 905, 905, 905, 905, 905, 905, 905, 837, 837, 837, 837, 837, 837, 837, 837, 837, 837, 837, 837, 837, 837, 837, 837, 837, 837, 837, 837, 837, 837, 837, 837, 837, 837, 837, 837, 837, 837, 837, 837, 837, 837, 837, 837, 837, 837, 837, 837, 837, 837, 837, 837, 837, 837, 837, 837, 837, 837, 837, 837, 837, 837, 837, 837, 837, 837, 837, 837, 837, 837, 837, 837, 837, 689, 689, 689, 689, 689, 689, 689, 689, 689, 689, 689, 689, 689, 689, 689, 689, 689, 689, 689, 689, 689, 689, 689, 689, 689, 689, 689, 689, 689, 689, 689, 689, 689, 689, 689, 689, 689, 689, 689, 689, 689, 689, 689, 689, 689, 689, 689, 689, 689, 689, 689, 689, 689, 689, 689, 689, 689, 689, 689, 689, 689, 689, 689, 689, 689, 689, 689, 689, 689, 689, 689, 689, 689, 689, 689, 689, 689, 689, 689, 689, 689, 689, 689, 689, 689, 689, 689, 689, 689, 689, 689, 689, 689, 689, 689, 689, 577, 577, 577, 577, 577, 577, 577, 577, 577, 577, 577, 577, 577, 577, 577, 577, 577, 577, 577, 577, 577, 577, 577, 577, 577, 519, 519, 519, 519, 519, 519, 519, 519, 519, 519, 519, 519, 519, 519, 519, 519, 519, 519, 519, 519, 519, 519, 519, 519, 519, 519, 519, 519, 519, 519, 519, 519, 519, 519, 519, 519, 519, 519, 519, 519, 519, 519, 519, 519, 446, 446, 446, 446, 446, 446, 446, 446, 446, 446, 446, 446, 446, 446, 446, 446, 446, 446, 446, 446, 446, 446, 446, 446, 446, 446, 446, 446, 446, 446, 446, 446, 446, 446, 383, 383, 383, 383, 383, 383, 383, 383, 383, 383, 383, 383, 383, 383, 383, 383, 383, 383, 383, 383, 383, 383, 383, 383, 383, 383, 383, 383, 383, 383, 383, 383, 383, 383, 383, 383, 383, 383, 383, 383, 383, 383, 383, 383, 383, 383, 383, 383, 383, 383, 383, 383, 383, 383, 383, 383, 383, 383, 383, 383, 383, 383, 383, 383, 383, 383, 383, 383, 383, 383, 383, 383, 383, 345, 345, 345, 345, 345, 345, 345, 345, 345, 345, 345, 345, 345, 345, 345, 345, 345, 345, 345, 345, 345, 345, 345, 345, 345, 317, 317, 317, 317, 317, 317, 317, 317, 317, 317, 317, 317, 317, 317, 317, 317, 317, 317, 317, 317, 317, 317, 317, 317, 288, 288, 288, 288, 288, 288, 288, 288, 288, 288, 288, 288, 288, 288, 288, 288, 288, 288, 288, 288, 288, 288, 288, 288, 288, 288, 288, 288, 288, 288, 288, 288, 288, 288, 288, 288, 288, 288, 288, 288, 288, 288, 288, 288, 288, 288, 288, 288, 288, 288, 288, 288, 288, 288, 288, 288, 288, 288, 288, 288, 288, 288, 288, 288, 288, 288, 288, 288, 288, 288, 288, 288, 288, 288, 288, 288, 288, 288, 288, 288, 288, 288, 288, 288, 288, 288, 288, 288, 288, 288, 288, 288, 288, 288, 288, 288, 288, 288, 288, 288, 288, 261, 261, 261, 261, 261, 261, 261, 261, 261, 261, 261, 261, 261, 261, 261, 261, 261, 261, 261, 261, 261, 261, 261, 261, 261, 261, 261, 238, 238, 238, 238, 238, 238, 238, 238, 238, 238, 238, 238, 238, 238, 238, 238, 238, 238, 238, 238, 238, 238, 238, 238, 238, 238, 238, 238, 238, 238, 238, 238, 238, 238, 238, 238, 238, 238, 238, 238, 238, 238, 238, 238, 238, 238, 238, 238, 238, 238, 238, 238, 238, 238, 238, 238, 238, 238, 238, 238, 238, 238, 238, 238, 238, 238, 238, 238, 238, 238, 238, 238, 238, 238, 238, 238, 238, 238, 238, 238, 238, 238, 238, 238, 238, 238, 238, 238, 238, 238, 238, 238, 238, 238, 238, 238, 238, 238, 238, 238, 238, 238, 238, 238, 238, 238, 238, 238, 238, 238, 238, 238, 238, 238, 238, 238, 238, 238, 238, 238, 238, 238, 238, 238, 238, 216, 216, 216, 216, 216, 216, 216, 216, 216, 216, 216, 216, 216, 216, 216, 216, 216, 216, 216, 216, 216, 216, 216, 216, 196, 196, 196, 196, 196, 196, 196, 196, 196, 196, 196, 196, 196, 196, 196, 196, 196, 196, 196, 196, 182, 182, 182, 182, 182, 182, 182, 182, 177, 177, 177, 177, 177, 177, 165, 165, 165, 165, 165, 165, 165, 133, 133, 133, 133, 133, 133, 133, 133, 133, 133, 133, 133, 133, 133, 133, 133, 133, 133, 133, 133, 133, 133, 133, 133, 122, 122, 118, 118, 118, 118, 118, 118, 118, 118, 118, 118, 118, 118, 118, 118, 110, 110, 110, 108, 108, 108, 108, 108, 108, 108, 108, 108, 108, 108, 108, 108, 108, 105, 105, 105, 87, 87, 87, 87, 87, 87, 87, 87, 87, 87, 87, 87, 86, 84, 84, 80, 80, 71, 71, 71, 71, 71, 71, 71, 71, 71, 71, 71, 71, 71, 71, 71, 71, 71, 71, 66, 66, 66, 66, 66, 66, 66, 66, 66, 66, 66, 66, 66, 66, 66, 66, 66, 66, 66, 66, 66, 66, 66, 66, 66, 66, 66, 66, 66, 66, 66, 66, 66, 66, 66, 66, 60, 60, 60, 60, 60, 60, 60, 60, 60, 60, 60, 60, 60, 60, 60, 60, 60, 60, 60, 60, 60, 60, 60, 60, 60, 60, 60, 60, 60, 60, 60, 60, 60, 60, 60, 60, 60, 60, 60, 60, 60, 60, 60, 60, 60, 60, 60, 60, 53, 53, 53, 53, 53, 53, 46, 46, 46, 46, 46, 46, 46, 46, 46, 46, 39, 39, 39, 39, 39, 39, 39, 39, 39, 39, 39, 39, 39, 39, 39, 39, 39, 39, 39, 39, 39, 39, 39, 39, 39, 39, 39, 39, 39, 39, 39, 39, 39, 39, 39, 39, 39, 39, 39, 39, 39, 39, 39, 25, 25, 25, 25, 21, 21, 21, 21, 21, 21, 21, 1, 1, 1, 1, 1, 1, 1, 1, 1, 1, 0]
job wait time: size-2000, 	mean-149917.49, 	min-1.0, 	max-463458.0, 	percentile50-124086.5, 	percentile90-368002.1, 	percentile95-393940.4
job complete time(JCT): size-2000, 	mean-192149.76, 	min-1328.65, 	max-911601.47, 	percentile50-153672.63, 	percentile90-400328.87, 	percentile95-453128.77


