system:Muri
schedule_strategy:SRSF
node_kind:4*3090
validation:True
model_kind:all_model
MPS:True
Sync:True
overshared_factor:1
gpu_mem_percent:0.9
job_come_time_factor:1
job_duration_time_factor:1
job_ddl_factor:10
node_num:1000
job_num:100
schedule_interval:10
makespan_real:1.7824108600616455
makespan:4518.613885719329
job_come_num:100
succeed_job_num:100
failed_job_num:0
queue:[84, 84, 84, 84, 84, 84, 84, 84, 84, 84, 84, 84, 84, 84, 84, 84, 84, 84, 84, 84, 84, 84, 84, 84, 84, 84, 84, 84, 84, 84, 84, 84, 84, 84, 84, 84, 84, 84, 84, 80, 80, 80, 80, 76, 76, 76, 76, 76, 74, 74, 74, 74, 74, 74, 74, 74, 74, 70, 70, 70, 70, 70, 70, 70, 70, 70, 70, 70, 70, 70, 70, 70, 70, 70, 70, 70, 70, 70, 66, 66, 66, 66, 66, 66, 62, 62, 62, 58, 58, 58, 58, 58, 58, 58, 58, 58, 58, 58, 58, 58, 58, 58, 58, 58, 58, 58, 58, 58, 58, 58, 58, 58, 58, 58, 58, 58, 58, 58, 58, 58, 58, 58, 58, 58, 58, 58, 58, 58, 58, 58, 58, 54, 54, 54, 54, 54, 54, 54, 54, 54, 50, 46, 46, 46, 46, 46, 46, 46, 46, 46, 46, 46, 46, 46, 46, 46, 46, 46, 46, 46, 46, 46, 46, 46, 46, 42, 42, 42, 42, 42, 42, 42, 42, 42, 42, 42, 42, 42, 42, 42, 42, 42, 42, 42, 42, 42, 42, 42, 42, 42, 42, 42, 42, 42, 42, 42, 42, 42, 42, 42, 42, 42, 42, 42, 42, 42, 42, 42, 42, 42, 42, 42, 42, 42, 42, 38, 38, 34, 34, 34, 34, 34, 34, 34, 34, 34, 34, 34, 34, 34, 34, 34, 30, 30, 30, 30, 30, 30, 30, 30, 30, 30, 30, 30, 30, 30, 30, 30, 30, 30, 30, 30, 30, 30, 30, 30, 30, 26, 26, 26, 26, 26, 26, 26, 26, 26, 26, 26, 26, 26, 22, 22, 22, 22, 22, 22, 22, 22, 22, 18, 18, 18, 18, 18, 14, 14, 14, 14, 14, 14, 14, 14, 14, 14, 14, 14, 14, 14, 14, 14, 14, 14, 14, 14, 14, 14, 14, 14, 14, 14, 14, 14, 14, 14, 14, 14, 14, 14, 14, 14, 14, 14, 14, 14, 14, 14, 14, 14, 14, 14, 14, 14, 14, 14, 14, 14, 14, 14, 14, 10, 10, 10, 10, 10, 6, 6, 6, 6, 6, 2, 2, 2, 2, 2, 2, 2, 2, 2, 2, 2, 2, 2, 2, 2, 2, 2, 2, 2, 2, 2, 2, 2, 2, 2, 2, 2, 2, 2, 2, 2, 2, 2, 2, 2, 2, 2, 2, 2, 2, 2, 2, 2, 2, 2, 2, 2, 2, 2, 2, 2, 2, 2, 2, 2, 2, 2, 2, 2, 2, 2, 0]
job_wait_time_list:[10, 10, 10, 10, 10, 10, 10, 10, 10, 10, 10, 10, 10, 10, 10, 440, 490, 10, 400, 440, 400, 400, 490, 400, 440, 440, 580, 790, 790, 850, 880, 580, 790, 850, 580, 790, 850, 580, 850, 1320, 880, 1410, 880, 880, 1420, 1410, 1320, 1420, 1660, 1420, 1660, 1420, 1410, 1410, 1660, 1660, 2180, 2160, 2160, 2330, 1320, 1320, 2180, 2330, 2180, 2180, 2330, 2160, 2160, 2330, 2580, 2800, 2800, 2710, 2580, 2850, 2850, 2710, 2850, 2580, 2800, 2580, 2710, 2850, 2710, 2800, 3500, 3500, 3500, 3400, 3500, 3400, 3400, 3450, 3400, 3450, 3450, 3450, 4110, 4110]
job_complete_time_list:[125.90772983524948, 125.90772983524948, 125.92391547746956, 127.66373067069799, 133.85463927779347, 191.26341234799474, 227.79141535516828, 232.85339212883264, 285.8786965624313, 299.5650788086932, 391.8346985762473, 408.1760958156956, 437.91324813250685, 489.91005836435943, 523.5933232701791, 542.7826879126951, 563.2743548722938, 575.8643617293856, 600.0925184683874, 607.0191255910322, 698.6097094612196, 701.8123244550079, 787.058688519377, 847.61715326985, 877.2083948231302, 877.2083948231302, 984.1933550937101, 1055.5857619363815, 1134.816039619036, 1167.1083012670279, 1208.183049455285, 1225.5981290722825, 1234.1766090223973, 1243.4526825845242, 1308.9193637363796, 1317.3222045228758, 1380.5193774821237, 1404.917583573777, 1415.2942925161915, 1553.3662704434246, 1596.3984775841236, 1599.1775575587526, 1615.6841891539516, 1659.1169500180986, 1693.2825754620135, 1777.248774700798, 1821.7146438043565, 1944.8798850513995, 2042.2574802360684, 2062.5247015263885, 2123.97603346996, 2159.6456014406867, 2177.2414290081942, 2177.2414290081942, 2277.4574856885383, 2326.917826480561, 2454.9234416978434, 2531.9938003338875, 2550.5981342822315, 2562.3400066588447, 2572.1094779138266, 2572.1094779138266, 2585.634806723334, 2620.2966644205526, 2650.1867884158273, 2700.141835827206, 2723.185774914068, 2768.5739267416297, 2791.51017013021, 2842.1779618902874, 2907.9523544870317, 3063.9281765048577, 3082.672515151389, 3090.463296412714, 3155.385456148535, 3240.0854545934126, 3245.8598452778533, 3322.4482364219984, 3331.193749722715, 3348.2538384251297, 3371.846832479395, 3398.3979531030755, 3403.654228955293, 3442.3160103117752, 3443.6881881751306, 3498.4084762659195, 3947.3422313471137, 3996.9044529636203, 4023.0115300033985, 4063.5659181028605, 4104.968543610424, 4171.580677375197, 4203.605515514268, 4216.733460262418, 4236.296486875042, 4289.639176733792, 4302.300435428624, 4347.5616006147175, 4508.369259018451, 4518.613885719329]
ali_trace_job_info_file_name:ali_trace_job_info_sift_plan_gpu.csv
ali_trace_node_info_file_name:ali_trace_machine_info.csv
model_info_file_name:Full_model_info_12_27_21_27_41.txt
Bigstageresource_file_name:Analyzer-NVIDIA_GeForce_RTX_3090-tim_02_09_23_52_05.csv
Ministagetime_file_name:Muri_Analyzer-NVIDIA_GeForce_RTX_3090-tim_02_10_07_04_44.csv
job wait time: size-100, 	mean-1602.0, 	min-10, 	max-4110, 	percentile50-1415.0, 	percentile90-3405.0, 	percentile95-3500.0
job complete time(JCT): size-100, 	mean-2086.98, 	min-125.91, 	max-4518.61, 	percentile50-2093.25, 	percentile90-4067.71, 	percentile95-4238.96


