system:Weave
schedule_strategy:SRSF
node_kind:cluster
validation:False
model_kind:all_model
MPS:True
Sync:True
overshared_factor:1.0
gpu_mem_percent:0.9
job_come_time_factor:1
job_duration_time_factor:1
job_ddl_factor:10
node_num:100
job_num:1000
trace_id:0
bucket_length:100000000
schedule_interval:360
makespan_real:2.9357895851135254
makespan:223741.9559800168
job_come_num:1000
succeed_job_num:1000
failed_job_num:0
ali_trace_job_info_file_name:ali_trace_job_info_clear.csv
ali_trace_node_info_file_name:ali_trace_machine_info.csv
model_info_file_name:Full_model_info_12_27_21_27_41.txt
Bigstageresource_file_name:Analyzer-NVIDIA_GeForce_RTX_3090-tim_02_09_23_52_05.csv
Ministagetime_file_name:Muri_Analyzer-NVIDIA_GeForce_RTX_3090-tim_02_10_07_04_44.csv
job wait time: size-1000, 	mean-2582.22, 	min-1.0, 	max-38604.0, 	percentile50-351.0, 	percentile90-7675.9, 	percentile95-15125.95
job complete time(JCT): size-1000, 	mean-22847.7, 	min-1149.9, 	max-173994.96, 	percentile50-12652.68, 	percentile90-55869.23, 	percentile95-79561.31
queue:[0, 0, 0, 0, 0, 0, 0, 0, 0, 0, 0, 0, 0, 0, 0, 0, 0, 0, 0, 0, 0, 0, 0, 0, 0, 0, 0, 0, 0, 0, 0, 0, 0, 0, 0, 0, 0, 0, 0, 0, 0, 0, 0, 0, 0, 0, 0, 0, 0, 0, 0, 0, 0, 0, 0, 0, 0, 0, 0, 0, 0, 0, 0, 0, 0, 0, 0, 0, 0, 0, 0, 0, 0, 0, 0, 0, 0, 0, 0, 0, 0, 0, 0, 0, 0, 0, 0, 0, 0, 0, 0, 0, 0, 0, 0, 0, 0, 0, 0, 0, 2, 4, 5, 1, 1, 2, 4, 4, 4, 9, 16, 16, 46, 66, 73, 75, 83, 91, 89, 90, 96, 105, 103, 103, 106, 94, 75, 81, 74, 74, 88, 102, 81, 94, 103, 91, 295, 275, 276, 246, 234, 216, 213, 181, 136, 117, 112, 110, 102, 102, 98, 98, 93, 93, 93, 93, 90, 86, 74, 73, 73, 68, 66, 42, 42, 41, 37, 36, 35, 34, 34, 34, 29, 29, 27, 27, 24, 24, 21, 19, 19, 19, 19, 19, 19, 19, 17, 17, 17, 13, 10, 10, 7, 7, 7, 7, 7, 7, 4, 4, 4, 4, 4, 4, 4, 4, 4, 3, 3, 3, 3, 3, 3, 1, 1, 1, 0]
job_wait_time_list:[360, 28.0, 283.0, 253.0, 73.0, 107.0, 107.0, 112.0, 105.0, 81.0, 106.0, 107.0, 106.0, 105.0, 111.0, 108.0, 104.0, 99.0, 107.0, 111.0, 105.0, 108.0, 182.0, 262.0, 253.0, 234.0, 309.0, 103.0, 124.0, 134.0, 319.0, 252.0, 265.0, 314.0, 328.0, 157.0, 82.0, 326.0, 156.0, 266.0, 181.0, 175.0, 265.0, 9.0, 22.0, 281.0, 189.0, 44.0, 95.0, 182.0, 137.0, 139.0, 152.0, 192.0, 107.0, 190.0, 179.0, 67.0, 154.0, 155.0, 177.0, 237.0, 233.0, 37.0, 522.0, 136.0, 138.0, 110.0, 31.0, 277.0, 123.0, 58.0, 20.0, 306.0, 271.0, 336.0, 231.0, 352.0, 270.0, 273.0, 51.0, 147.0, 158.0, 145.0, 231.0, 173.0, 100.0, 277.0, 309.0, 54.0, 62.0, 307.0, 325.0, 153.0, 296.0, 18.0, 354.0, 91.0, 293.0, 14.0, 666.0, 284.0, 195.0, 210.0, 358.0, 164.0, 329.0, 356.0, 441.0, 82.0, 211.0, 221.0, 284.0, 226.0, 1156.0, 92.0, 274.0, 142.0, 81.0, 159.0, 254.0, 65.0, 52.0, 168.0, 277.0, 34.0, 446.0, 443.0, 332.0, 6.0, 124.0, 427.0, 64.0, 330.0, 136.0, 1374.0, 734.0, 1544.0, 128.0, 65.0, 2.0, 342.0, 82.0, 134.0, 128.0, 131.0, 51.0, 120.0, 266.0, 1166.0, 302.0, 340.0, 2285.0, 16.0, 2787.0, 326.0, 81.0, 4498.0, 2.0, 283.0, 283.0, 242.0, 44.0, 89.0, 144.0, 11.0, 289.0, 172.0, 68.0, 310.0, 176.0, 518.0, 802.0, 3642.0, 2434.0, 152.0, 247.0, 283.0, 267.0, 2235.0, 98.0, 136.0, 3703.0, 304.0, 3146.0, 8.0, 42.0, 283.0, 283.0, 283.0, 523.0, 283.0, 2802.0, 134.0, 3702.0, 2982.0, 133.0, 137.0, 152.0, 155.0, 9.0, 801.0, 25.0, 138.0, 312.0, 3641.0, 3259.0, 33.0, 3793.0, 208.0, 107.0, 155.0, 3267.0, 209.0, 173.0, 22.0, 169.0, 203.0, 283.0, 168.0, 3751.0, 283.0, 274.0, 144.0, 4.0, 210.0, 149.0, 374.0, 253.0, 182.0, 211.0, 202.0, 1939.0, 152.0, 247.0, 4049.0, 283.0, 139.0, 492.0, 82.0, 134.0, 692.0, 283.0, 1076.0, 139.0, 189.0, 3830.0, 5291.0, 132.0, 164.0, 148.0, 14.0, 204.0, 67.0, 111.0, 561.0, 751.0, 104.0, 1764.0, 70.0, 291.0, 325.0, 72.0, 1681.0, 959.0, 405.0, 134.0, 3115.0, 2113.0, 134.0, 344.0, 246.0, 14.0, 242.0, 143.0, 207.0, 3566.0, 74.0, 4406.0, 3037.0, 302.0, 296.0, 143.0, 807.0, 190.0, 283.0, 1739.0, 12.0, 283.0, 123.0, 289.0, 139.0, 291.0, 145.0, 144.0, 9.0, 263.0, 86.0, 18.0, 295.0, 880.0, 391.0, 73.0, 259.0, 4572.0, 121.0, 1788.0, 103.0, 989.0, 283.0, 178.0, 219.0, 3974.0, 948.0, 293.0, 293.0, 294.0, 101.0, 2350.0, 477.0, 4718.0, 110.0, 34.0, 236.0, 147.0, 271.0, 970.0, 46.0, 3504.0, 330.0, 3830.0, 286.0, 178.0, 209.0, 104.0, 210.0, 251.0, 288.0, 61.0, 98.0, 181.0, 5063.0, 152.0, 64.0, 322.0, 1021.0, 143.0, 309.0, 188.0, 353.0, 8.0, 245.0, 455.0, 214.0, 917.0, 79.0, 143.0, 2759.0, 143.0, 96.0, 211.0, 143.0, 122.0, 266.0, 761.0, 144.0, 143.0, 2052.0, 144.0, 10.0, 499.0, 2429.0, 505.0, 65.0, 100.0, 143.0, 143.0, 143.0, 143.0, 264.0, 494.0, 494.0, 131.0, 143.0, 143.0, 143.0, 143.0, 721.0, 143.0, 143.0, 144.0, 1208.0, 266.0, 2691.0, 63.0, 326.0, 111.0, 946.0, 2724.0, 264.0, 503.0, 4925.0, 503.0, 342.0, 3535.0, 202.0, 721.0, 1223.0, 1223.0, 334.0, 1224.0, 1223.0, 1224.0, 3719.0, 1224.0, 1224.0, 344.0, 7214.0, 1223.0, 1224.0, 4947.0, 1223.0, 290.0, 1224.0, 143.0, 1203.0, 1224.0, 1224.0, 1225.0, 1224.0, 2489.0, 1224.0, 1223.0, 1225.0, 329.0, 142.0, 1225.0, 61.0, 1223.0, 1225.0, 1223.0, 1224.0, 1225.0, 107.0, 840.0, 1225.0, 863.0, 1225.0, 1224.0, 61.0, 142.0, 862.0, 1225.0, 1223.0, 143.0, 1225.0, 1225.0, 311.0, 1224.0, 1225.0, 1203.0, 166.0, 15543.0, 2963.0, 823.0, 172.0, 504.0, 504.0, 356.0, 503.0, 151.0, 502.0, 342.0, 279.0, 10.0, 504.0, 503.0, 504.0, 504.0, 199.0, 481.0, 504.0, 66.0, 64.0, 276.0, 334.0, 4.0, 1944.0, 863.0, 144.0, 58.0, 841.0, 863.0, 334.0, 5.0, 163.0, 864.0, 2244.0, 56.0, 863.0, 5856.0, 841.0, 2305.0, 863.0, 9158.0, 2303.0, 1.0, 8125.0, 1583.0, 1585.0, 1585.0, 90.0, 1585.0, 1583.0, 2662.0, 2663.0, 2665.0, 101.0, 2663.0, 2663.0, 504.0, 1476.0, 2662.0, 504.0, 504.0, 144.0, 503.0, 503.0, 503.0, 12396.0, 503.0, 504.0, 345.0, 4.0, 56.0, 1945.0, 1942.0, 1224.0, 144.0, 3023.0, 3025.0, 3025.0, 1944.0, 1943.0, 1943.0, 3022.0, 2170.0, 1945.0, 35.0, 1943.0, 3024.0, 115.0, 864.0, 2786.0, 3024.0, 133.0, 3025.0, 3024.0, 3024.0, 3025.0, 2.0, 503.0, 1223.0, 133.0, 494.0, 2482.0, 3025.0, 863.0, 929.0, 1468.0, 209.0, 2305.0, 3023.0, 5.0, 1225.0, 3025.0, 3024.0, 1084.0, 3001.0, 503.0, 3023.0, 3025.0, 498.0, 3023.0, 170.0, 3024.0, 13006.0, 498.0, 3001.0, 5.0, 159.0, 279.0, 2664.0, 96.0, 3001.0, 2505.0, 272.0, 2643.0, 2520.0, 2665.0, 2665.0, 17517.0, 115.0, 2665.0, 2664.0, 1585.0, 2665.0, 2665.0, 360.0, 228.0, 1585.0, 2664.0, 2663.0, 1583.0, 2665.0, 865.0, 11246.0, 2663.0, 355.0, 2.0, 1202.0, 88.0, 5298.0, 4896.0, 97.0, 59.0, 14.0, 12701.0, 3023.0, 4336.0, 1943.0, 57.0, 232.0, 1945.0, 1944.0, 3406.0, 1945.0, 1943.0, 357.0, 1945.0, 1944.0, 1944.0, 862.0, 319.0, 15966.0, 1943.0, 339.0, 325.0, 265.0, 1092.0, 3023.0, 1.0, 5363.0, 3385.0, 2880.0, 154.0, 3001.0, 3383.0, 3001.0, 354.0, 3003.0, 2663.0, 3023.0, 2663.0, 2664.0, 2664.0, 2665.0, 13410.0, 1583.0, 3001.0, 3024.0, 267.0, 13743.0, 3.0, 2663.0, 2281.0, 2.0, 430.0, 32.0, 1585.0, 2662.0, 2663.0, 251.0, 1583.0, 171.0, 1943.0, 15104.0, 22.0, 1944.0, 719.0, 11811.0, 3385.0, 112.0, 350.0, 2.0, 3362.0, 494.0, 355.0, 3024.0, 92.0, 335.0, 356.0, 1223.0, 3360.0, 3024.0, 3361.0, 4.0, 3025.0, 6297.0, 3025.0, 2663.0, 1584.0, 2665.0, 1585.0, 1585.0, 733.0, 3024.0, 5427.0, 2663.0, 2663.0, 2665.0, 1224.0, 653.0, 17940.0, 1164.0, 768.0, 3024.0, 8229.0, 354.0, 254.0, 2831.0, 180.0, 4.0, 6278.0, 293.0, 393.0, 14350.0, 3.0, 291.0, 238.0, 18272.0, 16009.0, 298.0, 255.0, 9286.0, 4120.0, 309.0, 966.0, 7626.0, 3024.0, 20510.0, 293.0, 8877.0, 12441.0, 318.0, 3456.0, 3382.0, 3025.0, 308.0, 9116.0, 277.0, 10744.0, 16332.0, 320.0, 3024.0, 11636.0, 108.0, 10209.0, 3025.0, 255.0, 2224.0, 12797.0, 12661.0, 3417.0, 277.0, 3024.0, 267.0, 3023.0, 302.0, 10373.0, 254.0, 319.0, 3384.0, 228.0, 308.0, 308.0, 4498.0, 319.0, 254.0, 277.0, 307.0, 3383.0, 308.0, 307.0, 276.0, 1248.0, 663.0, 293.0, 354.0, 3768.0, 887.0, 254.0, 318.0, 307.0, 2547.0, 416.0, 3395.0, 16647.0, 293.0, 307.0, 1583.0, 1584.0, 3050.0, 885.0, 155.0, 3361.0, 277.0, 10624.0, 148.0, 255.0, 276.0, 277.0, 11091.0, 293.0, 9177.0, 319.0, 22342.0, 320.0, 176.0, 265.0, 342.0, 254.0, 227.0, 19387.0, 111.0, 29211.0, 5265.0, 8270.0, 18786.0, 111.0, 5262.0, 16583.0, 11164.0, 16848.0, 1020.0, 16537.0, 5259.0, 3844.0, 1385.0, 12880.0, 127.0, 256.0, 3815.0, 17394.0, 3456.0, 9175.0, 11258.0, 5264.0, 277.0, 252.0, 15732.0, 307.0, 5759.0, 254.0, 12733.0, 13036.0, 4085.0, 1428.0, 355.0, 103.0, 254.0, 28385.0, 148.0, 9936.0, 1020.0, 1428.0, 352.0, 6502.0, 12433.0, 5985.0, 29039.0, 10176.0, 108.0, 111.0, 122.0, 18376.0, 19120.0, 254.0, 4831.0, 1524.0, 253.0, 5771.0, 19971.0, 16919.0, 1787.0, 2418.0, 752.0, 274.0, 1787.0, 5039.0, 16574.0, 29322.0, 164.0, 32812.0, 5039.0, 7199.0, 123.0, 5263.0, 366.0, 20728.0, 253.0, 77.0, 319.0, 9819.0, 31286.0, 352.0, 33.0, 11750.0, 305.0, 3.0, 2508.0, 338.0, 13397.0, 316.0, 2100.0, 103.0, 11667.0, 9079.0, 16576.0, 7199.0, 3223.0, 1689.0, 5262.0, 28153.0, 156.0, 22665.0, 5980.0, 24608.0, 13605.0, 12835.0, 218.0, 3749.0, 15596.0, 5983.0, 114.0, 81.0, 4597.0, 50.0, 17184.0, 112.0, 1380.0, 109.0, 5983.0, 24929.0, 1788.0, 19559.0, 118.0, 5040.0, 226.0, 86.0, 118.0, 258.0, 118.0, 57.0, 16842.0, 122.0, 21239.0, 16579.0, 93.0, 25.0, 22017.0, 118.0, 91.0, 21283.0, 13039.0, 28.0, 21511.0, 8279.0, 30.0, 13135.0, 25254.0, 118.0, 19897.0, 11.0, 8280.0, 19011.0, 9804.0, 122.0, 118.0, 15940.0, 14137.0, 119.0, 34748.0, 38604.0, 1866.0, 28087.0, 118.0, 10754.0, 10879.0, 2813.0]
job_complete_time_list:[2305.919642579742, 2294.1347411853076, 4068.4173416394915, 4875.248316095211, 3279.1890207885954, 1149.9038998598699, 1178.1034991405904, 1227.57397948578, 1274.3631329861746, 2005.7725739977104, 1328.157009543036, 1351.6628777010483, 1453.2649186288618, 1454.3182997530312, 1493.657176536508, 1505.76593793324, 1505.3649709697129, 2262.2274609004307, 1605.092092047511, 1682.1206718462054, 1763.33106425382, 1772.8577072922126, 1862.8083753567917, 2018.2766214258736, 2043.6795462262016, 1690.7486873698217, 2266.7644263645634, 2284.7179929171907, 1980.4208759039175, 1520.6852165463933, 2937.697513686144, 3046.4919680842504, 2379.3077020420606, 2790.6953951314354, 2830.524211694021, 1631.5191717351045, 1922.997583260636, 1870.2846741596004, 1813.322150250482, 3406.902608318691, 2309.435040369259, 2317.9114004191797, 2892.5843769964413, 2279.949320978805, 2062.5767782696857, 2442.71773992815, 4566.903013382136, 2327.8685876876043, 1663.932361951236, 2166.839288391595, 2525.813791123619, 2596.259826498863, 2665.2849503426987, 1418.1742577864497, 1388.0607044580393, 5506.673633098602, 3006.7204657113907, 1573.7287607305843, 3913.3111730148157, 3594.087422915123, 5812.412750701653, 4252.830916225066, 3598.116171503156, 4206.828305403935, 3170.922530307864, 5040.316309021509, 5098.839242746202, 2552.072801099952, 1342.2317047648248, 1610.6746418440162, 1600.402029142715, 5582.82951656876, 1640.3412383029645, 5670.415961249004, 6391.756849318859, 2181.1387362527094, 2229.761147854093, 3944.1343895132304, 6760.858404597959, 6881.58999645555, 2701.6672042466234, 4418.067862285003, 7726.810000077712, 5580.652686475565, 9998.46035468104, 2046.770129263532, 2354.726237025847, 7229.482963173796, 1562.9383566396427, 2031.0213450175797, 6726.814247147711, 6612.966578093357, 2367.6097131419956, 6840.204395648441, 2306.6535761224222, 1896.0228312122708, 7315.395041681368, 4601.750033970107, 2314.133673582204, 3503.789478359002, 1999.6746418440162, 8480.47010625177, 3820.6991333084807, 2548.1254516858608, 2363.71794585693, 1844.8083753567917, 8959.845056261438, 1789.0416294466922, 2261.0993850822997, 2325.7123471501036, 1819.8619910709094, 2933.6496943839084, 3721.6288021040455, 4124.936571768652, 2911.0311818680057, 3723.4327249220514, 5032.3808926774145, 8142.340749077339, 2744.4913835899497, 8705.973704713688, 7881.84482729173, 4130.05892805809, 8917.110565674004, 2923.505022779791, 9515.707532147411, 11805.62628108263, 4370.069783668609, 3305.0348094792207, 2483.104970893226, 1810.7674898180048, 9152.95841445995, 4446.855366565054, 4491.40699190789, 11692.16615303111, 9007.068336144977, 4133.88239380678, 3499.509038914097, 4018.1367565495893, 9827.107678200555, 4905.59464260922, 9523.291683035648, 11672.531994719058, 4980.26673255075, 9716.033829372427, 6134.02181314108, 9446.88682728097, 1820.2363766250564, 10205.512698334576, 11907.716265608047, 8942.031259963784, 12097.47735522734, 12187.398547440302, 4818.8295068740845, 5526.3037671935745, 5088.683281066988, 12379.083979264935, 2428.4499401952125, 5776.759510839591, 2410.426854121193, 13236.660798045807, 13324.063223439909, 9360.26376888984, 3816.9099746999927, 11101.855076059153, 2236.627661188926, 2833.8159363703744, 2417.8497777347875, 10965.315625687392, 9078.95160121657, 6560.325127122727, 12920.466095222982, 5021.217615662499, 5329.70123157429, 5660.724330905447, 4122.042213654648, 10846.381323566056, 2427.281982195862, 14026.417331237812, 11957.930072659212, 6057.397673999549, 11485.957282460753, 2205.293342660938, 6147.933687510755, 13606.088010309752, 5662.775244872275, 20672.72395834232, 2062.466102145816, 14585.518177494407, 14691.521480042647, 14716.878592804482, 5958.652686475565, 14809.962796710432, 5813.170182720496, 12145.544547652855, 6771.198351578925, 5714.953989753289, 2894.023223631084, 5099.689463983792, 12089.072825512616, 12096.028376045637, 4397.579959758041, 6641.035725589027, 12388.025892552745, 12535.135453301751, 1976.8951927309536, 6052.152479722659, 6763.073816828444, 17585.80478945878, 7345.857046242672, 9892.444391502097, 2706.53891235053, 12479.917484926918, 7023.186845914977, 1462.1147160445908, 13307.471390909865, 2021.878003925849, 10186.596155286308, 1988.2523370688577, 15925.776937181698, 2568.5711975970335, 7954.115390553605, 16053.446037559166, 2749.591601779648, 13082.704267301946, 2528.9431208932583, 10659.851041600145, 1976.2572807167671, 1575.9531152135023, 15506.545523272187, 14021.752686120686, 10854.592009017695, 2596.1549748411708, 3987.3095344660833, 13377.437982176627, 1705.004683759027, 8466.296334755629, 16691.46203044593, 1797.33106425382, 1797.862193160443, 16250.153374525617, 14192.823390700069, 5397.5854646910375, 16871.288881043285, 7593.8729316723475, 2012.2793186595445, 12895.572274245264, 7573.829275573895, 9527.838258245465, 2293.7570044354143, 1614.5066939114986, 3047.921335715575, 1526.1968471525688, 11833.899240940264, 14594.297732178537, 4223.398716473617, 2522.0213121385095, 2714.5191102374374, 2825.853211364316, 8501.77789063999, 1464.8203911935707, 5811.197582940593, 18490.359750302974, 1682.5703077482904, 6912.3789688563265, 3438.704556901357, 3251.89938779518, 2989.883312767881, 9247.818837281287, 9329.721986435252, 3091.797707646074, 2966.8740795429476, 3976.6916968787773, 1960.2881038297855, 2284.089606285066, 1478.8934266598371, 12745.339104626226, 9624.79636790567, 8317.511152420302, 10854.284272238656, 9501.365568185603, 4662.204581364451, 9091.491994298834, 1742.1758956599951, 14346.283981959597, 3299.156676125531, 18532.297190755475, 9909.431757842009, 2079.8311158227734, 18657.010591252634, 2360.83048242949, 28482.026442095637, 3853.536332025891, 6913.349302887, 2112.1661120473145, 2202.2234571988956, 2483.433103441239, 5314.174568293623, 4087.0143674632636, 12663.56450846704, 1796.8116516979062, 3462.4557172300483, 11622.08474029586, 3827.5230144146117, 3332.954901987505, 11711.623995920898, 2606.6674373593487, 4667.946414501101, 5529.12803279778, 5069.054994194157, 19500.51174775086, 5835.897417136526, 18848.674600076498, 11534.580261914321, 5425.757116049164, 2631.4926714140893, 2643.028660392658, 2720.696820948462, 2557.8168291830298, 9880.657300748855, 5232.978966466748, 12004.361730890043, 3816.7406444539884, 2664.217595605769, 5427.734800425918, 2833.3441090641063, 4551.8264394690705, 6076.167480789329, 3752.941561029329, 12350.992256538317, 3622.0460555035897, 10372.560708428951, 3658.5751166154223, 3193.696484996799, 7206.207170007619, 20149.066910236645, 20301.012919733534, 2711.182145104278, 18241.97667969072, 19108.82788101677, 3721.047178951463, 19858.61622319743, 13316.773166238097, 18728.585302386957, 4243.859601769647, 4878.75140051487, 8837.999234498406, 5152.838472336531, 4610.36591514801, 6290.43950969656, 19783.143066317454, 4734.574290739503, 9299.760889586527, 8456.19162726868, 7154.055034372999, 10755.145148081283, 3868.7224922243477, 5418.6068218146975, 4881.676719874587, 5548.0519018115665, 5151.940242405748, 3889.7113942485303, 5625.199345644258, 4909.494558079314, 6888.349302887, 6742.904213839669, 5776.176291291311, 5797.9210370461515, 4835.004447916537, 5814.180741249467, 5481.273580651316, 6756.388427158752, 13254.732304254794, 6343.576826425269, 5596.113143591865, 5679.480313733067, 6566.626234618183, 6697.6383026078765, 6715.000108223649, 6765.508262594129, 22371.319840263706, 8563.792202095123, 7501.248939948317, 24193.51894745567, 6945.124723187335, 7022.184288794175, 7093.149300967198, 7105.879406883549, 9161.110815575346, 7150.216743647339, 7170.791021030855, 7184.621551925724, 13334.896767029415, 7049.414046965649, 6651.553788306555, 6555.268023052136, 11504.504775497866, 9898.007450056415, 8663.380387570462, 7245.788363723666, 22066.84395291865, 7550.672043276754, 13831.509211144861, 7742.966405871099, 11905.50422922324, 6842.971301941987, 6032.139952450474, 9842.51646918949, 7845.349302887, 7849.030467581855, 12016.780572096963, 7872.525961353509, 7882.581799708947, 7886.934658733997, 16520.03066286072, 7941.729048560766, 7952.204374130051, 7795.037125027942, 9996.33419376723, 7982.304077509565, 8031.4309767518425, 16440.777120413477, 8100.658410485579, 7912.855741691521, 8179.691933620343, 8196.165485716294, 8182.218138867291, 8250.13237261423, 8268.057475875059, 8282.654837456299, 8292.317609911785, 14245.302008132741, 8303.53174050682, 8304.188558401329, 8324.506687753834, 12503.177565680395, 8382.092699676614, 8399.758624516362, 7601.724217975629, 8421.232636975496, 8443.599143721134, 8450.802785199136, 8491.17366503895, 8522.31345675001, 7053.099983114575, 8523.618288775848, 8555.352289907605, 8562.05583111466, 8588.090026897844, 8622.861736527346, 23300.08840964116, 8626.575420462985, 8648.317602350151, 8674.685675992536, 8682.748281594948, 8699.513842779343, 8762.858853076847, 8772.652230831445, 12904.171417155361, 8798.455476955744, 8808.756060363376, 8802.623613401083, 8148.108110218003, 18623.64583723993, 8271.10745316928, 10121.022014821647, 32566.733188288898, 9279.194403589012, 9294.745912057602, 23989.169086543596, 9405.270613299319, 23099.253266634492, 9483.890383686427, 13688.383642642926, 11126.851954258673, 7994.316136815447, 9640.146944883993, 9660.376079257912, 9715.009967790014, 9773.136336374911, 25681.685830554146, 9827.896676528268, 9864.11629103162, 8364.862707929933, 10966.538079787133, 25593.859474418685, 14170.587108185377, 26111.62230796402, 10172.119670750144, 10243.509999089772, 10249.810941911346, 24930.82547517307, 10244.178836970794, 10347.451726234242, 26392.99897459911, 26427.27475467264, 17247.42194094717, 10415.18245064473, 15397.050225383828, 25120.60075806256, 10503.727972866298, 11958.378047895603, 10574.242410239778, 10616.43542964675, 10637.651338406504, 11743.5454732309, 10659.765817045874, 26816.459466477856, 10916.203970597126, 10998.849584964773, 11002.984214603071, 11110.771187719074, 25838.00121168619, 11135.152520027586, 11139.603405332331, 11147.141896111505, 11151.265050732065, 11164.487933212076, 15812.171494849084, 11182.37729658225, 11199.134441186849, 11201.595684399625, 10097.67923202482, 11311.38028631259, 11318.440025766773, 11378.326473070876, 35161.64980148125, 11413.673229329957, 11433.321811884278, 11449.909941704915, 15784.04828860161, 11470.154589007761, 11504.881025798364, 10993.860591856857, 27771.514512612717, 26440.42427290308, 11799.592713024169, 11826.575381232818, 11852.96503399132, 11864.910416780454, 11905.951156277319, 11907.951156277319, 11938.021788811653, 11938.218411856302, 11939.712239931447, 11952.860142606834, 11977.766454869787, 18720.219948158454, 12026.870895032407, 28120.272806071916, 12036.09864470017, 12052.241436064389, 14547.920694111875, 12063.652759026358, 11107.52265823001, 12073.653541263047, 26114.59998642656, 12150.84487296082, 12155.652817930728, 12163.882054209622, 12187.817229322158, 28301.16845524963, 12243.407124604651, 12275.126487530768, 14807.067809854154, 14111.849479003198, 11089.544556498848, 12381.684892381658, 12388.810488709962, 17152.618279886738, 17332.87164782625, 15007.62083526262, 12453.81672169421, 12493.024506735681, 28562.313831770036, 12517.44980489085, 12520.877816669483, 12536.6815755044, 12462.561329896562, 12600.493411924224, 12629.415095138756, 12636.588391241618, 12641.792844350268, 14508.302851997207, 12716.730560339623, 35787.85399982322, 12723.107678200555, 21298.567505375016, 14554.194269512984, 12756.41963061766, 28842.351993103744, 26852.49591205902, 39218.393031081825, 12841.361238904108, 12078.61451309736, 12842.190149022455, 19941.411649821268, 15571.287816159405, 12929.112186225364, 12457.71277138032, 12971.408961204026, 12990.265057453944, 21377.500483143354, 38192.58693234103, 13024.021107368135, 13042.413044769564, 13101.39830516278, 13158.72329081266, 13196.782936801814, 29307.95221895659, 15867.174339878286, 13273.105257052463, 13277.980983293419, 13285.847153147464, 13287.32873199752, 13375.81974595449, 15565.73601707939, 15549.39113374582, 13451.973042887425, 28074.42681707804, 29562.964375743206, 13485.408866588026, 29357.856571122225, 14427.546088896663, 12594.373133049638, 15034.629311008961, 28341.017874551224, 29768.59538675513, 18456.977346522966, 13851.992927060448, 22028.57910914789, 13963.587133473942, 28647.3964599896, 28102.5010634552, 14011.170222983004, 14038.840598686846, 18743.895794680546, 14107.650764722042, 14106.844110369631, 30185.056159972446, 14173.310310580273, 14185.185820646642, 14205.952238206111, 14244.56706297821, 39988.793222431974, 20365.676439609953, 14267.917484926918, 18181.42780814469, 17476.811751055895, 29339.137268405604, 27423.88878658414, 14599.025539295784, 30657.171623598784, 22429.84948249429, 14697.386375086491, 14329.505264176034, 28581.714683938204, 14878.879428120686, 14918.703947901915, 14939.441516926643, 29606.422956758295, 15047.554993606107, 15070.30351665408, 15107.78985777637, 15111.650595746367, 15185.379373232572, 15185.379373232572, 15240.615460448447, 17731.886498242617, 15267.95224841839, 15247.998899162325, 15272.97069396796, 30553.358272043057, 18621.0182996941, 31569.04657210126, 15515.780023938853, 14850.046256698879, 31660.194154166616, 16258.854893716474, 29992.486580937984, 15738.814791722558, 15740.984249610978, 15840.123759717942, 42357.69553582213, 15997.52609734374, 34792.59405929458, 16055.84439481156, 23571.538066128618, 19726.534535065657, 16262.810938563736, 17262.916338132665, 18283.972711079252, 16373.83974662605, 18913.453096342986, 31169.43822158074, 32675.36883704338, 16726.856089296838, 18548.387735857235, 31416.55084740928, 16808.438714608623, 19362.011565575405, 21055.865708945727, 31605.557768644096, 17031.012729052847, 17054.706280845814, 17105.69652957465, 17095.501305808008, 33205.20506098488, 17179.639498735647, 16303.794822987955, 17379.182859960172, 17464.634811243726, 17478.79225926177, 17499.635331570607, 17527.050488139692, 17606.546462498663, 18558.578702574247, 17630.95473660418, 18598.27351738978, 17647.354869684263, 17684.62591330905, 17715.32123608883, 17803.53612610056, 21209.712447148326, 22666.857435804093, 22565.96191291514, 18940.65690960246, 18021.383644087196, 16759.293375677706, 34099.406588494836, 29268.636858703976, 24236.673088054013, 28818.08857045046, 34826.61030440622, 19873.697499405243, 46721.21498976924, 19590.17869539588, 22396.2968541561, 35218.84125513202, 47070.72485748213, 29788.1483418273, 24425.027945322785, 23311.710791745543, 37287.82471496379, 30419.80581136211, 19402.226473378323, 27640.584201773338, 47646.549739052076, 25343.585459494934, 19472.80907089282, 19956.03921505055, 25932.90866220629, 47850.37467525492, 19255.391500725716, 24818.708840005304, 48616.65087750503, 20838.61751437784, 21070.04517254977, 21305.110074022887, 49332.09149386763, 23057.914768125425, 49507.17251782186, 22546.833354107963, 29667.1465419546, 50068.34284548182, 22219.152178192453, 25800.83807748578, 54259.897686515, 22628.266992760473, 22307.419722781255, 33242.828541944895, 21190.936600975736, 26094.53720289035, 27767.493956537102, 21823.490892798683, 50393.396105588385, 22543.762591089588, 38762.54590474884, 23039.3829571253, 24832.913231106242, 23843.714248596618, 34297.34819732254, 51291.20681052166, 23407.21440796781, 68135.01638249304, 51364.14518587399, 51406.38435778767, 22888.540986800173, 51502.04042621609, 34608.060756471445, 51575.513450585684, 51606.559027866606, 23815.1761219396, 51745.23686289709, 51818.76273690592, 68535.61111184955, 29243.704434504674, 26362.32736714682, 52325.842414966726, 54839.41515345062, 24373.17366115944, 27339.4677296514, 36138.16345462939, 53174.984937003814, 53184.01931865956, 24564.544875324384, 27139.788847030795, 32757.84131065062, 30549.74887798878, 53531.936777533716, 53651.82516085007, 25834.626170048927, 25917.2096195349, 25393.879089210124, 30820.188650646523, 40066.903560984545, 26364.329414313193, 54263.683636737085, 31138.142794597457, 56410.53168921886, 37463.92941370062, 54436.98331037827, 54444.81801352138, 27903.23723986745, 54764.72473144019, 26256.74510746452, 55003.61837084449, 34223.22818968896, 55470.03980146302, 43501.58940359764, 47931.47705681165, 60255.227084338665, 39746.47971249485, 53128.038210332394, 34646.752949064045, 40735.526054580114, 41008.2401053097, 38816.30459574424, 29431.466596372033, 33480.6680154764, 41843.722537024325, 39515.144239471585, 37587.64443202372, 32347.368375402162, 38814.46123943478, 35963.95611464849, 37947.02924603224, 40366.212807251664, 32218.92463350325, 37872.08077917737, 35122.24489961221, 71025.01288872956, 43447.94563647869, 33257.74303401075, 40781.84953029241, 33357.39205131531, 33313.172853757715, 39714.093664563814, 43160.85099156272, 62688.10527040638, 48698.955307116004, 42875.951755906775, 63171.37275193399, 43817.805269954624, 46255.80850988213, 40062.84648454355, 42651.16894271683, 43121.31310881737, 40991.71767758098, 59521.83257656342, 49960.51732496264, 46911.1305657746, 45294.672889095134, 50356.25369849887, 36890.01632537025, 41788.16837167897, 42417.363424762705, 52712.80647538726, 36246.02376894733, 44762.15870048072, 46775.77709507561, 47530.20616877818, 40648.535901057054, 64536.19852281493, 50447.948258376826, 49821.18538033005, 47814.54117979435, 44672.584698141174, 50730.97863338041, 47131.38850535534, 45155.898454186536, 79541.41769845737, 49563.28576085785, 42893.840544889536, 48267.514914504325, 47089.07467202857, 40268.14102456323, 43059.489242949, 87192.14256710318, 47732.22228837872, 51072.340362605086, 51250.24357442645, 52859.899116211775, 58794.73016495397, 56302.94666942267, 52462.84069240444, 52936.23049568532, 89115.56507824919, 53335.78873110053, 46200.910336570145, 55821.04456749717, 85632.01488128233, 60335.221430342164, 74353.48800558329, 46674.67754735767, 58964.04533175455, 63392.467736060964, 66642.0527409517, 57992.17854940808, 89225.86471158307, 91156.04374236101, 58194.06888395046, 88103.11584329265, 58416.868485631625, 79939.35066073341, 58333.54676908819, 72265.86108028889, 55599.90460199429, 58801.00913721303, 62776.397662794974, 63048.74179962612, 59430.63084431045, 57926.99643002573, 63785.78020938794, 60902.60805791593, 70131.55861938464, 58545.69497189319, 64899.98114605382, 55448.57886287231, 55764.86466708756, 62651.52978337376, 87204.45602988586, 66224.87239520281, 61680.9486624565, 68225.31999165536, 73604.86925983147, 75654.39327020245, 68102.54988311077, 82743.18893032787, 63189.491943214656, 73817.82033957569, 67205.68855987297, 80140.83090214319, 72593.84626220659, 66453.18433565572, 70379.57833942113, 76007.35867738724, 78489.13569417804, 77328.02692224327, 102636.62074217845, 96255.71705951958, 82364.41597693614, 111453.4546669653, 84524.36504618319, 89046.78744082143, 77117.69837251179, 85241.64802067533, 78790.37731063191, 83916.30929135508, 97606.06539663125, 111441.95233523563, 91779.27828394534, 100602.81551660824, 104398.13215131208, 91421.28133578558, 95282.26133116864, 106291.27359384223, 95311.90080171917, 103166.30929068616, 115460.54572465073, 95942.23247170023, 102273.78453805379, 112277.36590976908, 107655.71041633951, 116820.29325166898, 111921.07603414339, 108681.87712088207, 104584.25291719812, 118033.91083821078, 118846.80498211639, 112389.72442656456, 113351.51717025402, 122567.25534818467, 117788.45645853714, 127462.05780804728, 130750.12358889752, 122297.30483618064, 137472.7265969274, 129154.63468101606, 150204.00876190176, 173994.9559800168]
