****************************************************FIFO***********************************************************
    ^^^^    ^^^^    ^^^^    ^^^^    ^^^^    ^^^^    parameters in experiment    ^^^^    ^^^^    ^^^^    ^^^^    ^^^^    ^^^^    
system name:Normal, 	MPS:False, 	Sync:False
overshared_factor:1, 	max_cross:1, 	max_gpu_cross:1
clock_time_factor:10000, 	job_time_factor:1, 	job_ddl_factor:10
model_name_list:['AlexNet', 'ResNet18', 'ResNet50', 'MobileNetv2', 'VGG16', 'Bert', 'Transformer', 'GCN', 'GraphSage']
batch_size_dict:{'AlexNet': [8, 16, 32, 64, 128], 'ResNet18': [8, 16, 32, 64, 128], 'ResNet50': [8, 16, 32, 64, 128], 'MobileNetv2': [8, 16, 32, 64, 128], 'VGG16': [8, 16, 32, 64, 128], 'Bert': [8, 16], 'Transformer': [8, 16, 32, 64], 'GCN': [8, 16, 32, 64, 128], 'GraphSage': [8, 16, 32, 64, 128]}
schedule_interval:10
ali_trace_job_info_file_name:ali_trace_job_info_long.csv
ali_trace_node_info_file_name:sim_ali_trace_machine_info.csv
analyze_file_name:Analyzer-NVIDIA_GeForce_RTX_2080-tim_12_19_16_38_14.csv
    ^^^^    ^^^^    ^^^^    ^^^^    ^^^^    time info in following    ^^^^    ^^^^    ^^^^    ^^^^    ^^^^    
makespan real(s)8.913637161254883, 	 makespan:4372.009132763734
all job num:100, 	succeed job num:100, 	failed job num:0
queue length[96, 96, 96, 96, 96, 96, 96, 96, 93, 93, 93, 93, 93, 93, 92, 92, 92, 91, 91, 91, 91, 91, 90, 90, 90, 89, 89, 88, 88, 88, 87, 87, 87, 87, 87, 87, 87, 86, 86, 85, 85, 85, 85, 84, 84, 84, 84, 84, 84, 84, 84, 84, 84, 83, 83, 83, 83, 83, 83, 83, 83, 83, 82, 81, 80, 80, 80, 80, 80, 80, 80, 80, 80, 80, 79, 79, 77, 77, 77, 77, 77, 77, 77, 76, 76, 75, 74, 74, 74, 73, 73, 73, 73, 73, 73, 73, 73, 72, 72, 72, 71, 71, 71, 71, 71, 71, 71, 70, 70, 70, 68, 68, 68, 68, 68, 68, 68, 68, 68, 68, 68, 68, 67, 66, 66, 66, 66, 66, 66, 66, 66, 66, 65, 65, 64, 63, 62, 62, 62, 62, 62, 62, 62, 62, 62, 61, 61, 61, 61, 60, 60, 60, 60, 60, 59, 59, 59, 59, 59, 59, 59, 59, 59, 59, 59, 59, 59, 58, 57, 57, 57, 57, 57, 57, 56, 56, 56, 56, 55, 55, 55, 54, 54, 54, 54, 53, 53, 52, 50, 50, 50, 49, 49, 49, 49, 49, 49, 48, 48, 48, 48, 48, 48, 48, 48, 48, 48, 48, 47, 47, 46, 46, 46, 46, 46, 45, 45, 45, 44, 44, 44, 44, 44, 44, 44, 44, 44, 42, 41, 41, 41, 41, 41, 41, 40, 40, 40, 40, 40, 40, 40, 39, 37, 37, 37, 37, 37, 37, 37, 37, 37, 37, 37, 37, 37, 37, 37, 37, 36, 36, 36, 36, 36, 36, 36, 36, 33, 33, 33, 33, 33, 33, 33, 31, 31, 30, 30, 30, 30, 30, 29, 29, 29, 29, 28, 28, 28, 28, 28, 28, 28, 28, 28, 28, 28, 27, 27, 27, 27, 27, 27, 26, 26, 25, 25, 25, 25, 25, 25, 25, 25, 25, 24, 24, 24, 24, 22, 21, 21, 21, 21, 21, 21, 21, 21, 21, 19, 19, 19, 19, 19, 18, 18, 17, 17, 17, 17, 17, 17, 16, 16, 16, 16, 16, 16, 15, 15, 15, 15, 15, 15, 14, 14, 13, 13, 13, 13, 13, 13, 13, 12, 12, 12, 12, 12, 12, 12, 10, 10, 10, 10, 10, 10, 10, 10, 10, 10, 8, 7, 5, 5, 5, 5, 5, 5, 5, 2, 2, 2, 2, 2, 1, 1, 1, 1, 1, 1, 1, 0]
job wait time: size-100, 	mean-1967.06, 	min-9.98, 	max-3989.17, 	percentile50-1904.59, 	percentile90-3689.22, 	percentile95-3802.69
job complete time(JCT): size-100, 	mean-2136.65, 	min-85.37, 	max-4371.18, 	percentile50-2133.5, 	percentile90-3856.79, 	percentile95-3934.14


