****************************************************SRTF***********************************************************
    ^^^^    ^^^^    ^^^^    ^^^^    ^^^^    ^^^^    parameters in experiment    ^^^^    ^^^^    ^^^^    ^^^^    ^^^^    ^^^^    
master_is_2080:True, single_node_mode:True
weave state:True, 	MPS:True, 	Sync:True
overshared_factor:2, 	max_cross:1, 	max_gpu_cross:1
single_job_max_plan_cpu:500, 	single_job_max_plan_mem:10240, 	single_job_max_plan_gpu:400
clock_time_factor:10000, 	job_time_factor:1, 	job_ddl_factor:1
model_name_list:['AlexNet', 'VGG16', 'ResNet18', 'ResNet50', 'MobileNetv2']
batch_size_list:[64, 128], 	epoch_list:[]
schedule_interval:10
ali_trace_file_name:ali_trace_job_info.csv
analyze_file_name:Analyzer-NVIDIA_GeForce_RTX_2080-tim_12_19_16_38_14.csv
    ^^^^    ^^^^    ^^^^    ^^^^    ^^^^    time info in following    ^^^^    ^^^^    ^^^^    ^^^^    ^^^^    
all job num:75, 	succeed job num:75, 	failed job num:0
makespan:3974.3631162643433
queue length[3, 0, 0, 2, 1, 0, 1, 1, 5, 5, 6, 6, 7, 9, 11, 14, 15, 16, 15, 17, 20, 23, 24, 24, 25, 25, 27, 33, 37, 39, 41, 44, 46, 47, 50, 52, 54, 55, 59, 60, 63, 66, 64, 64, 64, 64, 64, 64, 61, 61, 61, 61, 59, 59, 59, 59, 59, 59, 59, 59, 59, 59, 59, 57, 57, 57, 57, 57, 57, 57, 57, 57, 57, 57, 57, 57, 57, 57, 57, 57, 57, 55, 55, 55, 52, 52, 50, 50, 50, 50, 50, 50, 50, 50, 50, 50, 50, 50, 50, 50, 50, 50, 50, 50, 50, 50, 50, 50, 50, 50, 50, 50, 50, 50, 50, 50, 50, 50, 50, 50, 50, 50, 48, 48, 48, 48, 48, 48, 48, 48, 48, 48, 48, 48, 48, 48, 48, 48, 46, 46, 46, 44, 44, 44, 42, 42, 42, 42, 42, 42, 42, 42, 42, 42, 42, 42, 42, 40, 40, 40, 40, 40, 40, 40, 40, 40, 40, 40, 38, 38, 38, 38, 36, 36, 36, 36, 36, 36, 36, 36, 36, 36, 36, 36, 36, 36, 36, 36, 36, 36, 36, 36, 36, 36, 36, 36, 36, 36, 36, 36, 36, 36, 36, 36, 34, 34, 32, 32, 32, 32, 32, 32, 30, 30, 30, 30, 30, 30, 30, 27, 27, 27, 27, 27, 25, 25, 25, 25, 25, 25, 25, 25, 25, 25, 25, 25, 25, 25, 25, 25, 25, 23, 23, 23, 23, 23, 23, 23, 21, 19, 19, 19, 19, 19, 19, 19, 19, 19, 19, 19, 19, 19, 19, 19, 19, 19, 19, 19, 19, 19, 19, 19, 19, 19, 19, 19, 19, 19, 19, 19, 19, 19, 19, 19, 19, 19, 19, 19, 19, 15, 15, 15, 15, 15, 15, 15, 15, 15, 15, 15, 15, 15, 15, 15, 15, 15, 15, 15, 13, 13, 10, 10, 9, 9, 9, 9, 9, 9, 9, 9, 9, 9, 9, 9, 9, 9, 9, 9, 9, 7, 7, 7, 7, 5, 5, 5, 5, 5, 5, 5, 5, 5, 5, 5, 2, 2, 2, 2, 2]
job wait time: size-75, 	mean-1511.47, 	min-2.25, 	max-3087.09, 	percentile50-1493.49, 	percentile90-2910.87, 	percentile95-3056.57
job complete time(JCT): size-75, 	mean-1874.11, 	min-136.9, 	max-3593.7, 	percentile50-1922.51, 	percentile90-3236.49, 	percentile95-3361.49


****************************************************SRSF***********************************************************
    ^^^^    ^^^^    ^^^^    ^^^^    ^^^^    ^^^^    parameters in experiment    ^^^^    ^^^^    ^^^^    ^^^^    ^^^^    ^^^^    
master_is_2080:True, single_node_mode:True
weave state:True, 	MPS:True, 	Sync:True
overshared_factor:2, 	max_cross:1, 	max_gpu_cross:1
single_job_max_plan_cpu:500, 	single_job_max_plan_mem:10240, 	single_job_max_plan_gpu:400
clock_time_factor:10000, 	job_time_factor:1, 	job_ddl_factor:1
model_name_list:['AlexNet', 'VGG16', 'ResNet18', 'ResNet50', 'MobileNetv2']
batch_size_list:[64, 128], 	epoch_list:[]
schedule_interval:10
ali_trace_file_name:ali_trace_job_info.csv
analyze_file_name:Analyzer-NVIDIA_GeForce_RTX_2080-tim_12_19_16_38_14.csv
    ^^^^    ^^^^    ^^^^    ^^^^    ^^^^    time info in following    ^^^^    ^^^^    ^^^^    ^^^^    ^^^^    
all job num:75, 	succeed job num:73, 	failed job num:2
makespan:4235.544410705566
queue length[3, 0, 0, 2, 1, 0, 1, 0, 4, 4, 5, 5, 6, 8, 10, 13, 14, 15, 17, 18, 21, 24, 25, 25, 26, 26, 28, 34, 38, 40, 42, 45, 47, 48, 51, 53, 55, 56, 60, 61, 64, 67, 67, 67, 67, 67, 67, 63, 63, 63, 63, 63, 63, 63, 63, 63, 63, 63, 63, 63, 63, 63, 61, 61, 61, 61, 61, 61, 61, 61, 61, 61, 61, 61, 57, 57, 57, 57, 57, 57, 57, 57, 57, 57, 57, 57, 57, 57, 57, 57, 57, 57, 57, 57, 57, 57, 57, 55, 55, 55, 55, 55, 55, 55, 55, 55, 55, 55, 55, 55, 55, 55, 55, 55, 55, 53, 53, 53, 53, 53, 53, 49, 49, 49, 49, 49, 49, 49, 49, 49, 49, 49, 49, 49, 49, 49, 49, 49, 47, 47, 47, 47, 47, 47, 47, 47, 47, 47, 47, 47, 47, 45, 45, 45, 45, 43, 43, 43, 43, 43, 43, 43, 43, 43, 43, 43, 43, 43, 41, 41, 41, 41, 41, 41, 41, 41, 41, 41, 41, 41, 41, 38, 38, 38, 38, 38, 38, 38, 38, 38, 38, 38, 38, 36, 36, 36, 36, 36, 36, 36, 36, 36, 36, 36, 34, 34, 32, 32, 31, 31, 31, 31, 31, 31, 31, 31, 31, 31, 31, 31, 31, 31, 31, 31, 31, 31, 31, 31, 31, 31, 31, 31, 31, 31, 31, 29, 29, 29, 29, 29, 29, 29, 29, 27, 27, 27, 27, 27, 27, 27, 25, 25, 25, 25, 25, 25, 23, 23, 23, 23, 23, 23, 23, 20, 20, 20, 20, 18, 16, 16, 16, 16, 16, 16, 16, 16, 16, 16, 16, 16, 16, 16, 16, 16, 16, 16, 16, 16, 16, 14, 14, 14, 14, 14, 14, 14, 14, 14, 14, 14, 14, 14, 14, 14, 14, 12, 12, 12, 12, 12, 12, 12, 12, 12, 12, 10, 10, 8, 8, 8, 8, 8, 8, 8, 8, 8, 8, 8, 8, 8, 8, 8, 6, 4, 4, 4, 4, 4, 4, 4, 4, 4, 4, 4, 4, 4, 4, 4, 4, 4, 4, 4, 4, 4, 4, 4, 4, 4, 4, 4, 2, 2, 2, 2, 2, 2, 2, 2, 2, 2, 2, 2, 2]
job wait time: size-73, 	mean-1589.71, 	min-2.25, 	max-3363.51, 	percentile50-1670.09, 	percentile90-2948.1, 	percentile95-3089.77
job complete time(JCT): size-73, 	mean-1917.72, 	min-181.52, 	max-3564.6, 	percentile50-1990.95, 	percentile90-3281.97, 	percentile95-3369.99


