****************************************************FIFO***********************************************************
    ^^^^    ^^^^    ^^^^    ^^^^    ^^^^    ^^^^    parameters in experiment    ^^^^    ^^^^    ^^^^    ^^^^    ^^^^    ^^^^    
master_is_2080:True, single_node_mode:True
weave state:True, 	MPS:True, 	Sync:True
overshared_factor:2, 	max_cross:1, 	max_gpu_cross:1
single_job_max_plan_cpu:500, 	single_job_max_plan_mem:10240, 	single_job_max_plan_gpu:400
clock_time_factor:10000, 	job_time_factor:1, 	job_ddl_factor:1
model_name_list:['AlexNet', 'VGG16', 'ResNet18', 'ResNet50', 'MobileNetv2']
batch_size_list:[64, 128], 	epoch_list:[]
schedule_interval:10
ali_trace_file_name:ali_trace_job_info.csv
analyze_file_name:Analyzer-NVIDIA_GeForce_RTX_2080-tim_12_19_16_38_14.csv
    ^^^^    ^^^^    ^^^^    ^^^^    ^^^^    time info in following    ^^^^    ^^^^    ^^^^    ^^^^    ^^^^    
all job num:75, 	succeed job num:75, 	failed job num:0
makespan:5091.539550304413
queue length[3, 0, 0, 2, 1, 0, 1, 1, 5, 5, 6, 6, 7, 9, 11, 14, 15, 16, 18, 20, 23, 23, 24, 24, 25, 25, 27, 33, 37, 39, 41, 44, 46, 47, 50, 52, 54, 55, 59, 60, 63, 66, 66, 66, 66, 66, 66, 66, 66, 66, 66, 64, 61, 61, 61, 61, 61, 61, 59, 59, 59, 59, 59, 59, 59, 59, 59, 59, 59, 59, 59, 59, 59, 59, 59, 59, 59, 59, 59, 59, 59, 57, 57, 57, 57, 57, 57, 57, 57, 57, 57, 57, 57, 57, 57, 57, 57, 57, 57, 57, 57, 57, 57, 57, 57, 57, 57, 57, 57, 57, 57, 55, 53, 53, 53, 53, 53, 53, 53, 53, 53, 53, 53, 53, 53, 53, 53, 53, 53, 53, 53, 53, 53, 53, 53, 53, 53, 53, 51, 51, 51, 51, 51, 51, 51, 51, 51, 51, 51, 51, 51, 49, 49, 49, 49, 49, 49, 49, 49, 49, 49, 49, 49, 49, 49, 49, 49, 49, 49, 49, 49, 49, 47, 47, 47, 47, 47, 45, 45, 45, 45, 45, 45, 45, 45, 45, 45, 45, 45, 43, 43, 43, 43, 43, 43, 43, 43, 43, 43, 43, 43, 41, 41, 41, 41, 41, 41, 41, 41, 41, 41, 41, 41, 41, 41, 41, 41, 41, 41, 41, 41, 41, 41, 41, 41, 41, 41, 41, 39, 39, 39, 39, 39, 39, 39, 37, 37, 37, 37, 35, 35, 35, 35, 35, 35, 35, 35, 35, 35, 35, 35, 35, 35, 35, 35, 35, 35, 35, 35, 35, 35, 35, 35, 35, 35, 35, 35, 35, 33, 33, 33, 33, 33, 33, 33, 33, 33, 33, 33, 33, 33, 33, 33, 33, 33, 33, 33, 33, 33, 33, 33, 33, 33, 33, 33, 33, 33, 33, 33, 31, 31, 31, 31, 31, 31, 31, 31, 31, 29, 29, 26, 24, 24, 24, 24, 24, 24, 24, 24, 24, 24, 24, 24, 24, 24, 24, 24, 24, 24, 24, 24, 24, 24, 24, 22, 22, 22, 22, 22, 22, 22, 22, 22, 22, 22, 22, 22, 22, 22, 22, 22, 22, 22, 22, 22, 22, 22, 22, 20, 20, 20, 20, 20, 18, 18, 18, 18, 18, 18, 18, 18, 18, 18, 18, 18, 18, 18, 18, 18, 18, 18, 14, 14, 14, 14, 14, 14, 14, 14, 14, 14, 14, 14, 14, 14, 14, 14, 14, 14, 14, 14, 14, 14, 14, 14, 14, 14, 14, 14, 14, 14, 12, 12, 12, 12, 12, 12, 12, 12, 12, 12, 12, 12, 12, 12, 12, 12, 12, 12, 10, 10, 10, 10, 10, 10, 8, 8, 6, 6, 6, 6, 6, 6, 6, 6, 6, 6, 6, 6, 6, 6, 4, 4, 4, 4, 4, 4, 4, 2, 2, 2, 2, 2, 2, 2, 2, 2, 2]
job wait time: size-75, 	mean-2121.04, 	min-2.25, 	max-4282.73, 	percentile50-2101.66, 	percentile90-4019.03, 	percentile95-4164.38
job complete time(JCT): size-75, 	mean-2581.72, 	min-160.96, 	max-4710.9, 	percentile50-2747.1, 	percentile90-4307.78, 	percentile95-4402.61


****************************************************SRTF***********************************************************
    ^^^^    ^^^^    ^^^^    ^^^^    ^^^^    ^^^^    parameters in experiment    ^^^^    ^^^^    ^^^^    ^^^^    ^^^^    ^^^^    
master_is_2080:True, single_node_mode:True
weave state:True, 	MPS:True, 	Sync:True
overshared_factor:2, 	max_cross:1, 	max_gpu_cross:1
single_job_max_plan_cpu:500, 	single_job_max_plan_mem:10240, 	single_job_max_plan_gpu:400
clock_time_factor:10000, 	job_time_factor:1, 	job_ddl_factor:1
model_name_list:['AlexNet', 'VGG16', 'ResNet18', 'ResNet50', 'MobileNetv2']
batch_size_list:[64, 128], 	epoch_list:[]
schedule_interval:10
ali_trace_file_name:ali_trace_job_info.csv
analyze_file_name:Analyzer-NVIDIA_GeForce_RTX_2080-tim_12_19_16_38_14.csv
    ^^^^    ^^^^    ^^^^    ^^^^    ^^^^    time info in following    ^^^^    ^^^^    ^^^^    ^^^^    ^^^^    
all job num:75, 	succeed job num:73, 	failed job num:2
makespan:32839.71310162544
queue length[3, 0, 0, 2, 1, 0, 1, 0, 4, 4, 5, 5, 6, 8, 10, 13, 14, 15, 17, 19, 22, 25, 26, 24, 25, 25, 27, 33, 37, 39, 41, 44, 46, 45, 48, 48, 50, 51, 55, 56, 59, 62, 62, 62, 62, 62, 62, 62, 62, 62, 62, 62, 62, 62, 62, 62, 62, 62, 62, 60, 60, 60, 60, 60, 60, 58, 58, 58, 58, 56, 56, 56, 56, 56, 56, 56, 56, 56, 56, 56, 56, 56, 54, 54, 54, 54, 54, 54, 54, 54, 54, 54, 54, 54, 52, 52, 52, 52, 52, 50, 50, 50, 50, 50, 50, 50, 50, 50, 50, 50, 50, 50, 50, 50, 50, 48, 48, 48, 48, 48, 48, 48, 48, 48, 48, 48, 48, 48, 46, 46, 46, 46, 46, 46, 44, 44, 44, 44, 44, 44, 44, 44, 44, 44, 44, 44, 44, 44, 40, 40, 40, 40, 40, 40, 40, 40, 40, 40, 40, 40, 40, 40, 40, 40, 40, 38, 38, 36, 36, 36, 36, 36, 36, 36, 36, 36, 36, 36, 36, 36, 36, 36, 36, 36, 36, 36, 36, 36, 36, 35, 35, 35, 35, 33, 33, 33, 33, 33, 33, 33, 33, 33, 33, 33, 33, 33, 33, 31, 31, 31, 31, 31, 31, 31, 31, 31, 31, 31, 31, 31, 31, 31, 31, 29, 29, 29, 29, 27, 24, 24, 24, 24, 24, 24, 24, 24, 24, 24, 24, 22, 20, 20, 20, 20, 20, 20, 20, 20, 20, 20, 20, 20, 20, 20, 20, 20, 20, 20, 20, 16, 16, 16, 14, 14, 14, 14, 14, 14, 14, 14, 14, 14, 14, 14, 14, 14, 14, 14, 14, 14, 14, 14, 14, 14, 14, 14, 14, 14, 14, 14, 10, 8, 8, 8, 8, 8, 8, 8, 8, 8, 8, 8, 8, 8, 8, 8, 8, 8, 8, 8, 8, 8, 8, 8, 8, 8, 8, 8, 8, 8, 8, 8, 8, 8, 8, 8, 8, 8, 8, 8, 8, 6, 6, 6, 6, 6, 6, 2, 2, 2, 2, 2, 2, 2, 2, 2, 2, 2, 2, 2, 2, 2, 2]
job wait time: size-73, 	mean-1428.08, 	min-2.25, 	max-3143.52, 	percentile50-1374.44, 	percentile90-2874.56, 	percentile95-2996.7
job complete time(JCT): size-73, 	mean-1759.86, 	min-186.12, 	max-3590.31, 	percentile50-1873.01, 	percentile90-3081.05, 	percentile95-3208.96


