****************************************************FIFO***********************************************************
    ^^^^    ^^^^    ^^^^    ^^^^    ^^^^    ^^^^    parameters in experiment    ^^^^    ^^^^    ^^^^    ^^^^    ^^^^    ^^^^    
master_is_2080:True, single_node_mode:True
system name:Muri, 	MPS:True, 	Sync:True
overshared_factor:1, 	max_cross:1, 	max_gpu_cross:1
single_job_max_plan_cpu:500, 	single_job_max_plan_mem:10240, 	single_job_max_plan_gpu:400
clock_time_factor:10000, 	job_time_factor:1, 	job_ddl_factor:1
model_name_list:['AlexNet', 'ResNet18', 'ResNet50', 'MobileNetv2', 'VGG16', 'Bert', 'Transformer', 'GCN', 'GraphSage']
batch_size_dict:{'AlexNet': [8, 16, 32, 64, 128], 'ResNet18': [8, 16, 32, 64, 128], 'ResNet50': [8, 16, 32, 64, 128], 'MobileNetv2': [8, 16, 32, 64, 128], 'VGG16': [8, 16, 32, 64, 128], 'Bert': [8, 16], 'Transformer': [8, 16, 32, 64], 'GCN': [8, 16, 32, 64, 128], 'GraphSage': [8, 16, 32, 64, 128]}
schedule_interval:10
ali_trace_file_name:ali_trace_job_info.csv
analyze_file_name:Analyzer-NVIDIA_GeForce_RTX_2080-tim_12_19_16_38_14.csv
    ^^^^    ^^^^    ^^^^    ^^^^    ^^^^    time info in following    ^^^^    ^^^^    ^^^^    ^^^^    ^^^^    
all job num:75, 	succeed job num:65, 	failed job num:10
makespan:10133.903141975403
queue length[3, 0, 0, 2, 2, 2, 3, 3, 7, 7, 8, 8, 9, 11, 13, 16, 17, 18, 20, 22, 25, 28, 29, 30, 30, 29, 31, 37, 40, 42, 45, 47, 50, 50, 55, 56, 55, 58, 61, 64, 65, 66, 66, 66, 65, 65, 64, 64, 64, 64, 64, 64, 64, 64, 64, 64, 64, 64, 64, 64, 62, 62, 62, 61, 61, 61, 60, 59, 59, 58, 57, 57, 57, 57, 57, 57, 57, 57, 57, 57, 57, 57, 57, 57, 56, 56, 56, 56, 56, 55, 55, 55, 54, 54, 54, 54, 54, 53, 53, 53, 53, 53, 53, 53, 53, 53, 53, 52, 52, 52, 49, 49, 49, 49, 49, 49, 49, 49, 49, 49, 49, 49, 49, 49, 49, 49, 49, 49, 49, 49, 48, 48, 47, 47, 47, 47, 47, 47, 47, 47, 46, 46, 45, 45, 45, 45, 45, 45, 45, 44, 43, 43, 43, 43, 43, 43, 43, 43, 41, 40, 40, 38, 38, 38, 38, 38, 38, 38, 38, 38, 38, 38, 38, 38, 38, 38, 37, 37, 37, 37, 37, 37, 37, 37, 37, 37, 37, 36, 36, 36, 36, 36, 36, 36, 36, 35, 35, 35, 34, 34, 34, 34, 34, 34, 34, 34, 34, 33, 33, 33, 31, 30, 29, 29, 29, 29, 29, 29, 29, 28, 28, 28, 28, 28, 27, 27, 27, 27, 27, 27, 27, 26, 26, 26, 26, 26, 26, 25, 25, 25, 25, 25, 24, 24, 24, 24, 23, 23, 23, 23, 23, 23, 23, 23, 23, 23, 23, 22, 22, 22, 21, 21, 21, 21, 19, 19, 19, 19, 19, 19, 19, 19, 19, 19, 19, 19, 19, 18, 18, 18, 18, 18, 17, 17, 17, 17, 17, 17, 16, 16, 16, 16, 16, 16, 16, 16, 15, 13, 13, 13, 13, 12, 12, 12, 12, 11, 10, 10, 10, 10, 10, 10, 10, 10, 9, 9, 9, 9, 9, 9, 9, 9, 8, 8, 8, 8, 8, 8, 8, 8, 8, 8, 6, 6, 6, 3, 3, 3, 3, 3, 3, 3, 3, 3, 3, 3, 2, 2, 2, 2, 2]
job wait time: size-65, 	mean-1565.11, 	min-2.25, 	max-3149.04, 	percentile50-1424.84, 	percentile90-2774.15, 	percentile95-3001.54
job complete time(JCT): size-65, 	mean-1756.05, 	min-181.17, 	max-3381.06, 	percentile50-1811.45, 	percentile90-3050.0, 	percentile95-3129.33


