****************************************************SRTF***********************************************************
    ^^^^    ^^^^    ^^^^    ^^^^    ^^^^    ^^^^    parameters in experiment    ^^^^    ^^^^    ^^^^    ^^^^    ^^^^    ^^^^    
master_is_2080:True, single_node_mode:True
weave state:True, 	MPS:True, 	Sync:True
overshared_factor:1, 	max_cross:1, 	max_gpu_cross:1
single_job_max_plan_cpu:500, 	single_job_max_plan_mem:10240, 	single_job_max_plan_gpu:400
clock_time_factor:10000, 	job_time_factor:1, 	job_ddl_factor:1
model_name_list:['AlexNet', 'VGG16', 'ResNet18', 'ResNet50', 'MobileNetv2']
batch_size_list:[64, 128], 	epoch_list:[]
schedule_interval:10
ali_trace_file_name:ali_trace_job_info.csv
analyze_file_name:Analyzer-NVIDIA_GeForce_RTX_2080-tim_12_19_16_38_14.csv
    ^^^^    ^^^^    ^^^^    ^^^^    ^^^^    time info in following    ^^^^    ^^^^    ^^^^    ^^^^    ^^^^    
all job num:75, 	succeed job num:75, 	failed job num:0
makespan:4038.8641924858093
queue length[3, 0, 0, 2, 2, 2, 3, 3, 7, 7, 8, 8, 9, 11, 13, 16, 17, 18, 20, 22, 25, 28, 29, 29, 30, 31, 31, 37, 39, 41, 43, 46, 48, 49, 52, 54, 56, 57, 60, 61, 64, 65, 65, 65, 65, 65, 65, 65, 65, 65, 65, 65, 65, 65, 65, 65, 65, 65, 65, 65, 65, 65, 65, 65, 62, 62, 62, 62, 62, 62, 61, 61, 61, 61, 61, 61, 61, 61, 61, 61, 61, 59, 59, 59, 59, 57, 56, 56, 56, 56, 56, 56, 56, 56, 56, 56, 56, 54, 54, 54, 54, 54, 54, 54, 52, 52, 52, 52, 52, 52, 52, 52, 52, 52, 52, 52, 52, 52, 52, 52, 52, 52, 52, 52, 52, 52, 52, 52, 51, 51, 51, 51, 49, 47, 47, 47, 47, 47, 47, 47, 47, 47, 47, 47, 47, 47, 47, 47, 47, 47, 47, 47, 47, 47, 47, 43, 43, 43, 43, 43, 43, 43, 43, 41, 41, 41, 41, 41, 41, 41, 41, 41, 41, 41, 41, 41, 39, 39, 39, 39, 39, 39, 39, 39, 39, 39, 39, 39, 39, 39, 39, 39, 39, 39, 39, 39, 39, 39, 39, 39, 39, 39, 39, 39, 37, 37, 37, 37, 37, 37, 37, 37, 37, 37, 37, 34, 34, 34, 34, 34, 34, 34, 34, 34, 33, 32, 32, 30, 30, 29, 29, 29, 29, 29, 29, 29, 29, 29, 29, 29, 29, 29, 29, 29, 28, 28, 28, 28, 28, 26, 26, 26, 26, 26, 26, 26, 26, 26, 26, 26, 26, 26, 26, 26, 26, 23, 23, 23, 23, 23, 23, 23, 23, 23, 21, 21, 21, 21, 21, 21, 21, 21, 21, 21, 21, 21, 19, 19, 19, 19, 19, 19, 19, 19, 19, 19, 19, 19, 19, 19, 19, 19, 19, 19, 19, 19, 19, 19, 17, 17, 17, 15, 15, 15, 15, 13, 13, 13, 13, 13, 13, 13, 13, 13, 13, 13, 13, 13, 13, 13, 12, 12, 12, 12, 12, 12, 12, 12, 10, 10, 10, 10, 10, 10, 10, 10, 8, 8, 6, 6, 6, 6, 6, 6, 6, 6, 6, 6, 6, 6, 4, 4, 2, 2, 2, 2, 2, 2, 2, 2, 2, 2, 2, 2, 2]
job wait time: size-75, 	mean-1707.53, 	min-2.25, 	max-3349.72, 	percentile50-1850.38, 	percentile90-3105.74, 	percentile95-3233.02
job complete time(JCT): size-75, 	mean-1979.84, 	min-215.17, 	max-3658.25, 	percentile50-2006.44, 	percentile90-3328.28, 	percentile95-3474.0


****************************************************SRSF***********************************************************
    ^^^^    ^^^^    ^^^^    ^^^^    ^^^^    ^^^^    parameters in experiment    ^^^^    ^^^^    ^^^^    ^^^^    ^^^^    ^^^^    
master_is_2080:True, single_node_mode:True
weave state:True, 	MPS:True, 	Sync:True
overshared_factor:1, 	max_cross:1, 	max_gpu_cross:1
single_job_max_plan_cpu:500, 	single_job_max_plan_mem:10240, 	single_job_max_plan_gpu:400
clock_time_factor:10000, 	job_time_factor:1, 	job_ddl_factor:1
model_name_list:['AlexNet', 'VGG16', 'ResNet18', 'ResNet50', 'MobileNetv2']
batch_size_list:[64, 128], 	epoch_list:[]
schedule_interval:10
ali_trace_file_name:ali_trace_job_info.csv
analyze_file_name:Analyzer-NVIDIA_GeForce_RTX_2080-tim_12_19_16_38_14.csv
    ^^^^    ^^^^    ^^^^    ^^^^    ^^^^    time info in following    ^^^^    ^^^^    ^^^^    ^^^^    ^^^^    
all job num:75, 	succeed job num:75, 	failed job num:0
makespan:3991.008615255356
queue length[3, 0, 0, 2, 2, 2, 3, 3, 7, 7, 8, 8, 9, 11, 13, 15, 16, 17, 19, 21, 24, 27, 28, 28, 29, 29, 31, 37, 39, 41, 43, 46, 48, 48, 51, 53, 55, 56, 60, 61, 64, 67, 67, 67, 67, 67, 66, 66, 66, 66, 66, 66, 66, 62, 62, 62, 62, 62, 62, 62, 62, 62, 62, 62, 62, 62, 62, 62, 62, 62, 62, 62, 62, 62, 60, 60, 60, 60, 60, 58, 58, 58, 58, 58, 56, 56, 56, 55, 55, 55, 55, 55, 55, 55, 55, 55, 53, 53, 53, 53, 53, 53, 53, 53, 53, 53, 53, 53, 53, 53, 53, 51, 51, 51, 51, 51, 51, 51, 51, 51, 51, 51, 51, 51, 51, 51, 51, 51, 49, 49, 49, 49, 47, 47, 47, 47, 47, 47, 47, 47, 47, 46, 46, 46, 46, 46, 46, 46, 46, 46, 46, 46, 46, 42, 42, 40, 40, 40, 40, 40, 40, 40, 40, 40, 40, 40, 40, 40, 40, 40, 40, 40, 40, 40, 40, 40, 40, 40, 40, 40, 40, 39, 39, 39, 39, 39, 39, 39, 39, 39, 39, 39, 39, 39, 39, 39, 39, 39, 39, 39, 39, 39, 39, 37, 37, 37, 33, 33, 33, 33, 33, 33, 33, 33, 33, 33, 33, 31, 31, 31, 31, 31, 31, 29, 29, 29, 29, 28, 28, 28, 28, 27, 27, 27, 27, 27, 27, 27, 27, 27, 26, 26, 26, 26, 24, 24, 24, 24, 24, 24, 24, 24, 23, 23, 23, 23, 22, 22, 22, 22, 22, 22, 22, 22, 22, 22, 22, 22, 22, 22, 21, 21, 21, 21, 19, 19, 19, 19, 19, 19, 19, 19, 19, 19, 18, 18, 18, 18, 18, 18, 16, 16, 16, 16, 16, 16, 16, 16, 16, 16, 16, 16, 16, 16, 13, 13, 13, 13, 13, 13, 13, 13, 13, 13, 13, 13, 13, 13, 13, 13, 11, 11, 9, 9, 9, 9, 9, 9, 9, 9, 6, 4, 4, 4, 4, 4, 4, 4, 4, 4, 4, 4, 4, 4, 4, 4, 4, 4, 4, 4, 4, 3, 3, 3, 3, 3, 3, 2, 2, 2, 2, 2, 2, 2, 1, 1]
job wait time: size-75, 	mean-1618.14, 	min-2.25, 	max-3260.77, 	percentile50-1795.64, 	percentile90-2917.21, 	percentile95-3017.92
job complete time(JCT): size-75, 	mean-1889.35, 	min-134.95, 	max-3585.89, 	percentile50-1951.41, 	percentile90-3190.62, 	percentile95-3345.83


