****************************************************FIFO***********************************************************
    ^^^^    ^^^^    ^^^^    ^^^^    ^^^^    ^^^^    parameters in experiment    ^^^^    ^^^^    ^^^^    ^^^^    ^^^^    ^^^^    
master_is_2080:True, single_node_mode:True
weave state:True, 	MPS:True, 	Sync:True
overshared_factor:1, 	max_cross:1, 	max_gpu_cross:1
single_job_max_plan_cpu:500, 	single_job_max_plan_mem:10240, 	single_job_max_plan_gpu:400
clock_time_factor:10000, 	job_time_factor:1, 	job_ddl_factor:1
model_name_list:['AlexNet', 'VGG16', 'ResNet18', 'ResNet50', 'MobileNetv2']
batch_size_list:[64, 128], 	epoch_list:[]
schedule_interval:10
ali_trace_file_name:ali_trace_job_info.csv
analyze_file_name:Analyzer-NVIDIA_GeForce_RTX_2080-tim_12_19_16_38_14.csv
    ^^^^    ^^^^    ^^^^    ^^^^    ^^^^    time info in following    ^^^^    ^^^^    ^^^^    ^^^^    ^^^^    
all job num:75, 	succeed job num:75, 	failed job num:0
makespan:4150.984140872955
queue length[3, 0, 0, 2, 2, 2, 3, 3, 7, 7, 8, 8, 9, 11, 13, 16, 17, 18, 20, 22, 25, 28, 29, 29, 30, 31, 32, 38, 39, 41, 43, 46, 48, 49, 52, 54, 56, 57, 61, 62, 65, 68, 67, 67, 67, 67, 67, 67, 67, 67, 67, 67, 67, 67, 65, 65, 65, 65, 65, 65, 65, 65, 65, 65, 65, 65, 65, 65, 65, 62, 62, 62, 62, 62, 62, 61, 61, 61, 61, 61, 61, 61, 61, 61, 61, 61, 59, 59, 59, 57, 57, 57, 57, 57, 57, 57, 57, 57, 57, 56, 56, 56, 56, 56, 54, 54, 54, 54, 54, 54, 54, 54, 54, 54, 52, 52, 52, 52, 52, 52, 52, 52, 52, 52, 52, 52, 52, 52, 52, 52, 52, 52, 52, 52, 52, 52, 51, 51, 51, 51, 51, 51, 49, 49, 49, 49, 49, 49, 49, 49, 47, 47, 47, 47, 47, 47, 47, 47, 47, 47, 47, 47, 47, 45, 45, 45, 45, 43, 43, 43, 43, 43, 43, 43, 43, 43, 43, 43, 43, 43, 43, 43, 43, 39, 39, 39, 39, 39, 39, 39, 39, 39, 39, 39, 39, 39, 39, 39, 39, 39, 39, 39, 39, 39, 39, 39, 39, 39, 39, 39, 39, 39, 39, 39, 39, 39, 39, 39, 39, 39, 39, 37, 37, 34, 34, 34, 34, 34, 34, 34, 34, 34, 33, 33, 33, 32, 32, 32, 32, 32, 30, 30, 30, 30, 30, 29, 29, 29, 29, 29, 29, 29, 28, 28, 28, 28, 28, 28, 28, 28, 26, 26, 26, 26, 26, 26, 26, 26, 26, 26, 26, 26, 26, 25, 25, 25, 23, 23, 23, 23, 23, 23, 23, 23, 23, 23, 23, 23, 23, 23, 23, 23, 23, 23, 19, 19, 19, 19, 19, 19, 19, 19, 19, 19, 19, 19, 19, 19, 19, 19, 19, 19, 19, 19, 19, 17, 17, 17, 17, 17, 17, 17, 17, 17, 17, 17, 17, 17, 17, 17, 15, 15, 15, 15, 13, 13, 13, 13, 13, 13, 13, 13, 13, 13, 13, 13, 10, 10, 10, 10, 10, 10, 10, 10, 10, 8, 8, 8, 8, 8, 6, 6, 6, 6, 6, 6, 6, 6, 6, 6, 6, 4, 4, 3, 3, 3, 3, 3, 3, 3, 3, 3, 3, 2, 2, 2, 2, 2, 2, 2, 2, 2]
job wait time: size-75, 	mean-1810.0, 	min-2.25, 	max-3521.31, 	percentile50-2022.17, 	percentile90-3215.28, 	percentile95-3347.82
job complete time(JCT): size-75, 	mean-2094.37, 	min-274.63, 	max-3770.34, 	percentile50-2126.62, 	percentile90-3490.01, 	percentile95-3633.41


****************************************************SRTF***********************************************************
    ^^^^    ^^^^    ^^^^    ^^^^    ^^^^    ^^^^    parameters in experiment    ^^^^    ^^^^    ^^^^    ^^^^    ^^^^    ^^^^    
master_is_2080:True, single_node_mode:True
weave state:True, 	MPS:True, 	Sync:True
overshared_factor:1, 	max_cross:1, 	max_gpu_cross:1
single_job_max_plan_cpu:500, 	single_job_max_plan_mem:10240, 	single_job_max_plan_gpu:400
clock_time_factor:10000, 	job_time_factor:1, 	job_ddl_factor:1
model_name_list:['AlexNet', 'VGG16', 'ResNet18', 'ResNet50', 'MobileNetv2']
batch_size_list:[64, 128], 	epoch_list:[]
schedule_interval:10
ali_trace_file_name:ali_trace_job_info.csv
analyze_file_name:Analyzer-NVIDIA_GeForce_RTX_2080-tim_12_19_16_38_14.csv
    ^^^^    ^^^^    ^^^^    ^^^^    ^^^^    time info in following    ^^^^    ^^^^    ^^^^    ^^^^    ^^^^    
all job num:75, 	succeed job num:75, 	failed job num:0
makespan:4145.874995470047
queue length[3, 0, 0, 2, 2, 2, 3, 3, 7, 7, 8, 8, 9, 11, 13, 15, 16, 17, 19, 21, 24, 27, 28, 28, 29, 29, 31, 37, 39, 41, 43, 46, 48, 49, 51, 53, 55, 56, 60, 61, 64, 67, 67, 67, 67, 67, 67, 67, 67, 67, 67, 66, 66, 66, 66, 66, 66, 66, 66, 66, 62, 62, 62, 62, 62, 62, 62, 62, 62, 62, 62, 62, 62, 62, 62, 62, 62, 62, 62, 62, 62, 60, 58, 58, 58, 58, 58, 58, 58, 58, 58, 56, 55, 55, 55, 55, 55, 55, 55, 55, 55, 55, 53, 53, 53, 53, 53, 53, 53, 53, 53, 53, 53, 53, 53, 53, 53, 53, 53, 53, 53, 53, 53, 53, 53, 53, 53, 53, 53, 53, 51, 51, 51, 51, 49, 49, 49, 49, 49, 49, 49, 49, 49, 49, 49, 49, 49, 49, 47, 47, 46, 46, 46, 46, 46, 46, 46, 46, 46, 46, 46, 46, 42, 42, 42, 42, 42, 42, 42, 42, 42, 42, 42, 42, 40, 40, 40, 40, 40, 40, 40, 40, 40, 40, 40, 40, 40, 40, 40, 40, 40, 40, 40, 40, 40, 40, 40, 40, 40, 40, 39, 39, 39, 39, 39, 39, 39, 39, 39, 39, 39, 37, 37, 37, 37, 37, 37, 37, 37, 37, 37, 37, 37, 35, 35, 31, 31, 31, 31, 31, 31, 31, 31, 31, 31, 31, 31, 31, 31, 31, 31, 29, 27, 27, 27, 27, 27, 27, 27, 27, 27, 27, 27, 27, 27, 24, 24, 24, 24, 24, 24, 24, 24, 24, 24, 24, 24, 23, 22, 22, 22, 22, 22, 22, 22, 22, 22, 22, 22, 22, 22, 22, 22, 22, 22, 22, 22, 22, 22, 19, 19, 18, 18, 18, 18, 18, 18, 18, 18, 18, 18, 18, 18, 18, 18, 18, 18, 18, 18, 18, 16, 16, 16, 16, 15, 13, 13, 13, 13, 13, 13, 13, 13, 13, 13, 13, 13, 13, 13, 13, 13, 13, 10, 10, 10, 10, 10, 10, 10, 10, 7, 6, 6, 6, 6, 6, 6, 6, 6, 4, 4, 4, 4, 4, 4, 4, 4, 4, 4, 4, 4, 4, 4, 4, 4, 4, 4, 3, 2, 2, 2, 2, 2, 2, 2, 2, 2, 2, 2, 1, 1]
job wait time: size-75, 	mean-1726.5, 	min-2.25, 	max-3412.36, 	percentile50-1912.41, 	percentile90-3059.18, 	percentile95-3179.41
job complete time(JCT): size-75, 	mean-2011.67, 	min-133.91, 	max-3740.77, 	percentile50-2064.31, 	percentile90-3356.75, 	percentile95-3488.55


****************************************************SRSF***********************************************************
    ^^^^    ^^^^    ^^^^    ^^^^    ^^^^    ^^^^    parameters in experiment    ^^^^    ^^^^    ^^^^    ^^^^    ^^^^    ^^^^    
master_is_2080:True, single_node_mode:True
weave state:True, 	MPS:True, 	Sync:True
overshared_factor:1, 	max_cross:1, 	max_gpu_cross:1
single_job_max_plan_cpu:500, 	single_job_max_plan_mem:10240, 	single_job_max_plan_gpu:400
clock_time_factor:10000, 	job_time_factor:1, 	job_ddl_factor:1
model_name_list:['AlexNet', 'VGG16', 'ResNet18', 'ResNet50', 'MobileNetv2']
batch_size_list:[64, 128], 	epoch_list:[]
schedule_interval:10
ali_trace_file_name:ali_trace_job_info.csv
analyze_file_name:Analyzer-NVIDIA_GeForce_RTX_2080-tim_12_19_16_38_14.csv
    ^^^^    ^^^^    ^^^^    ^^^^    ^^^^    time info in following    ^^^^    ^^^^    ^^^^    ^^^^    ^^^^    
all job num:75, 	succeed job num:75, 	failed job num:0
makespan:4266.414625644684
queue length[3, 0, 0, 2, 2, 2, 3, 3, 7, 7, 8, 8, 9, 11, 13, 16, 16, 17, 19, 21, 24, 27, 28, 28, 29, 29, 31, 37, 41, 41, 43, 46, 48, 49, 52, 54, 56, 57, 60, 59, 62, 65, 65, 65, 65, 65, 65, 65, 65, 65, 65, 65, 65, 65, 65, 65, 65, 65, 65, 65, 65, 65, 65, 63, 63, 63, 63, 63, 63, 63, 63, 63, 63, 63, 63, 63, 63, 63, 63, 63, 63, 63, 63, 63, 63, 63, 63, 63, 63, 63, 63, 63, 63, 63, 63, 59, 59, 57, 57, 57, 57, 57, 57, 57, 57, 57, 57, 57, 57, 57, 57, 57, 57, 57, 57, 57, 57, 57, 54, 54, 54, 52, 52, 52, 52, 52, 52, 52, 52, 52, 52, 52, 52, 51, 51, 51, 51, 51, 51, 51, 51, 51, 51, 51, 51, 51, 50, 50, 50, 48, 48, 48, 48, 48, 47, 47, 47, 47, 47, 47, 47, 47, 47, 47, 47, 47, 47, 47, 47, 47, 47, 47, 47, 47, 47, 47, 47, 47, 47, 45, 43, 43, 43, 43, 43, 43, 43, 42, 42, 42, 42, 42, 42, 42, 42, 42, 42, 42, 42, 41, 39, 39, 39, 39, 39, 39, 39, 39, 39, 39, 39, 38, 38, 38, 38, 37, 37, 37, 37, 37, 37, 37, 37, 37, 37, 37, 37, 37, 37, 37, 35, 35, 35, 35, 35, 35, 35, 35, 35, 35, 35, 35, 35, 31, 31, 31, 31, 29, 29, 29, 29, 29, 29, 29, 27, 27, 25, 25, 25, 25, 23, 23, 23, 23, 23, 23, 23, 23, 22, 22, 22, 22, 22, 22, 22, 22, 22, 20, 18, 18, 18, 18, 18, 18, 18, 18, 18, 18, 17, 16, 16, 16, 16, 16, 16, 16, 16, 16, 16, 16, 16, 16, 16, 16, 16, 16, 14, 14, 14, 14, 14, 14, 13, 13, 13, 13, 13, 13, 12, 12, 12, 12, 12, 11, 11, 11, 11, 11, 11, 11, 11, 11, 11, 11, 11, 11, 11, 11, 11, 9, 8, 8, 8, 8, 8, 8, 8, 8, 8, 7, 7, 7, 7, 6, 6, 6, 6, 4, 4, 4, 4, 3, 3, 3, 2, 2, 2, 2, 2, 2, 2, 1, 1, 1, 1, 1, 1, 1, 1, 1, 1, 1, 1, 1, 1, 1, 1]
job wait time: size-75, 	mean-1778.49, 	min-2.24, 	max-3487.09, 	percentile50-1967.01, 	percentile90-3118.46, 	percentile95-3219.99
job complete time(JCT): size-75, 	mean-2060.09, 	min-151.76, 	max-3884.0, 	percentile50-2243.74, 	percentile90-3287.77, 	percentile95-3585.03


